NA NA NA NA NA NA NA NA NA NA NA NA NA NA NA NA NA NA NA NA NA NA NA NA NA NA NA NA NA NA NA NA NA NA NA NA NA NA NA NA NA NA NA NA NA NA NA NA NA NA NA NA NA NA NA NA NA NA NA NA NA NA NA NA NA NA NA NA NA NA NA NA NA NA NA NA NA NA NA NA NA NA NA NA NA NA NA NA NA NA NA NA NA NA NA NA NA NA NA NA NA 100 NA NA NA NA NA NA NA NA NA NA NA NA NA NA NA NA NA NA NA NA NA NA NA NA NA NA NA NA NA NA NA NA NA NA NA NA NA NA NA NA NA NA NA NA NA NA NA NA NA NA NA NA NA NA NA NA NA NA NA NA NA NA NA NA NA NA NA NA NA NA NA NA NA NA NA NA NA NA NA NA NA NA NA NA NA NA NA NA NA NA NA NA NA NA NA NA NA NA NA NA NA NA NA NA NA NA NA NA NA NA NA NA NA NA NA NA NA NA NA NA NA NA NA NA NA NA NA NA NA NA NA NA NA NA NA NA NA NA NA NA NA NA NA NA NA NA NA NA NA NA NA NA NA NA NA NA NA NA NA NA NA NA NA NA NA NA NA NA NA NA NA NA NA NA NA NA NA NA NA NA NA NA NA NA NA NA NA NA NA NA NA NA NA NA NA NA NA NA NA NA NA NA NA NA NA NA NA NA NA NA NA NA NA NA NA NA NA NA NA NA NA NA NA NA NA NA NA NA NA NA NA NA NA NA NA NA NA NA NA NA NA NA NA NA NA NA NA NA NA NA NA NA NA NA NA NA NA NA NA NA NA NA NA NA NA NA NA NA NA NA NA NA NA NA NA NA NA NA NA NA NA NA NA NA NA NA NA NA NA NA NA NA NA NA NA NA NA NA NA NA NA NA NA NA NA NA NA NA NA NA NA NA NA NA NA NA NA NA NA NA NA NA NA NA NA NA NA NA NA NA NA NA NA NA NA NA NA NA NA NA NA NA NA NA NA NA NA NA NA NA NA NA NA NA NA NA NA NA NA NA NA NA NA NA NA NA NA NA NA NA NA NA NA NA NA NA NA NA NA NA NA NA NA NA NA NA NA NA NA NA NA NA NA NA NA NA NA NA NA NA NA
NA NA NA NA NA NA NA NA NA NA NA NA NA NA NA NA NA NA NA NA NA NA NA NA NA NA NA NA NA NA NA NA NA NA NA NA NA NA NA NA NA NA NA NA NA NA NA NA NA NA NA NA NA NA NA NA NA NA NA NA NA NA NA NA NA NA NA NA NA NA NA NA NA NA NA NA NA NA NA NA NA NA NA NA NA NA NA NA NA NA NA NA NA NA NA NA NA NA NA NA 100 100 100 100 101 101 101 NA NA NA NA NA NA NA NA NA NA NA NA NA NA NA NA NA NA NA NA NA NA NA NA NA NA NA NA NA NA NA NA NA NA NA NA NA NA NA NA NA NA NA NA NA NA NA NA NA NA NA NA NA NA NA NA NA NA NA NA NA NA NA NA NA NA NA NA NA NA NA NA NA NA NA NA NA NA NA NA NA NA NA NA NA NA NA NA NA NA NA NA NA NA NA NA NA NA NA NA NA NA NA NA NA NA NA NA NA NA NA NA NA NA NA NA NA NA NA NA NA NA NA NA NA NA NA NA NA NA NA NA NA NA NA NA NA NA NA NA NA NA NA NA NA NA NA NA NA NA NA NA NA NA NA NA NA NA NA NA NA NA NA NA NA NA NA NA NA NA NA NA NA NA NA NA NA NA NA NA NA NA NA NA NA NA NA NA NA NA NA NA NA NA NA NA NA NA NA NA NA NA NA NA NA NA NA NA NA NA NA NA NA NA NA NA NA NA NA NA NA NA NA NA NA NA NA NA NA NA NA NA NA NA NA NA NA NA NA NA NA NA NA NA NA NA NA NA NA NA NA NA NA NA NA NA NA NA NA NA NA NA NA NA NA NA NA NA NA NA NA NA NA NA NA NA NA NA NA NA NA NA NA NA NA NA NA NA NA NA NA NA NA NA NA NA NA NA NA NA NA NA NA NA NA NA NA NA NA NA NA NA NA NA NA NA NA NA NA NA NA NA NA NA NA NA NA NA NA NA NA NA NA NA NA NA NA NA NA NA NA NA NA NA NA NA NA NA NA NA NA NA NA NA NA NA NA NA NA NA NA NA NA NA NA NA NA NA NA NA NA NA NA NA NA NA NA NA NA NA NA NA NA NA NA NA NA NA NA NA NA NA NA NA NA NA
NA NA NA NA NA NA NA NA NA NA NA NA NA NA NA NA NA NA NA NA NA NA NA NA NA NA NA NA NA NA NA NA NA NA NA NA NA NA NA NA NA NA NA NA NA NA NA NA NA NA NA NA NA NA NA NA NA NA NA NA NA NA NA NA NA NA NA NA NA NA NA NA NA NA NA NA NA NA NA NA NA NA NA NA NA NA NA NA NA NA 98 99 98 99 99 99 99 NA 99 100 100 100 100 100 100 101 101 101 NA NA NA NA NA NA NA NA NA NA NA NA NA NA NA NA NA NA NA NA NA NA NA NA NA 105 106 106 106 106 106 106 107 107 107 107 107 NA NA NA NA NA NA NA NA 109 NA NA NA NA NA NA NA NA NA NA NA NA NA NA NA NA NA NA NA NA NA NA NA NA NA NA NA NA NA NA NA NA NA NA NA NA NA NA NA NA NA NA NA NA NA NA NA NA NA NA NA NA NA NA NA NA NA NA NA NA NA NA NA NA NA NA NA NA NA NA NA NA NA NA NA NA NA NA NA NA NA NA NA NA NA NA NA NA NA NA NA NA NA NA NA NA NA NA NA NA NA NA NA NA NA NA NA NA NA NA NA NA NA NA NA NA NA NA NA NA NA NA NA NA NA NA NA NA NA NA NA NA NA NA NA NA NA NA NA NA NA NA NA NA NA NA NA NA NA NA NA NA NA NA NA NA NA NA NA NA NA NA NA NA NA NA NA NA NA NA NA NA NA NA NA NA NA NA NA NA NA NA NA NA NA NA NA NA NA NA NA NA NA NA NA NA NA NA NA NA NA NA NA NA NA NA NA NA NA NA NA NA NA NA NA NA NA NA NA NA NA NA NA NA NA NA NA NA NA NA NA NA NA NA NA NA NA NA NA NA NA NA NA NA NA NA NA NA NA NA NA NA NA NA NA NA NA NA NA NA NA NA NA NA NA NA NA NA NA NA NA NA NA NA NA NA NA NA NA NA NA NA NA NA NA NA NA NA NA NA NA NA NA NA NA NA NA NA NA NA NA NA NA NA NA NA NA NA NA NA NA NA NA NA NA NA NA NA NA NA NA NA NA NA NA NA NA NA NA NA NA NA NA NA NA NA NA NA NA NA NA NA NA NA NA NA NA NA NA
NA NA NA NA NA NA NA NA NA NA NA NA NA NA NA NA NA NA NA NA NA NA NA NA NA NA NA NA NA NA NA NA NA NA NA NA NA NA NA NA NA NA NA NA NA NA NA NA NA NA NA NA NA NA NA NA NA NA NA NA NA NA NA NA NA NA NA NA NA NA NA NA NA NA NA NA NA NA NA NA NA NA NA NA NA NA NA NA 98 98 98 98 98 98 99 99 99 99 99 100 100 100 100 100 100 101 101 101 101 101 101 NA NA NA NA NA NA NA NA NA NA NA NA NA NA NA NA NA NA NA NA 105 105 105 106 106 106 106 106 106 106 107 107 107 107 NA NA NA NA NA NA NA 109 109 109 NA NA NA NA NA NA NA NA NA NA NA NA NA NA NA NA NA NA NA NA NA NA NA NA NA NA NA NA NA NA NA NA NA NA NA NA NA NA NA NA NA NA NA NA NA NA NA NA NA NA NA NA NA NA NA NA NA NA NA NA NA NA NA NA NA NA NA NA NA NA NA NA NA NA NA NA NA NA NA NA NA NA NA NA NA NA NA NA NA NA NA NA NA NA NA NA NA NA NA NA NA NA NA NA NA NA NA NA NA NA NA NA NA NA NA NA NA NA NA NA NA NA NA NA NA NA NA NA NA NA NA NA NA NA NA NA NA NA NA NA NA NA NA NA NA NA NA NA NA NA NA NA NA NA NA NA NA NA NA NA NA NA NA NA NA NA NA NA NA NA NA NA NA NA NA NA NA NA NA NA NA NA NA NA NA NA NA NA NA NA NA NA NA NA NA NA NA NA NA NA NA NA NA NA NA NA NA NA NA NA NA NA NA NA NA NA NA NA NA NA NA NA NA NA NA NA NA NA NA NA NA NA NA NA NA NA NA NA NA NA NA NA NA NA NA NA NA NA NA NA NA NA NA NA NA NA NA NA NA NA NA NA NA NA NA NA NA NA NA NA NA NA NA NA NA NA NA NA NA NA NA NA NA NA NA NA NA NA NA NA NA NA NA NA NA NA NA NA NA NA NA NA NA NA NA NA NA NA NA NA NA NA NA NA NA NA NA NA NA NA NA NA NA NA NA NA NA NA NA NA NA NA NA NA NA NA NA NA NA NA NA NA NA NA NA NA NA NA
NA NA NA NA NA NA NA NA NA NA NA NA NA NA NA NA NA NA NA NA NA NA NA NA NA NA NA NA NA NA NA NA NA NA NA NA NA NA NA NA NA NA NA NA NA NA NA NA NA NA NA NA NA NA NA NA NA NA NA NA NA NA NA NA NA NA NA NA NA NA NA NA NA NA NA NA NA NA NA NA NA NA NA NA NA NA NA 98 98 98 98 98 98 98 99 99 99 99 99 99 100 100 100 100 100 100 101 101 101 101 101 101 NA NA NA NA NA NA NA NA NA NA NA NA NA NA NA NA 104 105 105 105 105 105 105 106 106 106 106 106 106 107 107 107 107 NA NA NA NA NA NA 108 108 109 109 109 109 NA NA NA NA NA NA 110 110 NA NA NA NA NA NA NA NA NA NA NA NA NA NA NA NA NA NA NA NA NA NA NA NA NA NA NA NA NA NA NA NA NA NA NA NA NA NA NA NA NA NA NA NA NA NA NA NA NA NA NA NA NA NA NA NA NA NA NA NA NA NA NA NA NA NA NA NA NA NA NA NA NA NA NA NA NA NA NA NA NA NA NA NA NA NA NA NA NA NA NA NA NA NA NA NA NA NA NA NA NA NA NA NA NA NA NA NA NA NA NA NA NA NA NA NA NA NA NA NA NA NA NA NA NA NA NA NA NA NA NA NA NA NA NA NA NA NA NA NA NA NA NA NA NA NA NA NA NA NA NA NA NA NA NA NA NA NA NA NA NA NA NA NA NA NA NA NA NA NA NA NA NA NA NA NA NA NA NA NA NA NA NA NA NA NA NA NA NA NA NA NA NA NA NA NA NA NA NA NA NA NA NA NA NA NA NA NA NA NA NA NA NA NA NA NA NA NA NA NA NA NA NA NA NA NA NA NA NA NA NA NA NA NA NA NA NA NA NA NA NA NA NA NA NA NA NA NA NA NA NA NA NA NA NA NA NA NA NA NA NA NA NA NA NA NA NA NA NA NA NA NA NA NA NA NA NA NA NA NA NA NA NA NA NA NA NA NA NA NA NA NA NA NA NA NA NA NA NA NA NA NA NA NA NA NA NA NA NA NA NA NA NA NA NA NA NA NA NA NA NA NA NA NA NA NA NA NA NA NA NA NA NA NA NA NA NA NA
NA NA NA NA NA NA NA NA NA NA NA NA NA NA NA NA NA NA NA NA NA NA NA NA NA NA NA NA NA NA NA NA NA NA NA NA NA NA NA NA NA NA NA NA NA NA NA NA NA NA NA NA NA NA NA NA NA NA NA NA NA NA NA NA NA NA NA NA NA NA NA NA NA NA NA NA NA NA NA NA NA NA NA 97 97 97 97 98 98 98 98 98 98 98 98 99 99 99 99 99 99 100 100 100 100 100 100 101 101 101 101 101 102 102 NA NA NA NA NA NA NA NA NA NA 104 104 104 104 104 104 105 105 105 105 105 105 106 106 106 106 106 107 107 107 107 107 NA NA 108 108 108 108 108 109 109 109 109 109 NA NA 110 110 110 110 110 111 111 NA NA NA NA NA NA NA NA NA NA NA NA NA NA NA NA NA NA NA NA NA NA NA NA NA NA NA NA NA NA NA NA NA NA NA NA NA NA NA NA NA NA NA NA NA NA NA NA NA NA NA NA NA NA NA NA NA NA NA NA NA NA NA NA NA NA NA NA NA NA NA NA NA NA NA NA NA NA NA NA NA NA NA NA NA NA NA NA NA NA NA NA NA NA NA NA NA NA NA NA NA NA NA NA NA NA NA NA NA NA NA NA NA NA NA NA NA NA NA NA NA NA NA NA NA NA NA NA NA NA NA NA NA NA NA NA NA NA NA NA NA NA NA NA NA NA NA NA NA NA NA NA NA NA NA NA NA NA NA NA NA NA NA NA NA NA NA NA NA NA NA NA NA NA NA NA NA NA NA NA NA NA NA NA NA NA NA NA NA NA NA NA NA NA NA NA NA NA NA NA NA NA NA NA NA NA NA NA NA NA NA NA NA NA NA NA NA NA NA NA NA NA NA NA NA NA NA NA NA NA NA NA NA NA NA NA NA NA NA NA NA NA NA NA NA NA NA NA NA NA NA NA NA NA NA NA NA NA NA NA NA NA NA NA NA NA NA NA NA NA NA NA NA NA NA NA NA NA NA NA NA NA NA NA NA NA NA NA NA NA NA NA NA NA NA NA NA NA NA NA NA NA NA NA NA NA NA NA NA NA NA NA NA NA NA NA NA NA NA NA NA NA NA NA NA NA NA NA NA NA NA NA NA NA NA NA
NA NA NA NA NA NA NA NA NA NA NA NA NA NA NA NA NA NA NA NA NA NA NA NA NA NA NA NA NA NA NA NA NA NA NA NA NA NA NA NA NA NA NA NA NA NA NA NA NA NA NA NA NA NA NA NA NA NA NA NA NA NA NA NA NA NA NA NA NA NA NA NA NA NA NA NA NA NA NA NA NA NA NA 97 97 97 97 97 98 98 98 98 98 98 98 98 99 99 99 99 99 100 100 100 100 100 100 101 101 101 101 101 101 102 102 102 102 102 NA NA NA NA 103 103 104 104 104 104 104 104 104 105 105 105 105 105 106 106 106 106 106 106 107 107 107 107 107 107 108 108 108 108 108 108 109 109 109 109 109 109 110 110 110 110 110 110 111 NA NA NA NA NA NA NA NA NA NA NA NA NA NA NA NA NA NA NA NA NA NA NA NA NA NA NA NA NA NA NA NA NA NA NA NA NA NA NA NA NA NA NA NA NA NA NA NA NA NA NA NA NA NA NA NA NA NA NA NA NA NA NA NA NA NA NA NA NA NA NA NA NA NA NA NA NA NA NA NA NA NA NA NA NA NA NA NA NA NA NA NA NA NA NA NA NA NA NA NA NA NA NA NA NA NA NA NA NA NA NA NA NA NA NA NA NA NA NA NA NA NA NA NA NA NA NA NA NA NA NA NA NA NA NA NA NA NA NA NA NA NA NA NA NA NA NA NA NA NA NA NA NA NA NA NA NA NA NA NA NA NA NA NA NA NA NA NA NA NA NA NA NA NA NA NA NA NA NA NA NA NA NA NA NA NA NA NA NA NA NA NA NA NA NA NA NA NA NA NA NA NA NA NA NA NA NA NA NA NA NA NA NA NA NA NA NA NA NA NA NA NA NA NA NA NA NA NA NA NA NA NA NA NA NA NA NA NA NA NA NA NA NA NA NA NA NA NA NA NA NA NA NA NA NA NA NA NA NA NA NA NA NA NA NA NA NA NA NA NA NA NA NA NA NA NA NA NA NA NA NA NA NA NA NA NA NA NA NA NA NA NA NA NA NA NA NA NA NA NA NA NA NA NA NA NA NA NA NA NA NA NA NA NA NA NA NA NA NA NA NA NA NA NA NA NA NA NA NA NA NA NA NA NA NA NA
NA NA NA NA NA NA NA NA NA NA NA NA NA NA NA NA NA NA NA NA NA NA NA NA NA NA NA NA NA NA NA NA NA NA NA NA NA NA NA NA NA NA NA NA NA NA NA NA NA NA NA NA NA NA NA NA NA NA NA NA NA NA NA NA NA NA NA NA NA NA NA NA NA NA NA NA NA NA NA NA NA NA NA NA 97 97 97 97 97 98 98 98 98 98 98 98 99 99 99 99 99 99 100 100 100 100 100 100 101 101 101 101 101 102 102 102 102 102 102 103 103 103 103 103 103 104 104 104 104 104 104 105 105 105 105 105 106 106 106 106 106 106 107 107 107 107 107 107 108 108 108 108 108 108 109 109 109 109 109 109 110 110 110 110 110 110 111 111 111 111 NA NA NA NA NA NA NA NA NA NA NA NA NA NA NA NA NA NA NA NA NA NA NA NA NA NA NA NA NA NA NA NA NA NA NA NA NA NA NA NA NA NA NA NA NA NA NA NA NA NA NA NA NA NA NA NA NA NA NA NA NA NA NA NA NA NA NA NA NA NA NA NA NA NA NA NA NA NA NA NA NA NA NA NA NA NA NA NA NA NA NA NA NA NA NA NA NA NA NA NA NA NA NA NA NA NA NA NA NA NA NA NA NA NA NA NA NA NA NA NA NA NA NA NA NA NA NA NA NA NA NA NA NA NA NA NA NA NA NA NA NA NA NA NA NA NA NA NA NA NA NA NA NA NA NA NA NA NA NA NA NA NA NA NA NA NA NA NA NA NA NA NA NA NA NA NA NA NA NA NA NA NA NA NA NA NA NA NA NA NA NA NA NA NA NA NA NA NA NA NA NA NA NA NA NA NA NA NA NA NA NA NA NA NA NA NA NA NA NA NA NA NA NA NA NA NA NA NA NA NA NA NA NA NA NA NA NA NA NA NA NA NA NA NA NA NA NA NA NA NA NA NA NA NA NA NA NA NA NA NA NA NA NA NA NA NA NA NA NA NA NA NA NA NA NA NA NA NA NA NA NA NA NA NA NA NA NA NA NA NA NA NA NA NA NA NA NA NA NA NA NA NA NA NA NA NA NA NA NA NA NA NA NA NA NA NA NA NA NA NA NA NA NA NA NA NA NA NA NA NA NA NA NA
NA NA NA NA NA NA NA NA NA NA NA NA NA NA NA NA NA NA NA NA NA NA NA NA NA NA NA NA NA NA NA NA NA NA NA NA NA NA NA NA NA NA NA NA NA NA NA NA NA NA NA NA NA NA NA NA NA NA NA NA NA NA NA NA NA NA NA NA NA NA NA NA NA NA NA NA NA NA NA NA NA NA NA NA NA 97 97 97 97 98 98 98 98 98 98 98 98 99 99 99 99 99 99 100 100 100 100 100 101 101 101 101 101 101 102 102 102 102 102 102 103 103 103 103 103 103 104 104 104 104 104 105 105 105 105 105 105 106 106 106 106 106 106 107 107 107 107 107 108 108 108 108 108 108 108 109 109 109 109 109 109 110 110 110 110 110 110 111 111 111 111 111 NA NA NA NA NA NA NA NA NA NA NA NA NA NA NA NA NA NA NA NA NA NA NA NA NA NA NA NA NA NA NA NA NA NA NA NA NA NA NA NA NA NA NA NA NA NA NA NA NA NA NA NA NA NA NA NA NA NA NA NA NA NA NA NA NA NA NA NA NA NA NA NA NA NA NA NA NA NA NA NA NA NA NA NA NA NA NA NA NA NA NA NA NA NA NA NA NA NA NA NA NA NA NA NA NA NA NA NA NA NA NA NA NA NA NA NA NA NA NA NA NA NA NA NA NA NA NA NA NA NA NA NA NA NA NA NA NA NA NA NA NA NA NA NA NA NA NA NA NA NA NA NA NA NA NA NA NA NA NA NA NA NA NA NA NA NA NA NA NA NA NA NA NA NA NA NA NA NA NA NA NA NA NA NA NA NA NA NA NA NA NA NA NA NA NA NA NA NA NA NA NA NA NA NA NA NA NA NA NA NA NA NA NA NA NA NA NA NA NA NA NA NA NA NA NA NA NA NA NA NA NA NA NA NA NA NA NA NA NA NA NA NA NA NA NA NA NA NA NA NA NA NA NA NA NA NA NA NA NA NA NA NA NA NA NA NA NA NA NA NA NA NA NA NA NA NA NA NA NA NA NA NA NA NA NA NA NA NA NA NA NA NA NA NA NA NA NA NA NA NA NA NA NA NA NA NA NA NA NA NA NA NA NA NA NA NA NA NA NA NA NA NA NA NA NA NA NA NA NA NA NA
NA NA NA NA NA NA NA NA NA NA NA NA NA NA NA NA NA NA NA NA NA NA NA NA NA NA NA NA NA NA NA NA NA NA NA NA NA NA NA NA NA NA NA NA NA NA NA NA NA NA NA NA NA NA NA NA NA NA NA NA NA NA NA NA NA NA NA NA NA NA NA NA NA NA NA NA NA NA NA NA NA NA NA 96 97 97 97 97 97 97 98 98 98 98 98 98 98 99 99 99 99 99 99 100 100 100 100 100 100 101 101 101 101 101 101 102 102 102 102 102 103 103 103 103 103 103 104 104 104 104 104 104 105 105 105 105 105 106 106 106 106 106 106 107 107 107 107 107 107 108 108 108 108 108 108 109 109 109 109 109 109 110 110 110 110 110 110 111 111 111 111 111 111 112 112 NA NA NA NA NA NA NA NA NA NA NA NA NA NA NA NA NA NA NA NA NA NA NA NA NA NA NA NA NA NA NA NA NA NA NA NA NA NA NA NA NA NA NA NA NA NA NA NA NA NA NA NA NA NA NA NA NA NA NA NA NA NA NA NA NA NA NA NA NA NA NA NA NA NA NA NA NA NA NA NA NA NA NA NA NA NA NA NA NA NA NA NA NA NA NA NA NA NA NA NA NA NA NA NA NA NA NA NA NA NA NA NA NA NA NA NA NA NA NA NA NA NA NA NA NA NA NA NA NA NA NA NA NA NA NA NA NA NA NA NA NA NA NA NA NA NA NA NA NA NA NA NA NA NA NA NA NA NA NA NA NA NA NA NA NA NA NA NA NA NA NA NA NA NA NA NA NA NA NA NA NA NA NA NA NA NA NA NA NA NA NA NA NA NA NA NA NA NA NA NA NA NA NA NA NA NA NA NA NA NA NA NA NA NA NA NA NA NA NA NA NA NA NA NA NA NA NA NA NA NA NA NA NA NA NA NA NA NA NA NA NA NA NA NA NA NA NA NA NA NA NA NA NA NA NA NA NA NA NA NA NA NA NA NA NA NA NA NA NA NA NA NA NA NA NA NA NA NA NA NA NA NA NA NA NA NA NA NA NA NA NA NA NA NA NA NA NA NA NA NA NA NA NA NA NA NA NA NA NA NA NA NA NA NA NA NA NA NA NA NA NA NA NA NA NA NA NA NA
NA NA NA NA NA NA NA NA NA NA NA NA NA NA NA NA NA NA NA NA NA NA NA NA NA NA NA NA NA NA NA NA NA NA NA NA NA NA NA NA NA NA NA NA NA NA NA NA NA NA NA NA NA NA NA NA NA NA NA NA NA NA NA NA NA NA NA NA NA NA NA NA NA NA NA NA NA NA NA NA NA 96 96 96 96 97 97 97 97 97 97 98 98 98 98 98 98 98 99 99 99 99 99 99 100 100 100 100 100 101 101 101 101 101 101 101 102 102 102 102 102 103 103 103 103 103 103 104 104 104 104 104 105 105 105 105 105 105 106 106 106 106 106 106 107 107 107 107 107 108 108 108 108 108 108 109 109 109 109 109 109 109 110 110 110 110 110 110 111 111 111 111 111 111 NA NA NA NA NA NA NA NA NA NA NA NA NA NA NA NA NA NA NA NA NA NA NA NA NA NA NA NA NA NA NA NA NA NA NA NA NA NA NA NA NA NA NA NA NA NA NA NA NA NA NA NA NA NA NA NA NA NA NA NA NA NA NA NA NA NA NA NA NA NA NA NA NA NA NA NA NA NA NA NA NA NA NA NA NA NA NA NA NA NA NA NA NA NA NA NA NA NA NA NA NA NA NA NA NA NA NA NA NA NA NA NA NA NA NA NA NA NA NA NA NA NA NA NA NA NA NA NA NA NA NA NA NA NA NA NA NA NA NA NA NA NA NA NA NA NA NA NA NA NA NA NA NA NA NA NA NA NA NA NA NA NA NA NA NA NA NA NA NA NA NA NA NA NA NA NA NA NA NA NA NA NA NA NA NA NA NA NA NA NA NA NA NA NA NA NA NA NA NA NA NA NA NA NA NA NA NA NA NA NA NA NA NA NA NA NA NA NA NA NA NA NA NA NA NA NA NA NA NA NA NA NA NA NA NA NA NA NA NA NA NA NA NA NA NA NA NA NA NA NA NA NA NA NA NA NA NA NA NA NA NA NA NA NA NA NA NA NA NA NA NA NA NA NA NA NA NA NA NA NA NA NA NA NA NA NA NA NA NA NA NA NA NA NA NA NA NA NA NA NA NA NA NA NA NA NA NA NA NA NA NA NA NA NA NA NA NA NA NA NA NA NA NA NA NA NA NA NA NA
NA NA NA NA NA NA NA NA NA NA NA NA NA NA NA NA NA NA NA NA NA NA NA NA NA NA NA NA NA NA NA NA NA NA NA NA NA NA NA NA NA NA NA NA NA NA NA NA NA NA NA NA NA NA NA NA NA NA NA NA NA NA NA NA NA NA NA NA NA NA NA NA NA NA NA NA NA NA 95 95 96 96 96 96 96 97 97 97 97 97 97 98 97 98 98 98 98 98 98 99 99 99 99 99 100 100 100 100 100 100 101 101 101 101 101 101 102 102 102 102 102 103 103 103 103 103 103 104 104 104 104 104 104 105 105 105 105 105 106 106 106 106 106 106 107 107 107 107 107 107 108 108 108 108 108 108 109 109 109 109 109 109 110 110 110 110 110 110 111 111 111 111 111 111 112 112 NA NA NA NA NA NA NA NA NA NA NA NA NA NA NA NA NA NA NA NA NA NA NA NA NA NA NA NA NA NA NA NA NA NA NA NA NA NA NA NA NA NA NA NA NA NA NA NA NA NA NA NA NA NA NA NA NA NA NA NA NA NA NA NA NA NA NA NA NA NA NA NA NA NA NA NA NA NA NA NA NA NA NA NA NA NA NA NA NA NA NA NA NA NA NA NA NA NA NA NA NA NA NA NA NA NA NA NA NA NA NA NA NA NA NA NA NA NA NA NA NA NA NA NA NA NA NA NA NA NA NA NA NA NA NA NA NA NA NA NA NA NA NA NA NA NA NA NA NA NA NA NA NA NA NA NA NA NA NA NA NA NA NA NA NA NA NA NA NA NA NA NA NA NA NA NA NA NA NA NA NA NA NA NA NA NA NA NA NA NA NA NA NA NA NA NA NA NA NA NA NA NA NA NA NA NA NA NA NA NA NA NA NA NA NA NA NA NA NA NA NA NA NA NA NA NA NA NA NA NA NA NA NA NA NA NA NA NA NA NA NA NA NA NA NA NA NA NA NA NA NA NA NA NA NA NA NA NA NA NA NA NA NA NA NA NA NA NA NA NA NA NA NA NA NA NA NA NA NA NA NA NA NA NA NA NA NA NA NA NA NA NA NA NA NA NA NA NA NA NA NA NA NA NA NA NA NA NA NA NA NA NA NA NA NA NA NA NA NA NA NA NA NA NA NA NA NA
NA NA NA NA NA NA NA NA NA NA NA NA NA NA NA NA NA NA NA NA NA NA NA NA NA NA NA NA NA NA NA NA NA NA NA NA NA NA NA NA NA NA NA NA NA NA NA NA NA NA NA NA NA NA NA NA NA NA NA NA NA NA NA NA NA NA NA NA NA NA NA NA NA NA NA NA NA NA 95 95 96 96 96 96 96 96 97 97 97 97 97 97 97 98 98 98 98 98 98 99 99 99 99 99 99 100 100 100 100 100 100 101 101 101 101 101 102 102 102 102 102 102 103 103 103 103 103 103 104 104 104 104 104 105 105 105 105 105 105 106 106 106 106 106 106 107 107 107 107 107 107 108 108 108 108 108 109 109 109 109 109 109 110 110 110 110 110 110 110 111 111 111 111 111 111 112 112 112 NA NA NA NA NA NA NA NA NA NA NA NA NA NA NA NA NA NA NA NA NA NA NA NA NA NA NA NA NA NA NA NA NA NA NA NA NA NA NA NA NA NA NA NA NA NA NA NA NA NA NA NA NA NA NA NA NA NA NA NA NA NA NA NA NA NA NA NA NA NA NA NA NA NA NA NA NA NA NA NA NA NA NA NA NA NA NA NA NA NA NA NA NA NA NA NA NA NA NA NA NA NA NA NA NA NA NA NA NA NA NA NA NA NA NA NA NA NA NA NA NA NA NA NA NA NA NA NA NA NA NA NA NA NA NA NA NA NA NA NA NA NA NA NA NA NA NA NA NA NA NA NA NA NA NA NA NA NA NA NA NA NA NA NA NA NA NA NA NA NA NA NA NA NA NA NA NA NA NA NA NA NA NA NA NA NA NA NA NA NA NA NA NA NA NA NA NA NA NA NA NA NA NA NA NA NA NA NA NA NA NA NA NA NA NA NA NA NA NA NA NA NA NA NA NA NA NA NA NA NA NA NA NA NA NA NA NA NA NA NA NA NA NA NA NA NA NA NA NA NA NA NA NA NA NA NA NA NA NA NA NA NA NA NA NA NA NA NA NA NA NA NA NA NA NA NA NA NA NA NA NA NA NA NA NA NA NA NA NA NA NA NA NA NA NA NA NA NA NA NA NA NA NA NA NA NA NA NA NA NA NA NA NA NA NA NA NA NA NA NA NA NA NA NA NA
NA NA NA NA NA NA NA NA NA NA NA NA NA NA NA NA NA NA NA NA NA NA NA NA NA NA NA NA NA NA NA NA NA NA NA NA NA NA NA NA NA NA NA NA NA NA NA NA NA NA NA NA NA NA NA NA NA NA NA NA NA NA NA NA NA NA NA NA NA NA NA NA NA NA NA NA NA 95 95 95 95 95 96 96 96 96 96 97 97 97 97 97 97 97 98 98 98 98 98 98 99 99 99 99 99 99 100 100 100 100 100 101 101 101 101 101 101 102 102 102 102 102 103 103 103 103 103 103 104 104 104 104 104 104 105 105 105 105 105 106 106 106 106 106 106 107 107 107 107 107 107 108 108 108 108 108 108 109 109 109 109 109 109 110 110 110 110 110 110 111 111 111 111 111 111 112 112 112 112 NA NA NA NA NA NA NA NA NA NA NA NA NA NA NA NA NA NA NA NA NA NA NA NA NA NA NA NA NA NA NA NA NA NA NA NA NA NA NA NA NA NA NA NA NA NA NA NA NA NA NA NA NA NA NA NA NA NA NA NA NA NA NA NA NA NA NA NA NA NA NA NA NA NA NA NA NA NA NA NA NA NA NA NA NA NA NA NA NA NA NA NA NA NA NA NA NA NA NA NA NA NA NA NA NA NA NA NA NA NA NA NA NA NA NA NA NA NA NA NA NA NA NA NA NA NA NA NA NA NA NA NA NA NA NA NA NA NA NA NA NA NA NA NA NA NA NA NA NA NA NA NA NA NA NA NA NA NA NA NA NA NA NA NA NA NA NA NA NA NA NA NA NA NA NA NA NA NA NA NA NA NA NA NA NA NA NA NA NA NA NA NA NA NA NA NA NA NA NA NA NA NA NA NA NA NA NA NA NA NA NA NA NA NA NA NA NA NA NA NA NA NA NA NA NA NA NA NA NA NA NA NA NA NA NA NA NA NA NA NA NA NA NA NA NA NA NA NA NA NA NA NA NA NA NA NA NA NA NA NA NA NA NA NA NA NA NA NA NA NA NA NA NA NA NA NA NA NA NA NA NA NA NA NA NA NA NA NA NA NA NA NA NA NA NA NA NA NA NA NA NA NA NA NA NA NA NA NA NA NA NA NA NA NA NA NA NA NA NA NA NA NA NA NA
NA NA NA NA NA NA NA NA NA NA NA NA NA NA NA NA NA NA NA NA NA NA NA NA NA NA NA NA NA NA NA NA NA NA NA NA NA NA NA NA NA NA NA NA NA NA NA NA NA NA NA NA NA NA NA NA NA NA NA NA NA NA NA NA NA NA NA NA NA NA NA NA NA NA NA NA 95 95 95 95 95 95 96 96 96 96 96 96 97 97 97 97 97 97 97 98 98 98 98 98 98 99 99 99 99 99 100 100 100 100 100 100 101 101 101 101 101 102 102 102 102 102 102 103 103 103 103 103 103 104 104 104 104 104 105 105 105 105 105 105 106 106 106 106 106 106 107 107 107 107 107 107 108 108 108 108 108 109 109 109 109 109 109 110 110 110 110 110 110 111 111 111 111 111 111 111 112 112 112 NA NA NA NA NA NA NA NA NA NA NA NA NA NA NA NA NA NA NA NA NA NA NA NA NA NA NA NA NA NA NA NA NA NA NA NA NA NA NA NA NA NA NA NA NA NA NA NA NA NA NA NA NA NA NA NA NA NA NA NA NA NA NA NA NA NA NA NA NA NA NA NA NA NA NA NA NA NA NA NA NA NA NA NA NA NA NA NA NA NA NA NA NA NA NA NA NA NA NA NA NA NA NA NA NA NA NA NA NA NA NA NA NA NA NA NA NA NA NA NA NA NA NA NA NA NA NA NA NA NA NA NA NA NA NA NA NA NA NA NA NA NA NA NA NA NA NA NA NA NA NA NA NA NA NA NA NA NA NA NA NA NA NA NA NA NA NA NA NA NA NA NA NA NA NA NA NA NA NA NA NA NA NA NA NA NA NA NA NA NA NA NA NA NA NA NA NA NA NA NA NA NA NA NA NA NA NA NA NA NA NA NA NA NA NA NA NA NA NA NA NA NA NA NA NA NA NA NA NA NA NA NA NA NA NA NA NA NA NA NA NA NA NA NA NA NA NA NA NA NA NA NA NA NA NA NA NA NA NA NA NA NA NA NA NA NA NA NA NA NA NA NA NA NA NA NA NA NA NA NA NA NA NA NA NA NA NA NA NA NA NA NA NA NA NA NA NA NA NA NA NA NA NA NA NA NA NA NA NA NA NA NA NA NA NA NA NA NA NA NA NA NA NA NA
NA NA NA NA NA NA NA NA NA NA NA NA NA NA NA NA NA NA NA NA NA NA NA NA NA NA NA NA NA NA NA NA NA NA NA NA NA NA NA NA NA NA NA NA NA NA NA NA NA NA NA NA NA NA NA NA NA NA NA NA NA NA NA NA NA NA NA NA NA NA NA NA NA NA 94 94 94 95 95 95 95 95 95 96 96 96 96 96 97 97 97 97 97 97 97 97 98 98 98 98 98 99 99 99 99 99 99 100 100 100 100 100 101 101 101 101 101 101 102 102 102 102 102 103 103 103 103 103 103 104 104 104 104 104 104 105 105 105 105 105 106 106 106 106 106 106 107 107 107 107 107 107 108 108 108 108 108 108 109 109 109 109 109 109 110 110 110 110 110 110 111 111 111 111 111 111 112 112 112 112 112 NA NA NA NA NA NA NA NA NA NA NA NA NA NA NA NA NA NA NA NA NA NA NA NA NA NA NA NA NA NA NA NA NA NA NA NA NA NA NA NA NA NA NA NA NA NA NA NA NA NA NA NA NA NA NA NA NA NA NA NA NA NA NA NA NA NA NA NA NA NA NA NA NA NA NA NA NA NA NA NA NA NA NA NA NA NA NA NA NA NA NA NA NA NA NA NA NA NA NA NA NA NA NA NA NA NA NA NA NA NA NA NA NA NA NA NA NA NA NA NA NA NA NA NA NA NA NA NA NA NA NA NA NA NA NA NA NA NA NA NA NA NA NA NA NA NA NA NA NA NA NA NA NA NA NA NA NA NA NA NA NA NA NA NA NA NA NA NA NA NA NA NA NA NA NA NA NA NA NA NA NA NA NA NA NA NA NA NA NA NA NA NA NA NA NA NA NA NA NA NA NA NA NA NA NA NA NA NA NA NA NA NA NA NA NA NA NA NA NA NA NA NA NA NA NA NA NA NA NA NA NA NA NA NA NA NA NA NA NA NA NA NA NA NA NA NA NA NA NA NA NA NA NA NA NA NA NA NA NA NA NA NA NA NA NA NA NA NA NA NA NA NA NA NA NA NA NA NA NA NA NA NA NA NA NA NA NA NA NA NA NA NA NA NA NA NA NA NA NA NA NA NA NA NA NA NA NA NA NA NA NA NA NA NA NA NA NA NA NA NA NA NA
NA NA NA NA NA NA NA NA NA NA NA NA NA NA NA NA NA NA NA NA NA NA NA NA NA NA NA NA NA NA NA NA NA NA NA NA NA NA NA NA NA NA NA NA NA NA NA NA NA NA NA NA NA NA NA NA NA NA NA NA NA NA NA NA NA NA NA NA NA NA NA NA NA 94 94 94 94 94 95 95 95 95 95 95 96 96 96 96 96 97 97 97 97 97 97 97 98 98 98 98 98 98 99 99 99 99 99 100 100 100 100 100 100 101 101 101 101 101 102 102 102 102 102 102 103 103 103 103 103 103 104 104 104 104 104 104 105 105 105 105 105 106 106 106 106 106 106 107 107 107 107 107 108 108 108 108 108 108 109 109 109 109 109 109 110 110 110 110 110 110 111 111 111 111 111 111 112 112 112 112 112 112 NA NA NA NA NA NA NA NA NA NA NA NA NA NA NA NA NA NA NA NA NA NA NA NA NA NA NA NA NA NA NA NA NA NA NA NA NA NA NA NA NA NA NA NA NA NA NA NA NA NA NA NA NA NA NA NA NA NA NA NA NA NA NA NA NA NA NA NA NA NA NA NA NA NA NA NA NA NA NA NA NA NA NA NA NA NA NA NA NA NA NA NA NA NA NA NA NA NA NA NA NA NA NA NA NA NA NA NA NA NA NA NA NA NA NA NA NA NA NA NA NA NA NA NA NA NA NA NA NA NA NA NA NA NA NA NA NA NA NA NA NA NA NA NA NA NA NA NA NA NA NA NA NA NA NA NA NA NA NA NA NA NA NA NA NA NA NA NA NA NA NA NA NA NA NA NA NA NA NA NA NA NA NA NA NA NA NA NA NA NA NA NA NA NA NA NA NA NA NA NA NA NA NA NA NA NA NA NA NA NA NA NA NA NA NA NA NA NA NA NA NA NA NA NA NA NA NA NA NA NA NA NA NA NA NA NA NA NA NA NA NA NA NA NA NA NA NA NA NA NA NA NA NA NA NA NA NA NA NA NA NA NA NA NA NA NA NA NA NA NA NA NA NA NA NA NA NA NA NA NA NA NA NA NA NA NA NA NA NA NA NA NA NA NA NA NA NA NA NA NA NA NA NA NA NA NA NA NA NA NA NA NA NA NA NA NA NA NA NA NA NA
NA NA NA NA NA NA NA NA NA NA NA NA NA NA NA NA NA NA NA NA NA NA NA NA NA NA NA NA NA NA NA NA NA NA NA NA NA NA NA NA NA NA NA NA NA NA NA NA NA NA NA NA NA NA NA NA NA NA NA NA NA NA NA NA 92 92 92 NA NA NA NA NA 93 94 94 94 94 94 94 95 95 95 95 95 96 96 96 96 96 96 97 97 97 97 97 97 97 98 98 98 98 98 99 99 99 99 99 99 100 100 100 100 100 101 101 101 101 101 101 102 102 102 102 102 103 103 103 103 103 103 104 104 104 104 104 104 105 105 105 105 105 106 106 106 106 106 106 107 107 107 107 107 107 108 108 108 108 108 108 109 109 109 109 109 109 110 110 110 110 110 110 111 111 111 111 111 112 112 112 112 112 112 112 NA NA NA NA NA NA NA NA NA NA NA NA NA NA NA NA NA NA NA NA NA NA NA NA NA NA NA NA NA NA NA NA NA NA NA NA NA NA NA NA NA NA NA NA NA NA NA NA NA NA NA NA NA NA NA NA NA NA NA NA NA NA NA NA NA NA NA NA NA NA NA NA NA NA NA NA NA NA NA NA NA NA NA NA NA NA NA NA NA NA NA NA NA NA NA NA NA NA NA NA NA NA NA NA NA NA NA NA NA NA NA NA NA NA NA NA NA NA NA NA NA NA NA NA NA NA NA NA NA NA NA NA NA NA NA NA NA NA NA NA NA NA NA NA NA NA NA NA NA NA NA NA NA NA NA NA NA NA NA NA NA NA NA NA NA NA NA NA NA NA NA NA NA NA NA NA NA NA NA NA NA NA NA NA NA NA NA NA NA NA NA NA NA NA NA NA NA NA NA NA NA NA NA NA NA NA NA NA NA NA NA NA NA NA NA NA NA NA NA NA NA NA NA NA NA NA NA NA NA NA NA NA NA NA NA NA NA NA NA NA NA NA NA NA NA NA NA NA NA NA NA NA NA NA NA NA NA NA NA NA NA NA NA NA NA NA NA NA NA NA NA NA NA NA NA NA NA NA NA NA NA NA NA NA NA NA NA NA NA NA NA NA NA NA NA NA NA NA NA NA NA NA NA NA NA NA NA NA NA NA NA NA NA NA NA NA NA NA NA NA
NA NA NA NA NA NA NA NA NA NA NA NA NA NA NA NA NA NA NA NA NA NA NA NA NA NA NA NA NA NA NA NA NA NA 87 87 87 NA NA NA NA NA NA NA NA NA NA NA NA NA NA NA NA NA NA NA NA NA NA NA NA NA 91 92 92 92 92 NA 93 93 93 93 93 93 94 94 94 94 94 95 95 95 95 95 95 96 96 96 96 96 97 97 97 97 97 97 97 97 98 98 98 98 98 99 99 99 99 99 100 100 100 100 100 100 101 101 101 101 101 102 102 102 102 102 102 103 103 103 103 103 103 104 104 104 104 104 105 105 105 105 105 105 106 106 106 106 106 106 107 107 107 107 107 108 108 108 108 108 108 109 109 109 109 109 109 110 110 110 110 110 110 111 111 111 111 111 111 112 112 112 112 112 112 NA NA NA NA NA NA NA NA NA NA NA NA NA NA NA NA NA NA NA NA NA NA NA NA NA NA NA NA NA NA NA NA NA NA NA NA NA NA NA NA NA NA NA NA NA NA NA NA NA NA NA NA NA NA NA NA NA NA NA NA NA NA NA NA NA NA NA NA NA NA NA NA NA NA NA NA NA NA NA NA NA NA NA NA NA NA NA NA NA NA NA NA NA NA NA NA NA NA NA NA NA NA NA NA NA NA NA NA NA NA NA NA NA NA NA NA NA NA NA NA NA NA NA NA NA NA NA NA NA NA NA NA NA NA NA NA NA NA NA NA NA NA NA NA NA NA NA NA NA NA NA NA NA NA NA NA NA NA NA NA NA NA NA NA NA NA NA NA NA NA NA NA NA NA NA NA NA NA NA NA NA NA NA NA NA NA NA NA NA NA NA NA NA NA NA NA NA NA NA NA NA NA NA NA NA NA NA NA NA NA NA NA NA NA NA NA NA NA NA NA NA NA NA NA NA NA NA NA NA NA NA NA NA NA NA NA NA NA NA NA NA NA NA NA NA NA NA NA NA NA NA NA NA NA NA NA NA NA NA NA NA NA NA NA NA NA NA NA NA NA NA NA NA NA NA NA NA NA NA NA NA NA NA NA NA NA NA NA NA NA NA NA NA NA NA NA NA NA NA NA NA NA NA NA NA NA NA NA NA NA NA NA NA NA NA NA NA NA NA NA
NA NA NA NA NA NA NA NA NA NA NA NA NA NA NA NA NA NA NA NA NA NA NA NA NA NA NA NA NA NA NA NA NA 86 87 87 87 87 87 NA NA NA NA NA NA NA NA NA NA NA NA NA NA NA NA NA NA NA NA NA 91 91 91 92 92 92 92 92 92 93 93 93 93 93 94 94 94 94 94 94 95 95 95 95 95 96 96 96 96 96 96 97 96 97 97 97 97 97 98 98 98 98 98 99 99 99 99 99 99 100 100 100 100 100 101 101 101 101 101 101 102 102 102 102 102 103 103 103 103 103 103 104 104 104 104 104 104 105 105 105 105 105 105 106 106 106 106 106 107 107 107 107 107 108 108 108 108 108 108 109 109 109 109 109 109 110 110 110 110 110 110 111 111 111 111 111 111 112 112 112 112 112 112 NA NA NA NA NA NA NA NA NA NA NA NA NA NA NA NA NA NA NA NA NA NA NA NA NA NA NA NA NA NA NA NA NA NA NA NA NA NA NA NA NA NA NA NA NA NA NA NA NA NA NA NA NA NA NA NA NA NA NA NA NA NA NA NA NA NA NA NA NA NA NA NA NA NA NA NA NA NA NA NA NA NA NA NA NA NA NA NA NA NA NA NA NA NA NA NA NA NA NA NA NA NA NA NA NA NA NA NA NA NA NA NA NA NA NA NA NA NA NA NA NA NA NA NA NA NA NA NA NA NA NA NA NA NA NA NA NA NA NA NA NA NA NA NA NA NA NA NA NA NA NA NA NA NA NA NA NA NA NA NA NA NA NA NA NA NA NA NA NA NA NA NA NA NA NA NA NA NA NA NA NA NA NA NA NA NA NA NA NA NA NA NA NA NA NA NA NA NA NA NA NA NA NA NA NA NA NA NA NA NA NA NA NA NA NA NA NA NA NA NA NA NA NA NA NA NA NA NA NA NA NA NA NA NA NA NA NA NA NA NA NA NA NA NA NA NA NA NA NA NA NA NA NA NA NA NA NA NA NA NA NA NA NA NA NA NA NA NA NA NA NA NA NA NA NA NA NA NA NA NA NA NA NA NA NA NA NA NA NA NA NA NA NA NA NA NA NA NA NA NA NA NA NA NA NA NA NA NA NA NA NA NA NA NA NA NA NA NA NA NA
NA NA NA NA NA NA NA NA NA NA NA NA NA NA NA NA NA NA NA NA NA NA NA NA NA NA NA NA NA NA NA NA 86 86 86 86 87 87 87 NA NA NA NA NA NA NA NA NA NA NA NA NA NA NA NA NA NA 90 90 91 91 91 91 91 92 92 92 92 92 92 93 93 93 93 93 94 94 94 94 94 94 95 95 95 95 95 96 96 96 96 96 96 96 97 97 97 97 97 97 98 98 98 98 98 99 99 99 99 99 100 100 100 100 100 100 101 101 101 101 101 102 102 102 102 102 102 103 103 103 103 103 103 104 104 104 104 104 104 105 105 105 105 105 106 106 106 106 106 107 107 107 107 107 107 108 108 108 108 108 108 109 109 109 109 109 109 110 110 110 110 110 110 111 111 111 111 111 111 112 112 112 112 112 112 NA NA NA NA NA NA NA NA NA NA NA NA NA NA NA NA NA NA NA NA NA NA NA NA NA NA NA NA NA NA NA NA NA NA NA NA NA NA NA NA NA NA NA NA NA NA NA NA NA NA NA NA NA NA NA NA NA NA NA NA NA NA NA NA NA NA NA NA NA NA NA NA NA NA NA NA NA NA NA NA NA NA NA NA NA NA NA NA NA NA NA NA NA NA NA NA NA NA NA NA NA NA NA NA NA NA NA NA NA NA NA NA NA NA NA NA NA NA NA NA NA NA NA NA NA NA NA NA NA NA NA NA NA NA NA NA NA NA NA NA NA NA NA NA NA NA NA NA NA NA NA NA NA NA NA NA NA NA NA NA NA NA NA NA NA NA NA NA NA NA NA NA NA NA NA NA NA NA NA NA NA NA NA NA NA NA NA NA NA NA NA NA NA NA NA NA NA NA NA NA NA NA NA NA NA NA NA NA NA NA NA NA NA NA NA NA NA NA NA NA NA NA NA NA NA NA NA NA NA NA NA NA NA NA NA NA NA NA NA NA NA NA NA NA NA NA NA NA NA NA NA NA NA NA NA NA NA NA NA NA NA NA NA NA NA NA NA NA NA NA NA NA NA NA NA NA NA NA NA NA NA NA NA NA NA NA NA NA NA NA NA NA NA NA NA NA NA NA NA NA NA NA NA NA NA NA NA NA NA NA NA NA NA NA NA NA NA NA NA
NA NA NA NA NA NA NA NA NA NA NA NA NA NA NA NA NA NA NA NA NA NA NA NA NA NA NA NA NA NA NA 86 86 86 86 86 87 87 87 NA NA NA NA NA NA NA NA NA NA NA NA NA NA NA NA NA 90 90 90 91 91 91 91 91 91 92 92 92 92 92 93 93 93 93 93 93 94 94 94 94 94 95 95 95 95 95 95 96 96 96 96 96 96 96 97 97 97 97 97 98 98 98 98 98 98 99 99 99 99 99 100 100 100 100 100 101 101 101 101 101 101 102 102 102 102 102 102 103 103 103 103 103 103 104 104 104 104 104 105 105 105 105 105 106 106 106 106 106 106 107 107 107 107 107 108 108 108 108 108 108 109 109 109 109 109 109 110 110 110 110 110 110 111 111 111 111 111 111 112 112 112 112 112 112 113 NA NA NA NA NA NA NA NA NA NA NA NA NA NA NA NA NA NA NA NA NA NA NA NA NA NA NA NA NA NA NA NA NA NA NA NA NA NA NA NA NA NA NA NA NA NA NA NA NA NA NA NA NA NA NA NA NA NA NA NA NA NA NA NA NA NA NA NA NA NA NA NA NA NA NA NA NA NA NA NA NA NA NA NA NA NA NA NA NA NA NA NA NA NA NA NA NA NA NA NA NA NA NA NA NA NA NA NA NA NA NA NA NA NA NA NA NA NA NA NA NA NA NA NA NA NA NA NA NA NA NA NA NA NA NA NA NA NA NA NA NA NA NA NA NA NA NA NA NA NA NA NA NA NA NA NA NA NA NA NA NA NA NA NA NA NA NA NA NA NA NA NA NA NA NA NA NA NA NA NA NA NA NA NA NA NA NA NA NA NA NA NA NA NA NA NA NA NA NA NA NA NA NA NA NA NA NA NA NA NA NA NA NA NA NA NA NA NA NA NA NA NA NA NA NA NA NA NA NA NA NA NA NA NA NA NA NA NA NA NA NA NA NA NA NA NA NA NA NA NA NA NA NA NA NA NA NA NA NA NA NA NA NA NA NA NA NA NA NA NA NA NA NA NA NA NA NA NA NA NA NA NA NA NA NA NA NA NA NA NA NA NA NA NA NA NA NA NA NA NA NA NA NA NA NA NA NA NA NA NA NA NA NA NA NA NA NA NA
NA NA NA NA NA NA NA NA NA NA NA NA NA NA NA NA NA NA NA NA NA NA NA NA NA NA NA NA NA NA 85 86 86 86 86 86 86 87 87 87 NA NA NA NA NA NA NA NA NA NA NA NA NA NA NA NA NA 90 90 90 91 91 91 91 91 92 92 92 92 92 92 93 93 93 93 93 93 94 94 94 94 94 95 95 95 95 95 96 96 96 96 96 96 96 96 97 97 97 97 97 98 98 98 98 98 99 99 99 99 99 99 100 100 100 100 100 101 101 101 101 101 102 102 102 102 102 102 103 103 103 103 103 103 104 104 104 104 104 104 105 105 105 105 105 106 106 106 106 106 107 107 107 107 107 107 108 108 108 108 108 109 109 109 109 109 109 109 110 110 110 110 110 111 111 111 111 111 111 112 112 112 112 112 112 NA NA NA NA NA NA NA NA NA NA NA NA NA NA NA NA NA NA NA NA NA NA NA NA NA NA NA NA NA NA NA NA NA NA NA NA NA NA NA NA NA NA NA NA NA NA NA NA NA NA NA NA NA NA NA NA NA NA NA NA NA NA NA NA NA NA NA NA NA NA NA NA NA NA NA NA NA NA NA NA NA NA NA NA NA NA NA NA NA NA NA NA NA NA NA NA NA NA NA NA NA NA NA NA NA NA NA NA NA NA NA NA NA NA NA NA NA NA NA NA NA NA NA NA NA NA NA NA NA NA NA NA NA NA NA NA NA NA NA NA NA NA NA NA NA NA NA NA NA NA NA NA NA NA NA NA NA NA NA NA NA NA NA NA NA NA NA NA NA NA NA NA NA NA NA NA NA NA NA NA NA NA NA NA NA NA NA NA NA NA NA NA NA NA NA NA NA NA NA NA NA NA NA NA NA NA NA NA NA NA NA NA NA NA NA NA NA NA NA NA NA NA NA NA NA NA NA NA NA NA NA NA NA NA NA NA NA NA NA NA NA NA NA NA NA NA NA NA NA NA NA NA NA NA NA NA NA NA NA NA NA NA NA NA NA NA NA NA NA NA NA NA NA NA NA NA NA NA NA NA NA NA NA NA NA NA NA NA NA NA NA NA NA NA NA NA NA NA NA NA NA NA NA NA NA NA NA NA NA NA NA NA NA NA NA NA NA NA NA
NA NA NA NA NA NA NA NA NA NA NA NA NA NA NA NA NA NA NA NA NA NA NA NA NA NA NA NA NA NA 85 85 85 86 86 86 86 86 87 87 87 87 NA NA NA NA 88 88 88 88 NA NA 89 89 89 90 NA NA 90 90 90 91 91 91 91 91 92 92 92 92 92 92 93 93 93 93 93 94 94 94 94 94 94 95 95 95 95 95 96 96 96 96 96 96 96 97 97 97 97 97 98 98 98 98 98 98 99 99 99 99 99 100 100 100 100 100 100 101 101 101 101 101 102 102 102 102 102 102 103 103 103 103 103 104 104 104 104 104 104 105 105 105 105 105 106 106 106 106 106 106 107 107 107 107 107 108 108 108 108 108 108 109 109 109 109 109 109 110 110 110 110 110 110 111 111 111 111 111 111 112 112 112 112 112 112 NA NA NA NA NA NA NA NA NA NA NA NA NA NA NA NA NA NA NA NA NA NA NA NA NA NA NA NA NA NA NA NA NA NA NA NA NA NA NA NA NA NA NA NA NA NA NA NA NA NA NA NA NA NA NA NA NA NA NA NA NA NA NA NA NA NA NA NA NA NA NA NA NA NA NA NA NA NA NA NA NA NA NA NA NA NA NA NA NA NA NA NA NA NA NA NA NA NA NA NA NA NA NA NA NA NA NA NA NA NA NA NA NA NA NA NA NA NA NA NA NA NA NA NA NA NA NA NA NA NA NA NA NA NA NA NA NA NA NA NA NA NA NA NA NA NA NA NA NA NA NA NA NA NA NA NA NA NA NA NA NA NA NA NA NA NA NA NA NA NA NA NA NA NA NA NA NA NA NA NA NA NA NA NA NA NA NA NA NA NA NA NA NA NA NA NA NA NA NA NA NA NA NA NA NA NA NA NA NA NA NA NA NA NA NA NA NA NA NA NA NA NA NA NA NA NA NA NA NA NA NA NA NA NA NA NA NA NA NA NA NA NA NA NA NA NA NA NA NA NA NA NA NA NA NA NA NA NA NA NA NA NA NA NA NA NA NA NA NA NA NA NA NA NA NA NA NA NA NA NA NA NA NA NA NA NA NA NA NA NA NA NA NA NA NA NA NA NA NA NA NA NA NA NA NA NA NA NA NA NA NA NA NA NA NA NA NA NA
NA NA NA NA NA NA NA NA NA NA NA NA NA NA NA NA NA NA NA NA NA NA NA NA NA NA NA NA NA NA NA 85 85 86 86 86 86 86 86 87 87 87 87 87 87 88 88 88 88 88 88 89 89 89 89 89 90 90 90 90 90 91 91 91 91 91 91 92 92 92 92 92 92 93 93 93 93 93 94 94 94 94 94 95 95 95 95 95 95 96 96 96 96 96 96 96 97 97 97 97 97 98 98 98 98 98 99 99 99 99 99 99 100 100 100 100 100 101 101 101 101 101 101 102 102 102 102 102 103 103 103 103 103 103 104 104 104 104 104 104 105 105 105 105 105 106 106 106 106 106 107 107 107 107 107 107 108 108 108 108 108 109 109 109 109 109 109 110 110 110 110 110 110 111 111 111 111 111 111 112 112 112 112 112 112 113 NA NA NA NA NA NA NA NA NA NA NA NA NA NA NA NA NA NA NA NA NA NA NA NA NA NA NA NA NA NA NA NA NA NA NA NA NA NA NA NA NA NA NA NA NA NA NA NA NA NA NA NA NA NA NA NA NA NA NA NA NA NA NA NA NA NA NA NA NA NA NA NA NA NA NA NA NA NA NA NA NA NA NA NA NA NA NA NA NA NA NA NA NA NA NA NA NA NA NA NA NA NA NA NA NA NA NA NA NA NA NA NA NA NA NA NA NA NA NA NA NA NA NA NA NA NA NA NA NA NA NA NA NA NA NA NA NA NA NA NA NA NA NA NA NA NA NA NA NA NA NA NA NA NA NA NA NA NA NA NA NA NA NA NA NA NA NA NA NA NA NA NA NA NA NA NA NA NA NA NA NA NA NA NA NA NA NA NA NA NA NA NA NA NA NA NA NA NA NA NA NA NA NA NA NA NA NA NA NA NA NA NA NA NA NA NA NA NA NA NA NA NA NA NA NA NA NA NA NA NA NA NA NA NA NA NA NA NA NA NA NA NA NA NA NA NA NA NA NA NA NA NA NA NA NA NA NA NA NA NA NA NA NA NA NA NA NA NA NA NA NA NA NA NA NA NA NA NA NA NA NA NA NA NA NA NA NA NA NA NA NA NA NA NA NA NA NA NA NA NA NA NA NA NA NA NA NA NA NA NA NA NA NA NA NA NA NA
NA NA NA NA NA NA NA NA NA NA NA NA NA NA NA NA NA NA NA NA NA NA NA NA NA NA NA NA NA NA NA 85 85 85 86 86 86 86 86 86 87 87 87 87 87 87 88 88 88 88 88 88 89 89 89 89 89 90 90 90 90 90 91 91 91 91 91 91 92 92 92 92 92 92 93 93 93 93 93 94 94 94 94 94 95 95 95 95 95 95 96 96 96 96 96 96 97 97 97 97 97 97 98 98 98 98 98 99 99 99 99 99 100 100 100 100 100 100 101 101 101 101 101 102 102 102 102 102 102 103 103 103 103 103 104 104 104 104 104 104 105 105 105 105 105 106 106 106 106 106 106 107 107 107 107 107 108 108 108 108 108 108 109 109 109 109 109 110 110 110 110 110 110 110 111 111 111 111 111 112 112 112 112 112 112 112 113 113 NA NA NA NA NA NA NA NA NA NA NA NA NA NA NA NA NA NA NA NA NA NA NA NA NA NA NA NA NA NA NA NA NA NA NA NA NA NA NA NA NA NA NA NA NA NA NA NA NA NA NA NA NA NA NA NA NA NA NA NA NA NA NA NA NA NA NA NA NA NA NA NA NA NA NA NA NA NA NA NA NA NA NA NA NA NA NA NA NA NA NA NA NA NA NA NA NA NA NA NA NA NA NA NA NA NA NA NA NA NA NA NA NA NA NA NA NA NA NA NA NA NA NA NA NA NA NA NA NA NA NA NA NA NA NA NA NA NA NA NA NA NA NA NA NA NA NA NA NA NA NA NA NA NA NA NA NA NA NA NA NA NA NA NA NA NA NA NA NA NA NA NA NA NA NA NA NA NA NA NA NA NA NA NA NA NA NA NA NA NA NA NA NA NA NA NA NA NA NA NA NA NA NA NA NA NA NA NA NA NA NA NA NA NA NA NA NA NA NA NA NA NA NA NA NA NA NA NA NA NA NA NA NA NA NA NA NA NA NA NA NA NA NA NA NA NA NA NA NA NA NA NA NA NA NA NA NA NA NA NA NA NA NA NA NA NA NA NA NA NA NA NA NA NA NA NA NA NA NA NA NA NA NA NA NA NA NA NA NA NA NA NA NA NA NA NA NA NA NA NA NA NA NA NA NA NA NA NA NA NA NA NA NA NA NA
NA NA NA NA NA NA NA NA NA NA NA NA NA NA NA NA NA NA NA NA NA NA NA NA NA NA NA NA NA NA NA 85 85 85 85 85 86 86 86 86 86 86 87 87 87 87 87 88 88 88 88 88 89 89 89 89 89 89 90 90 90 90 90 91 91 91 91 91 92 92 92 92 92 92 93 93 93 93 93 94 94 94 94 94 94 95 95 95 95 95 96 96 96 96 96 96 96 97 97 97 97 97 98 98 98 98 98 98 99 99 99 99 99 100 100 100 100 100 101 101 101 101 101 101 102 102 102 102 102 103 103 103 103 103 103 104 104 104 104 104 105 105 105 105 105 105 106 106 106 106 106 107 107 107 107 107 107 108 108 108 108 108 109 109 109 109 109 109 110 110 110 110 110 110 111 111 111 111 111 111 112 112 112 112 112 112 113 113 113 113 NA NA NA NA NA NA NA NA NA NA NA NA NA NA NA NA NA NA NA NA NA NA NA NA NA NA NA NA NA NA NA NA NA NA NA NA NA NA NA NA NA NA NA NA NA NA NA NA NA NA NA NA NA NA NA NA NA NA NA NA NA NA NA NA NA NA NA NA NA NA NA NA NA NA NA NA NA NA NA NA NA NA NA NA NA NA NA NA NA NA NA NA NA NA NA NA NA NA NA NA NA NA NA NA NA NA NA NA NA NA NA NA NA NA NA NA NA NA NA NA NA NA NA NA NA NA NA NA NA NA NA NA NA NA NA NA NA NA NA NA NA NA NA NA NA NA NA NA NA NA NA NA NA NA NA NA NA NA NA NA NA NA NA NA NA NA NA NA NA NA NA NA NA NA NA NA NA NA NA NA NA NA NA NA NA NA NA NA NA NA NA NA NA NA NA NA NA NA NA NA NA NA NA NA NA NA NA NA NA NA NA NA NA NA NA NA NA NA NA NA NA NA NA NA NA NA NA NA NA NA NA NA NA NA NA NA NA NA NA NA NA NA NA NA NA NA NA NA NA NA NA NA NA NA NA NA NA NA NA NA NA NA NA NA NA NA NA NA NA NA NA NA NA NA NA NA NA NA NA NA NA NA NA NA NA NA NA NA NA NA NA NA NA NA NA NA NA NA NA NA NA NA NA NA NA NA NA NA NA NA NA NA NA
NA NA NA NA NA NA NA NA NA NA NA NA NA NA NA NA NA NA NA NA NA NA NA NA 83 84 84 84 84 84 84 85 85 85 85 85 86 86 86 86 86 86 87 87 87 87 87 87 88 88 88 88 88 89 89 89 89 89 89 90 90 90 90 90 91 91 91 91 91 92 92 92 92 92 92 93 93 93 93 93 94 94 94 94 94 95 95 95 95 95 95 96 95 96 96 96 96 97 97 97 97 97 97 98 98 98 98 98 99 99 99 99 99 100 100 100 100 100 100 101 101 101 101 101 102 102 102 102 102 103 103 103 103 103 103 104 104 104 104 104 104 105 105 105 105 105 106 106 106 106 106 106 107 107 107 107 107 108 108 108 108 108 108 109 109 109 109 109 110 110 110 110 110 110 111 111 111 111 111 111 112 112 112 112 112 112 113 113 113 113 113 113 114 114 114 114 114 115 NA NA NA NA NA NA NA NA NA NA NA NA NA NA NA NA NA NA NA NA NA NA NA NA NA NA NA NA NA NA NA NA NA NA NA NA NA NA NA NA NA NA NA NA NA NA NA NA NA NA NA NA NA NA NA NA NA NA NA NA NA NA NA NA NA NA NA NA NA NA NA NA NA NA NA NA NA NA NA NA NA NA NA NA NA NA NA NA NA NA NA NA NA NA NA NA NA NA NA NA NA NA NA NA NA NA NA NA NA NA NA NA NA NA NA NA NA NA NA NA NA NA NA NA NA NA NA NA NA NA NA NA NA NA NA NA NA NA NA NA NA NA NA NA NA NA NA NA NA NA NA NA NA NA NA NA NA NA NA NA NA NA NA NA NA NA NA NA NA NA NA NA NA NA NA NA NA NA NA NA NA NA NA NA NA NA NA NA NA NA NA NA NA NA NA NA NA NA NA NA NA NA NA NA NA NA NA NA NA NA NA NA NA NA NA NA NA NA NA NA NA NA NA NA NA NA NA NA NA NA NA NA NA NA NA NA NA NA NA NA NA NA NA NA NA NA NA NA NA NA NA NA NA NA NA NA NA NA NA NA NA NA NA NA NA NA NA NA NA NA NA NA NA NA NA NA NA NA NA NA NA NA NA NA NA NA NA NA NA NA NA NA NA NA NA NA NA NA NA NA NA NA NA NA NA
NA NA NA NA NA NA NA NA NA NA NA NA NA NA NA NA NA NA NA NA NA NA 83 83 83 83 84 84 84 84 84 84 85 85 85 85 85 86 86 86 86 86 86 87 87 87 87 87 87 88 88 88 88 88 89 89 89 89 89 90 90 90 90 90 91 91 91 91 91 91 92 92 92 92 92 93 93 93 93 93 93 94 94 94 94 94 95 95 95 95 95 95 95 96 96 96 96 96 97 97 97 97 97 98 98 98 98 98 98 99 99 99 99 99 100 100 100 100 100 101 101 101 101 101 101 102 102 102 102 102 103 103 103 103 103 103 104 104 104 104 104 105 105 105 105 105 105 106 106 106 106 106 107 107 107 107 107 107 108 108 108 108 108 109 109 109 109 109 109 110 110 110 110 110 110 111 111 111 111 111 111 112 112 112 112 112 112 113 113 113 113 113 114 114 114 114 114 115 115 115 NA NA NA NA NA NA NA NA NA NA NA NA NA NA NA NA NA NA NA NA NA NA NA NA NA NA NA NA NA NA NA NA NA NA NA NA NA NA NA NA NA NA NA NA NA NA NA NA NA NA NA NA NA NA NA NA NA NA NA NA NA NA NA NA NA NA NA NA NA NA NA NA NA NA NA NA NA NA NA NA NA NA NA NA NA NA NA NA NA NA NA NA NA NA NA NA NA NA NA NA NA NA NA NA NA NA NA NA NA NA NA NA NA NA NA NA NA NA NA NA NA NA NA NA NA NA NA NA NA NA NA NA NA NA NA NA NA NA NA NA NA NA NA NA NA NA NA NA NA NA NA NA NA NA NA NA NA NA NA NA NA NA NA NA NA NA NA NA NA NA NA NA NA NA NA NA NA NA NA NA NA NA NA NA NA NA NA NA NA NA NA NA NA NA NA NA NA NA NA NA NA NA NA NA NA NA NA NA NA NA NA NA NA NA NA NA NA NA NA NA NA NA NA NA NA NA NA NA NA NA NA NA NA NA NA NA NA NA NA NA NA NA NA NA NA NA NA NA NA NA NA NA NA NA NA NA NA NA NA NA NA NA NA NA NA NA NA NA NA NA NA NA NA NA NA NA NA NA NA NA NA NA NA NA NA NA NA NA NA NA NA NA NA NA NA NA NA NA NA NA NA NA NA
NA NA NA NA NA NA NA NA NA NA NA NA NA NA NA NA NA NA NA NA NA NA 83 83 83 83 83 84 84 84 84 84 84 85 85 85 85 85 86 86 86 86 86 86 87 87 87 87 87 87 88 88 88 88 88 89 89 89 89 89 90 90 90 90 90 91 91 91 91 91 91 92 92 92 92 92 93 93 93 93 93 94 94 94 94 94 94 95 95 95 95 95 95 95 96 96 96 96 96 97 97 97 97 97 98 98 98 98 98 98 99 99 99 99 99 100 100 100 100 100 101 101 101 101 101 102 102 102 102 102 102 103 103 103 103 103 104 104 104 104 104 104 105 105 105 105 105 106 106 106 106 106 107 107 107 107 107 107 108 108 108 108 108 108 109 109 109 109 109 110 110 110 110 110 110 111 111 111 111 111 111 112 112 112 112 112 112 113 113 113 113 113 114 114 114 114 114 114 115 115 NA NA NA NA NA NA NA NA NA NA NA NA NA NA NA NA NA NA NA NA NA NA NA NA NA NA NA NA NA NA NA NA NA NA NA NA NA NA NA NA NA NA NA NA NA NA NA NA NA NA NA NA NA NA NA NA NA NA NA NA NA NA NA NA NA NA NA NA NA NA NA NA NA NA NA NA NA NA NA NA NA NA NA NA NA NA NA NA NA NA NA NA NA NA NA NA NA NA NA NA NA NA NA NA NA NA NA NA NA NA NA NA NA NA NA NA NA NA NA NA NA NA NA NA NA NA NA NA NA NA NA NA NA NA NA NA NA NA NA NA NA NA NA NA NA NA NA NA NA NA NA NA NA NA NA NA NA NA NA NA NA NA NA NA NA NA NA NA NA NA NA NA NA NA NA NA NA NA NA NA NA NA NA NA NA NA NA NA NA NA NA NA NA NA NA NA NA NA NA NA NA NA NA NA NA NA NA NA NA NA NA NA NA NA NA NA NA NA NA NA NA NA NA NA NA NA NA NA NA NA NA NA NA NA NA NA NA NA NA NA NA NA NA NA NA NA NA NA NA NA NA NA NA NA NA NA NA NA NA NA NA NA NA NA NA NA NA NA NA NA NA NA NA NA NA NA NA NA NA NA NA NA NA NA NA NA NA NA NA NA NA NA NA NA NA NA NA NA NA NA NA NA NA
NA NA NA NA NA NA NA NA NA NA NA NA NA NA NA NA NA NA NA NA NA NA 83 83 83 83 83 83 84 84 84 84 84 84 85 85 85 85 85 86 86 86 86 86 86 87 87 87 87 87 88 88 88 88 88 89 89 89 89 89 89 90 90 90 90 90 91 91 91 91 91 92 92 92 92 92 92 93 93 93 93 93 94 94 94 94 94 95 95 95 95 95 95 95 96 96 96 96 96 97 97 97 97 97 97 98 98 98 98 98 99 99 99 99 99 100 100 100 100 100 101 101 101 101 101 101 102 102 102 102 102 103 103 103 103 103 103 104 104 104 104 104 105 105 105 105 105 105 106 106 106 106 106 107 107 107 107 107 107 108 108 108 108 108 109 109 109 109 109 110 110 110 110 110 110 110 111 111 111 111 111 112 112 112 112 112 112 113 113 113 113 113 114 114 114 114 114 114 115 115 115 NA NA NA NA NA NA NA NA NA NA NA NA NA NA NA NA NA NA NA NA NA NA NA NA NA NA NA NA NA NA NA NA NA NA NA NA NA NA NA NA NA NA NA NA NA NA NA NA NA NA NA NA NA NA NA NA NA NA NA NA NA NA NA NA NA NA NA NA NA NA NA NA NA NA NA NA NA NA NA NA NA NA NA NA NA NA NA NA NA NA NA NA NA NA NA NA NA NA NA NA NA NA NA NA NA NA NA NA NA NA NA NA NA NA NA NA NA NA NA NA NA NA NA NA NA NA NA NA NA NA NA NA NA NA NA NA NA NA NA NA NA NA NA NA NA NA NA NA NA NA NA NA NA NA NA NA NA NA NA NA NA NA NA NA NA NA NA NA NA NA NA NA NA NA NA NA NA NA NA NA NA NA NA NA NA NA NA NA NA NA NA NA NA NA NA NA NA NA NA NA NA NA NA NA NA NA NA NA NA NA NA NA NA NA NA NA NA NA NA NA NA NA NA NA NA NA NA NA NA NA NA NA NA NA NA NA NA NA NA NA NA NA NA NA NA NA NA NA NA NA NA NA NA NA NA NA NA NA NA NA NA NA NA NA NA NA NA NA NA NA NA NA NA NA NA NA NA NA NA NA NA NA NA NA NA NA NA NA NA NA NA NA NA NA NA NA NA NA NA NA NA NA
NA NA NA NA NA NA NA NA NA NA 80 81 81 81 81 NA NA NA NA 82 82 NA NA 83 83 83 83 83 83 84 84 84 84 84 84 85 85 85 85 85 85 86 86 86 86 86 87 87 87 87 87 88 88 88 88 88 89 89 89 89 89 90 90 90 90 90 90 91 91 91 91 91 92 92 92 92 92 93 93 93 93 93 93 94 94 94 94 94 95 95 95 95 95 95 95 96 96 96 96 96 97 97 97 97 97 98 98 98 98 98 99 99 99 99 99 99 100 100 100 100 100 101 101 101 101 101 102 102 102 102 102 102 103 103 103 103 103 104 104 104 104 104 105 105 105 105 105 105 106 106 106 106 106 107 107 107 107 107 107 108 108 108 108 108 108 109 109 109 109 109 110 110 110 110 110 110 111 111 111 111 111 111 112 112 112 112 112 112 113 113 113 113 114 114 114 114 114 114 115 115 115 NA NA NA NA NA NA NA NA NA NA NA NA NA NA NA NA NA NA NA NA NA NA NA NA NA NA NA NA NA NA NA NA NA NA NA NA NA NA NA NA NA NA NA NA NA NA NA NA NA NA NA NA NA NA NA NA NA NA NA NA NA NA NA NA NA NA NA NA NA NA NA NA NA NA NA NA NA NA NA NA NA NA NA NA NA NA NA NA NA NA NA NA NA NA NA NA NA NA NA NA NA NA NA NA NA NA NA NA NA NA NA NA NA NA NA NA NA NA NA NA NA NA NA NA NA NA NA NA NA NA NA NA NA NA NA NA NA NA NA NA NA NA NA NA NA NA NA NA NA NA NA NA NA NA NA NA NA NA NA NA NA NA NA NA NA NA NA NA NA NA NA NA NA NA NA NA NA NA NA NA NA NA NA NA NA NA NA NA NA NA NA NA NA NA NA NA NA NA NA NA NA NA NA NA NA NA NA NA NA NA NA NA NA NA NA NA NA NA NA NA NA NA NA NA NA NA NA NA NA NA NA NA NA NA NA NA NA NA NA NA NA NA NA NA NA NA NA NA NA NA NA NA NA NA NA NA NA NA NA NA NA NA NA NA NA NA NA NA NA NA NA NA NA NA NA NA NA NA NA NA NA NA NA NA NA NA NA NA NA NA NA NA NA NA NA NA NA NA NA NA NA NA
NA NA NA NA NA NA NA NA 80 80 80 80 81 81 81 81 81 81 82 82 82 82 82 82 83 83 83 83 83 83 84 84 84 84 84 85 85 85 85 85 85 85 86 86 86 86 86 87 87 87 87 88 88 88 88 88 88 89 89 89 89 89 90 90 90 90 90 91 91 91 91 91 91 92 92 92 92 92 93 93 93 93 93 94 94 94 94 94 94 95 95 95 95 95 95 95 96 96 96 96 97 97 97 97 97 97 98 98 98 98 98 99 99 99 99 99 100 100 100 100 100 101 101 101 101 101 101 102 102 102 102 102 103 103 103 103 103 103 104 104 104 104 104 105 105 105 105 105 106 106 106 106 106 106 107 107 107 107 107 108 108 108 108 108 108 109 109 109 109 109 110 110 110 110 110 110 111 111 111 111 111 111 112 112 112 112 112 112 113 113 113 113 113 114 114 114 114 114 114 115 115 115 NA NA NA NA NA NA NA NA NA NA NA NA NA NA NA NA NA NA NA NA NA NA NA NA NA NA NA NA NA NA NA NA NA NA NA NA NA NA NA NA NA NA NA NA NA NA NA NA NA NA NA NA NA NA NA NA NA NA NA NA NA NA NA NA NA NA NA NA NA NA NA NA NA NA NA NA NA NA NA NA NA NA NA NA NA NA NA NA NA NA NA NA NA NA NA NA NA NA NA NA NA NA NA NA NA NA NA NA NA NA NA NA NA NA NA NA NA NA NA NA NA NA NA NA NA NA NA NA NA NA NA NA NA NA NA NA NA NA NA NA NA NA NA NA NA NA NA NA NA NA NA NA NA NA NA NA NA NA NA NA NA NA NA NA NA NA NA NA NA NA NA NA NA NA NA NA NA NA NA NA NA NA NA NA NA NA NA NA NA NA NA NA NA NA NA NA NA NA NA NA NA NA NA NA NA NA NA NA NA NA NA NA NA NA NA NA NA NA NA NA NA NA NA NA NA NA NA NA NA NA NA NA NA NA NA NA NA NA NA NA NA NA NA NA NA NA NA NA NA NA NA NA NA NA NA NA NA NA NA NA NA NA NA NA NA NA NA NA NA NA NA NA NA NA NA NA NA NA NA NA NA NA NA NA NA NA NA NA NA NA NA NA NA NA NA NA NA NA NA NA NA
78 NA NA NA NA NA 79 80 80 80 80 80 80 81 81 81 81 81 81 82 82 82 82 82 82 83 83 83 83 83 83 84 84 84 84 84 85 85 85 85 85 85 86 86 86 86 86 87 87 87 87 87 88 88 88 88 88 88 89 89 89 89 89 90 90 90 90 90 91 91 91 91 91 91 92 92 92 92 92 93 93 93 93 93 94 94 94 94 94 94 95 95 95 95 95 95 96 96 96 96 96 97 97 97 97 97 98 98 98 98 98 98 99 99 99 99 99 100 100 100 100 100 101 101 101 101 101 102 102 102 102 102 102 103 103 103 103 103 104 104 104 104 104 105 105 105 105 105 106 106 106 106 106 106 107 107 107 107 107 107 108 108 108 108 108 109 109 109 109 109 109 110 110 110 110 110 110 111 111 111 111 111 112 112 112 112 112 112 113 113 113 113 113 114 114 114 114 114 114 115 115 115 NA NA NA NA NA NA NA NA NA NA NA NA NA NA NA NA NA NA NA NA NA NA NA NA NA NA NA NA NA NA NA NA NA NA NA NA NA NA NA NA NA NA NA NA NA NA NA NA NA NA NA NA NA NA NA NA NA NA NA NA NA NA NA NA NA NA NA NA NA NA NA NA NA NA NA NA NA NA NA NA NA NA NA NA NA NA NA NA NA NA NA NA NA NA NA NA NA NA NA NA NA NA NA NA NA NA NA NA NA NA NA NA NA NA NA NA NA NA NA NA NA NA NA NA NA NA NA NA NA NA NA NA NA NA NA NA NA NA NA NA NA NA NA NA NA NA NA NA NA NA NA NA NA NA NA NA NA NA NA NA NA NA NA NA NA NA NA NA NA NA NA NA NA NA NA NA NA NA NA NA NA NA NA NA NA NA NA NA NA NA NA NA NA NA NA NA NA NA NA NA NA NA NA NA NA NA NA NA NA NA NA NA NA NA NA NA NA NA NA NA NA NA NA NA NA NA NA NA NA NA NA NA NA NA NA NA NA NA NA NA NA NA NA NA NA NA NA NA NA NA NA NA NA NA NA NA NA NA NA NA NA NA NA NA NA NA NA NA NA NA NA NA NA NA NA NA NA NA NA NA NA NA NA NA NA NA NA NA NA NA NA NA NA NA NA NA NA NA NA NA NA
NA 78 79 79 79 79 79 79 79 80 80 80 80 80 81 81 81 81 81 81 82 82 82 82 82 82 83 83 83 83 83 83 84 84 84 84 84 84 85 85 85 85 85 86 86 86 86 86 87 87 87 87 87 88 88 88 88 88 89 89 89 89 89 89 90 90 90 90 90 91 91 91 91 91 92 92 92 92 92 92 93 93 93 93 93 94 94 94 94 94 95 95 95 95 95 95 95 96 96 96 96 96 97 97 97 97 97 98 98 98 98 98 99 99 99 99 99 100 100 100 100 100 100 101 101 101 101 101 102 102 102 102 102 103 103 103 103 103 103 104 104 104 104 104 105 105 105 105 105 106 106 106 106 106 107 107 107 107 107 107 108 108 108 108 108 108 109 109 109 109 109 110 110 110 110 110 110 111 111 111 111 111 111 112 112 112 112 112 112 113 113 113 113 114 114 114 114 114 114 115 115 115 115 NA NA NA NA NA 116 116 116 NA NA NA NA NA NA NA NA NA NA NA NA NA NA NA NA NA NA NA NA NA NA NA NA NA NA NA NA NA NA NA NA NA NA NA NA NA NA NA NA NA NA NA NA NA NA NA NA NA NA NA NA NA NA NA NA NA NA NA NA NA NA NA NA NA NA NA NA NA NA NA NA NA NA NA NA NA NA NA NA NA NA NA NA NA NA NA NA NA NA NA NA NA NA NA NA NA NA NA NA NA NA NA NA NA NA NA NA NA NA NA NA NA NA NA NA NA NA NA NA NA NA NA NA NA NA NA NA NA NA NA NA NA NA NA NA NA NA NA NA NA NA NA NA NA NA NA NA NA NA NA NA NA NA NA NA NA NA NA NA NA NA NA NA NA NA NA NA NA NA NA NA NA NA NA NA NA NA NA NA NA NA NA NA NA NA NA NA NA NA NA NA NA NA NA NA NA NA NA NA NA NA NA NA NA NA NA NA NA NA NA NA NA NA NA NA NA NA NA NA NA NA NA NA NA NA NA NA NA NA NA NA NA NA NA NA NA NA NA NA NA NA NA NA NA NA NA NA NA NA NA NA NA NA NA NA NA NA NA NA NA NA NA NA NA NA NA NA NA NA NA NA NA NA NA NA NA NA NA NA NA NA NA NA NA NA NA NA NA NA NA NA
NA 78 78 79 79 79 79 79 79 79 80 80 80 80 80 81 81 81 81 81 81 82 82 82 82 82 82 83 83 83 83 83 83 84 84 84 84 84 85 85 85 85 85 85 86 86 86 86 86 87 87 87 87 87 88 88 88 88 88 89 89 89 89 89 89 90 90 90 90 90 91 91 91 91 91 92 92 92 92 92 93 93 93 93 93 94 94 94 94 94 94 95 95 95 95 95 95 96 96 96 96 96 97 97 97 97 97 98 98 98 98 98 98 99 99 99 99 99 100 100 100 100 100 101 101 101 101 101 102 102 102 102 102 102 103 103 103 103 103 104 104 104 104 104 105 105 105 105 105 106 106 106 106 106 106 107 107 107 107 107 107 108 108 108 108 108 109 109 109 109 109 109 110 110 110 110 110 111 111 111 111 111 111 112 112 112 112 112 112 113 113 113 113 113 114 114 114 114 114 114 115 115 115 115 NA NA 116 116 116 116 116 NA NA NA NA NA NA NA NA NA NA NA NA NA NA NA NA NA NA NA NA NA NA NA NA NA NA NA NA NA NA NA NA NA NA NA NA NA NA NA NA NA NA NA NA NA NA NA NA NA NA NA NA NA NA NA NA NA NA NA NA NA NA NA NA NA NA NA NA NA NA NA NA NA NA NA NA NA NA NA NA NA NA NA NA NA NA NA NA NA NA NA NA NA NA NA NA NA NA NA NA NA NA NA NA NA NA NA NA NA NA NA NA NA NA NA NA NA NA NA NA NA NA NA NA NA NA NA NA NA NA NA NA NA NA NA NA NA NA NA NA NA NA NA NA NA NA NA NA NA NA NA NA NA NA NA NA NA NA NA NA NA NA NA NA NA NA NA NA NA NA NA NA NA NA NA NA NA NA NA NA NA NA NA NA NA NA NA NA NA NA NA NA NA NA NA NA NA NA NA NA NA NA NA NA NA NA NA NA NA NA NA NA NA NA NA NA NA NA NA NA NA NA NA NA NA NA NA NA NA NA NA NA NA NA NA NA NA NA NA NA NA NA NA NA NA NA NA NA NA NA NA NA NA NA NA NA NA NA NA NA NA NA NA NA NA NA NA NA NA NA NA NA NA NA NA NA NA NA NA NA NA NA NA NA NA NA NA NA NA NA NA NA
NA 78 78 78 78 79 79 79 79 79 79 80 80 80 80 80 80 81 81 81 81 81 82 82 82 82 82 82 83 83 83 83 83 84 84 84 84 84 84 85 85 85 85 85 85 86 86 86 86 86 87 87 87 87 87 88 88 88 88 88 89 89 89 89 89 90 90 90 90 90 91 91 91 91 91 91 92 92 92 92 92 93 93 93 93 93 94 94 94 94 94 95 94 95 95 95 95 95 96 96 96 96 96 97 97 97 97 97 98 98 98 98 98 99 99 99 99 99 99 100 100 100 100 100 101 101 101 101 101 102 102 102 102 102 103 103 103 103 103 103 104 104 104 104 104 105 105 105 105 105 106 106 106 106 106 107 107 107 107 107 107 108 108 108 108 108 109 109 109 109 109 109 110 110 110 110 110 110 111 111 111 111 111 112 112 112 112 112 112 113 113 113 113 113 114 114 114 114 114 114 115 115 115 115 115 115 116 116 116 116 116 NA NA NA NA NA NA NA NA NA NA NA NA NA NA NA NA NA NA NA NA NA NA NA NA NA NA NA NA NA NA NA NA NA NA NA NA NA NA NA NA NA NA NA NA NA NA NA NA NA NA NA NA NA NA NA NA NA NA NA NA NA NA NA NA NA NA NA NA NA NA NA NA NA NA NA NA NA NA NA NA NA NA NA NA NA NA NA NA NA NA NA NA NA NA NA NA NA NA NA NA NA NA NA NA NA NA NA NA NA NA NA NA NA NA NA NA NA NA NA NA NA NA NA NA NA NA NA NA NA NA NA NA NA NA NA NA NA NA NA NA NA NA NA NA NA NA NA NA NA NA NA NA NA NA NA NA NA NA NA NA NA NA NA NA NA NA NA NA NA NA NA NA NA NA NA NA NA NA NA NA NA NA NA NA NA NA NA NA NA NA NA NA NA NA NA NA NA NA NA NA NA NA NA NA NA NA NA NA NA NA NA NA NA NA NA NA NA NA NA NA NA NA NA NA NA NA NA NA NA NA NA NA NA NA NA NA NA NA NA NA NA NA NA NA NA NA NA NA NA NA NA NA NA NA NA NA NA NA NA NA NA NA NA NA NA NA NA NA NA NA NA NA NA NA NA NA NA NA NA NA NA NA NA NA NA NA NA NA NA NA NA NA
NA NA 78 78 78 78 79 79 79 79 79 79 80 80 80 80 80 80 81 81 81 81 81 82 82 82 82 82 82 83 83 83 83 83 84 84 84 84 84 84 85 85 85 85 85 85 86 86 86 86 86 87 87 87 87 87 88 88 88 88 88 89 89 89 89 89 90 90 90 90 90 91 91 91 91 91 92 92 92 92 92 92 93 93 93 93 93 94 94 94 94 94 94 95 95 95 95 95 96 96 96 96 96 97 97 97 97 97 98 98 98 98 98 98 99 99 99 99 99 100 100 100 100 100 101 101 101 101 101 102 102 102 102 102 102 103 103 103 103 103 104 104 104 104 104 105 105 105 105 105 106 106 106 106 106 106 107 107 107 107 107 108 108 108 108 108 108 109 109 109 109 109 110 110 110 110 110 110 111 111 111 111 111 111 112 112 112 112 112 112 113 113 113 113 114 114 114 114 114 114 115 115 115 115 115 115 116 116 116 116 116 NA NA NA NA NA NA NA NA NA NA NA NA NA NA NA NA NA NA NA NA NA NA NA NA NA NA NA NA NA NA NA NA NA NA NA NA NA NA NA NA NA NA NA NA NA NA NA NA NA NA NA NA NA NA NA NA NA NA NA NA NA NA NA NA NA NA NA NA NA NA NA NA NA NA NA NA NA NA NA NA NA NA NA NA NA NA NA NA NA NA NA NA NA NA NA NA NA NA NA NA NA NA NA NA NA NA NA NA NA NA NA NA NA NA NA NA NA NA NA NA NA NA NA NA NA NA NA NA NA NA NA NA NA NA NA NA NA NA NA NA NA NA NA NA NA NA NA NA NA NA NA NA NA NA NA NA NA NA NA NA NA NA NA NA NA NA NA NA NA NA NA NA NA NA NA NA NA NA NA NA NA NA NA NA NA NA NA NA NA NA NA NA NA NA NA NA NA NA NA NA NA NA NA NA NA NA NA NA NA NA NA NA NA NA NA NA NA NA NA NA NA NA NA NA NA NA NA NA NA NA NA NA NA NA NA NA NA NA NA NA NA NA NA NA NA NA NA NA NA NA NA NA NA NA NA NA NA NA NA NA NA NA NA NA NA NA NA NA NA NA NA NA NA NA NA NA NA NA NA NA NA NA NA NA NA NA NA NA NA NA NA NA
NA NA 78 78 78 78 78 79 79 79 79 79 79 80 80 80 80 80 80 81 81 81 81 81 82 82 82 82 82 82 83 83 83 83 83 84 84 84 84 84 84 85 85 85 85 85 86 86 86 86 86 86 87 87 87 87 88 88 88 88 88 88 89 89 89 89 89 90 90 90 90 90 91 91 91 91 91 92 92 92 92 92 93 93 93 93 93 94 94 94 94 94 94 94 95 95 95 95 95 96 96 96 96 96 97 97 97 97 97 98 98 98 98 98 99 99 99 99 99 99 100 100 100 100 100 101 101 101 101 101 102 102 102 102 102 103 103 103 103 103 104 104 104 104 104 104 105 105 105 105 106 106 106 106 106 106 107 107 107 107 107 107 108 108 108 108 108 109 109 109 109 109 109 110 110 110 110 110 111 111 111 111 111 111 112 112 112 112 112 112 113 113 113 113 113 114 114 114 114 114 114 115 115 115 115 115 115 116 116 116 116 116 NA NA NA NA NA NA NA NA NA NA NA NA NA NA NA NA NA NA NA NA NA NA NA NA NA NA NA NA NA NA NA NA NA NA NA NA NA NA NA NA NA NA NA NA NA NA NA NA NA NA NA NA NA NA NA NA NA NA NA NA NA NA NA NA NA NA NA NA NA NA NA NA NA NA NA NA NA NA NA NA NA NA NA NA NA NA NA NA NA NA NA NA NA NA NA NA NA NA NA NA NA NA NA NA NA NA NA NA NA NA NA NA NA NA NA NA NA NA NA NA NA NA NA NA NA NA NA NA NA NA NA NA NA NA NA NA NA NA NA NA NA NA NA NA NA NA NA NA NA NA NA NA NA NA NA NA NA NA NA NA NA NA NA NA NA NA NA NA NA NA NA NA NA NA NA NA NA NA NA NA NA NA NA NA NA NA NA NA NA NA NA NA NA NA NA NA NA NA NA NA NA NA NA NA NA NA NA NA NA NA NA NA NA NA NA NA NA NA NA NA NA NA NA NA NA NA NA NA NA NA NA NA NA NA NA NA NA NA NA NA NA NA NA NA NA NA NA NA NA NA NA NA NA NA NA NA NA NA NA NA NA NA NA NA NA NA NA NA NA NA NA NA NA NA NA NA NA NA NA NA NA NA NA NA NA NA NA NA NA NA NA
NA NA NA NA 78 78 78 78 79 79 79 79 79 79 80 80 80 80 80 80 81 81 81 81 81 82 82 82 82 82 82 83 83 83 83 83 84 84 84 84 84 84 85 85 85 85 85 86 86 86 86 86 87 87 87 87 87 88 88 88 88 88 89 89 89 89 89 89 90 90 90 90 90 91 91 91 91 91 92 92 92 92 92 93 93 93 93 93 94 94 94 94 94 94 94 95 95 95 95 95 96 96 96 96 96 97 97 97 97 97 98 98 98 98 98 99 99 99 99 99 100 100 100 100 100 101 101 101 101 101 102 102 102 102 102 102 103 103 103 103 103 104 104 104 104 104 105 105 105 105 105 106 106 106 106 106 106 107 107 107 107 107 108 108 108 108 108 108 109 109 109 109 109 110 110 110 110 110 110 111 111 111 111 111 112 112 112 112 112 112 113 113 113 113 113 114 114 114 114 114 114 115 115 115 115 115 115 116 116 116 116 116 116 117 117 117 NA NA NA NA NA NA NA NA NA NA NA NA NA NA NA NA NA NA NA NA NA NA NA NA NA NA NA NA NA NA NA NA NA NA NA NA NA NA NA NA NA NA NA NA NA NA NA NA NA NA NA NA NA NA NA NA NA NA NA NA NA NA NA NA NA NA NA NA NA NA NA NA NA NA NA NA NA NA NA NA NA NA NA NA NA NA NA NA NA NA NA NA NA NA NA NA NA NA NA NA NA NA NA NA NA NA NA NA NA NA NA NA NA NA NA NA NA NA NA NA NA NA NA NA NA NA NA NA NA NA NA NA NA NA NA NA NA NA NA NA NA NA NA NA NA NA NA NA NA NA NA NA NA NA NA NA NA NA NA NA NA NA NA NA NA NA NA NA NA NA NA NA NA NA NA NA NA NA NA NA NA NA NA NA NA NA NA NA NA NA NA NA NA NA NA NA NA NA NA NA NA NA NA NA NA NA NA NA NA NA NA NA NA NA NA NA NA NA NA NA NA NA NA NA NA NA NA NA NA NA NA NA NA NA NA NA NA NA NA NA NA NA NA NA NA NA NA NA NA NA NA NA NA NA NA NA NA NA NA NA NA NA NA NA NA NA NA NA NA NA NA NA NA NA NA NA NA NA NA NA NA NA NA NA NA NA NA
NA NA NA NA NA 78 78 78 78 79 79 79 79 79 79 80 80 80 80 80 80 81 81 81 81 81 82 82 82 82 82 82 83 83 83 83 83 84 84 84 84 84 84 85 85 85 85 85 86 86 86 86 86 87 87 87 87 87 88 88 88 88 88 89 89 89 89 89 90 90 90 90 90 91 91 91 91 91 91 92 92 92 92 92 93 93 93 93 93 94 94 94 94 94 94 94 95 95 95 95 96 96 96 96 96 97 97 97 97 97 98 98 98 98 98 99 99 99 99 99 99 100 100 100 100 100 101 101 101 101 101 102 102 102 102 102 103 103 103 103 103 103 104 104 104 104 105 105 105 105 105 105 106 106 106 106 106 107 107 107 107 107 108 108 108 108 108 108 109 109 109 109 109 110 110 110 110 110 110 111 111 111 111 111 111 112 112 112 112 112 112 113 113 113 113 114 114 114 114 114 114 115 115 115 115 115 115 116 116 116 116 116 116 117 117 117 117 NA NA NA NA NA NA NA NA NA NA NA NA NA NA NA NA NA NA NA NA NA NA NA NA NA NA NA NA NA NA NA NA NA NA NA NA NA NA NA NA NA NA NA NA NA NA NA NA NA NA NA NA NA NA NA NA NA NA NA NA NA NA NA NA NA NA NA NA NA NA NA NA NA NA NA NA NA NA NA NA NA NA NA NA NA NA NA NA NA NA NA NA NA NA NA NA NA NA NA NA NA NA NA NA NA NA NA NA NA NA NA NA NA NA NA NA NA NA NA NA NA NA NA NA NA NA NA NA NA NA NA NA NA NA NA NA NA NA NA NA NA NA NA NA NA NA NA NA NA NA NA NA NA NA NA NA NA NA NA NA NA NA NA NA NA NA NA NA NA NA NA NA NA NA NA NA NA NA NA NA NA NA NA NA NA NA NA NA NA NA NA NA NA NA NA NA NA NA NA NA NA NA NA NA NA NA NA NA NA NA NA NA NA NA NA NA NA NA NA NA NA NA NA NA NA NA NA NA NA NA NA NA NA NA NA NA NA NA NA NA NA NA NA NA NA NA NA NA NA NA NA NA NA NA NA NA NA NA NA NA NA NA NA NA NA NA NA NA NA NA NA NA NA NA NA NA NA NA NA NA NA NA NA NA NA NA
NA NA NA NA NA 77 78 78 78 78 79 79 79 79 79 79 80 80 80 80 80 80 81 81 81 81 81 82 82 82 82 82 82 83 83 83 83 83 84 84 84 84 84 85 85 85 85 85 85 86 86 86 86 86 87 87 87 87 87 88 88 88 88 88 89 89 89 89 89 90 90 90 90 90 91 91 91 91 91 92 92 92 92 92 93 93 93 93 93 94 94 94 94 94 94 94 95 95 95 95 95 96 96 96 96 96 97 97 97 97 97 98 98 98 98 98 99 99 99 99 99 100 100 100 100 100 101 101 101 101 101 102 102 102 102 102 102 103 103 103 103 103 104 104 104 104 104 105 105 105 105 105 106 106 106 106 106 107 107 107 107 107 107 108 108 108 108 108 109 109 109 109 109 109 110 110 110 110 110 111 111 111 111 111 111 112 112 112 112 112 112 113 113 113 113 113 114 114 114 114 114 115 115 115 115 115 115 116 116 116 116 116 116 116 117 117 117 117 NA NA NA NA NA NA NA NA NA NA NA NA NA NA NA NA NA NA NA NA NA NA NA NA NA NA NA NA NA NA NA NA NA NA NA NA NA NA NA NA NA NA NA NA NA NA NA NA NA NA NA NA NA NA NA NA NA NA NA NA NA NA NA NA NA NA NA NA NA NA NA NA NA NA NA NA NA NA NA NA NA NA NA NA NA NA NA NA NA NA NA NA NA NA NA NA NA NA NA NA NA NA NA NA NA NA NA NA NA NA NA NA NA NA NA NA NA NA NA NA NA NA NA NA NA NA NA NA NA NA NA NA NA NA NA NA NA NA NA NA NA NA NA NA NA NA NA NA NA NA NA NA NA NA NA NA NA NA NA NA NA NA NA NA NA NA NA NA NA NA NA NA NA NA NA NA NA NA NA NA NA NA NA NA NA NA NA NA NA NA NA NA NA NA NA NA NA NA NA NA NA NA NA NA NA NA NA NA NA NA NA NA NA NA NA NA NA NA NA NA NA NA NA NA NA NA NA NA NA NA NA NA NA NA NA NA NA NA NA NA NA NA NA NA NA NA NA NA NA NA NA NA NA NA NA NA NA NA NA NA NA NA NA NA NA NA NA NA NA NA NA NA NA NA NA NA NA NA NA NA NA NA NA NA NA
NA NA NA NA NA 77 78 78 78 78 78 78 79 79 79 79 79 80 80 80 80 80 80 81 81 81 81 81 82 82 82 82 82 82 83 83 83 83 83 84 84 84 84 84 85 85 85 85 85 85 86 86 86 86 86 87 87 87 87 87 88 88 88 88 88 89 89 89 89 89 90 90 90 90 90 91 91 91 91 91 92 92 92 92 92 93 93 93 93 93 94 94 94 94 94 94 94 95 95 95 95 96 96 96 96 96 97 97 97 97 97 98 98 98 98 98 99 99 99 99 99 99 100 100 100 100 100 101 101 101 101 101 102 102 102 102 102 103 103 103 103 103 104 104 104 104 104 105 105 105 105 105 106 106 106 106 106 106 107 107 107 107 107 108 108 108 108 108 108 109 109 109 109 109 110 110 110 110 110 110 111 111 111 111 111 112 112 112 112 112 112 113 113 113 113 113 114 114 114 114 114 114 115 115 115 115 115 115 116 116 116 116 116 116 117 117 117 117 117 117 NA NA NA NA NA NA NA NA NA NA NA NA NA NA NA NA NA NA NA NA NA NA NA NA NA NA NA NA NA NA NA NA NA NA NA NA NA NA NA NA NA NA NA NA NA NA NA NA NA NA NA NA NA NA NA NA NA NA NA NA NA NA NA NA NA NA NA NA NA NA NA NA NA NA NA NA NA NA NA NA NA NA NA NA NA NA NA NA NA NA NA NA NA NA NA NA NA NA NA NA NA NA NA NA NA NA NA NA NA NA NA NA NA NA NA NA NA NA NA NA NA NA NA NA NA NA NA NA NA NA NA NA NA NA NA NA NA NA NA NA NA NA NA NA NA NA NA NA NA NA NA NA NA NA NA NA NA NA NA NA NA NA NA NA NA NA NA NA NA NA NA NA NA NA NA NA NA NA NA NA NA NA NA NA NA NA NA NA NA NA NA NA NA NA NA NA NA NA NA NA NA NA NA NA NA NA NA NA NA NA NA NA NA NA NA NA NA NA NA NA NA NA NA NA NA NA NA NA NA NA NA NA NA NA NA NA NA NA NA NA NA NA NA NA NA NA NA NA NA NA NA NA NA NA NA NA NA NA NA NA NA NA NA NA NA NA NA NA NA NA NA NA NA NA NA NA NA NA NA NA NA NA NA
NA NA NA NA NA 77 77 77 78 78 78 78 78 78 79 79 79 79 79 79 80 80 80 80 80 81 81 81 81 81 82 82 82 82 82 82 83 83 83 83 83 84 84 84 84 84 85 85 85 85 85 86 86 86 86 86 87 87 87 87 87 88 88 88 88 88 89 89 89 89 89 90 90 90 90 90 91 91 91 91 91 92 92 92 92 92 93 93 93 93 93 94 94 94 94 94 94 94 95 95 95 95 96 96 96 96 96 97 97 97 97 97 98 98 98 98 98 99 99 99 99 99 100 100 100 100 100 101 101 101 101 101 102 102 102 102 102 102 103 103 103 103 104 104 104 104 104 105 105 105 105 105 105 106 106 106 106 106 107 107 107 107 107 107 108 108 108 108 108 109 109 109 109 109 109 110 110 110 110 110 110 111 111 111 111 111 112 112 112 112 112 112 113 113 113 113 113 114 114 114 114 114 114 115 115 115 115 115 115 116 116 116 116 116 116 117 117 117 117 117 117 NA NA NA NA NA NA NA NA NA NA NA NA NA NA NA NA NA NA NA NA NA NA NA NA NA NA NA NA NA NA NA NA NA NA NA NA NA NA NA NA NA NA NA NA NA NA NA NA NA NA NA NA NA NA NA NA NA NA NA NA NA NA NA NA NA NA NA NA NA NA NA NA NA NA NA NA NA NA NA NA NA NA NA NA NA NA NA NA NA NA NA NA NA NA NA NA NA NA NA NA NA NA NA NA NA NA NA NA NA NA NA NA NA NA NA NA NA NA NA NA NA NA NA NA NA NA NA NA NA NA NA NA NA NA NA NA NA NA NA NA NA NA NA NA NA NA NA NA NA NA NA NA NA NA NA NA NA NA NA NA NA NA NA NA NA NA NA NA NA NA NA NA NA NA NA NA NA NA NA NA NA NA NA NA NA NA NA NA NA NA NA NA NA NA NA NA NA NA NA NA NA NA NA NA NA NA NA NA NA NA NA NA NA NA NA NA NA NA NA NA NA NA NA NA NA NA NA NA NA NA NA NA NA NA NA NA NA NA NA NA NA NA NA NA NA NA NA NA NA NA NA NA NA NA NA NA NA NA NA NA NA NA NA NA NA NA NA NA NA NA NA NA NA NA NA NA NA NA NA NA NA NA
NA NA NA NA 77 77 77 77 77 78 78 78 78 78 78 79 79 79 79 79 80 80 80 80 80 80 81 81 81 81 81 82 82 82 82 82 82 83 83 83 83 83 84 84 84 84 85 85 85 85 85 85 86 86 86 86 86 87 87 87 87 88 88 88 88 88 89 89 89 89 89 90 90 90 90 90 91 91 91 91 91 92 92 92 92 92 92 93 93 93 93 94 93 94 94 94 94 94 95 95 95 95 95 96 96 96 96 97 97 97 97 97 98 98 98 98 98 98 99 99 99 99 99 100 100 100 100 100 101 101 101 101 101 102 102 102 102 102 103 103 103 103 103 104 104 104 104 104 105 105 105 105 105 106 106 106 106 106 106 107 107 107 107 107 108 108 108 108 108 109 109 109 109 109 109 110 110 110 110 110 110 111 111 111 111 111 111 112 112 112 112 112 113 113 113 113 113 114 114 114 114 114 114 115 115 115 115 115 115 116 116 116 116 116 116 117 117 117 117 117 117 NA NA NA NA NA NA NA NA NA NA NA NA NA NA NA NA NA NA NA NA NA NA NA NA NA NA NA NA NA NA NA NA NA NA NA NA NA NA NA NA NA NA NA NA NA NA NA NA NA NA NA NA NA NA NA NA NA NA NA NA NA NA NA NA NA NA NA NA NA NA NA NA NA NA NA NA NA NA NA NA NA NA NA NA NA NA NA NA NA NA NA NA NA NA NA NA NA NA NA NA NA NA NA NA NA NA NA NA NA NA NA NA NA NA NA NA NA NA NA NA NA NA NA NA NA NA NA NA NA NA NA NA NA NA NA NA NA NA NA NA NA NA NA NA NA NA NA NA NA NA NA NA NA NA NA NA NA NA NA NA NA NA NA NA NA NA NA NA NA NA NA NA NA NA NA NA NA NA NA NA NA NA NA NA NA NA NA NA NA NA NA NA NA NA NA NA NA NA NA NA NA NA NA NA NA NA NA NA NA NA NA NA NA NA NA NA NA NA NA NA NA NA NA NA NA NA NA NA NA NA NA NA NA NA NA NA NA NA NA NA NA NA NA NA NA NA NA NA NA NA NA NA NA NA NA NA NA NA NA NA NA NA NA NA NA NA NA NA NA NA NA NA NA NA NA NA NA NA NA NA NA NA
NA NA NA NA 76 77 77 77 77 77 78 78 78 78 78 78 79 79 79 79 79 80 80 80 80 80 80 81 81 81 81 81 82 82 82 82 82 83 83 83 83 83 84 84 84 84 84 85 85 85 85 85 85 86 86 86 86 87 87 87 87 87 88 88 88 88 88 89 89 89 89 89 90 90 90 90 90 91 91 91 91 91 92 92 92 92 92 93 93 93 93 93 93 94 94 94 94 94 95 95 95 95 95 96 96 96 96 96 97 97 97 97 97 98 98 98 98 98 99 99 99 99 99 100 100 100 100 100 101 101 101 101 101 102 102 102 102 102 102 103 103 103 103 104 104 104 104 104 105 105 105 105 105 106 106 106 106 106 106 107 107 107 107 107 108 108 108 108 108 108 109 109 109 109 109 109 110 110 110 110 110 111 111 111 111 111 111 112 112 112 112 112 113 113 113 113 113 113 114 114 114 114 114 115 115 115 115 115 115 116 116 116 116 116 116 117 117 117 117 117 NA NA NA NA NA NA NA NA NA NA NA NA NA NA NA NA NA NA NA NA NA NA NA NA NA NA NA NA NA NA NA NA NA NA NA NA NA NA NA NA NA NA NA NA NA NA NA NA NA NA NA NA NA NA NA NA NA NA NA NA NA NA NA NA NA NA NA NA NA NA NA NA NA NA NA NA NA NA NA NA NA NA NA NA NA NA NA NA NA NA NA NA NA NA NA NA NA NA NA NA NA NA NA NA NA NA NA NA NA NA NA NA NA NA NA NA NA NA NA NA NA NA NA NA NA NA NA NA NA NA NA NA NA NA NA NA NA NA NA NA NA NA NA NA NA NA NA NA NA NA NA NA NA NA NA NA NA NA NA NA NA NA NA NA NA NA NA NA NA NA NA NA NA NA NA NA NA NA NA NA NA NA NA NA NA NA NA NA NA NA NA NA NA NA NA NA NA NA NA NA NA NA NA NA NA NA NA NA NA NA NA NA NA NA NA NA NA NA NA NA NA NA NA NA NA NA NA NA NA NA NA NA NA NA NA NA NA NA NA NA NA NA NA NA NA NA NA NA NA NA NA NA NA NA NA NA NA NA NA NA NA NA NA NA NA NA NA NA NA NA NA NA NA NA NA NA NA NA NA NA NA NA NA
NA NA NA NA 76 77 77 77 77 77 77 78 78 78 78 78 78 79 79 79 79 79 79 80 80 80 80 80 81 81 81 81 81 82 82 82 82 82 83 83 83 83 83 84 84 84 84 84 85 85 85 85 85 86 86 86 86 86 87 87 87 87 87 88 88 88 88 88 89 89 89 89 89 90 90 90 90 90 91 91 91 91 91 92 92 92 92 92 93 93 93 93 93 93 94 94 94 94 94 95 95 95 95 96 96 96 96 96 97 97 97 97 97 97 98 98 98 98 98 99 99 99 99 99 100 100 100 100 100 101 101 101 101 101 102 102 102 102 102 103 103 103 103 103 104 104 104 104 104 105 105 105 105 105 106 106 106 106 106 107 107 107 107 107 107 108 108 108 108 108 109 109 109 109 109 109 110 110 110 110 110 111 111 111 111 111 111 112 112 112 112 112 113 113 113 113 113 113 114 114 114 114 114 114 115 115 115 115 115 115 116 116 116 116 116 116 117 117 117 117 117 NA NA NA NA NA NA NA NA NA NA NA NA NA NA NA NA NA NA NA NA NA NA NA NA NA NA NA NA NA NA NA NA NA NA NA NA NA NA NA NA NA NA NA NA NA NA NA NA NA NA NA NA NA NA NA NA NA NA NA NA NA NA NA NA NA NA NA NA NA NA NA NA NA NA NA NA NA NA NA NA NA NA NA NA NA NA NA NA NA NA NA NA NA NA NA NA NA NA NA NA NA NA NA NA NA NA NA NA NA NA NA NA NA NA NA NA NA NA NA NA NA NA NA NA NA NA NA NA NA NA NA NA NA NA NA NA NA NA NA NA NA NA NA NA NA NA NA NA NA NA NA NA NA NA NA NA NA NA NA NA NA NA NA NA NA NA NA NA NA NA NA NA NA NA NA NA NA NA NA NA NA NA NA NA NA NA NA NA NA NA NA NA NA NA NA NA NA NA NA NA NA NA NA NA NA NA NA NA NA NA NA NA NA NA NA NA NA NA NA NA NA NA NA NA NA NA NA NA NA NA NA NA NA NA NA NA NA NA NA NA NA NA NA NA NA NA NA NA NA NA NA NA NA NA NA NA NA NA NA NA NA NA NA NA NA NA NA NA NA NA NA NA NA NA NA NA NA NA NA NA NA NA
NA NA NA NA 76 76 77 77 77 77 77 77 78 78 78 78 78 78 79 79 79 79 79 80 80 80 80 80 80 81 81 81 81 81 82 82 82 82 82 83 83 83 83 83 84 84 84 84 84 85 85 85 85 85 86 86 86 86 86 87 87 87 87 88 88 88 88 88 89 89 89 89 89 90 90 90 90 90 91 91 91 91 91 92 92 92 92 92 92 93 93 93 93 93 93 94 94 94 94 95 95 95 95 95 96 96 96 96 96 97 97 97 97 97 98 98 98 98 98 99 99 99 99 99 100 100 100 100 100 101 101 101 101 101 102 102 102 102 102 103 103 103 103 103 104 104 104 104 104 105 105 105 105 105 106 106 106 106 106 106 107 107 107 107 107 108 108 108 108 108 108 109 109 109 109 109 110 110 110 110 110 110 111 111 111 111 111 111 112 112 112 112 113 113 113 113 113 113 114 114 114 114 114 114 115 115 115 115 115 115 116 116 116 116 116 116 117 117 117 117 117 NA NA 118 NA NA NA NA NA NA NA NA NA NA NA NA NA NA NA NA NA NA NA NA NA NA NA NA NA NA NA NA NA NA NA NA NA NA NA NA NA NA NA NA NA NA NA NA NA NA NA NA NA NA NA NA NA NA NA NA NA NA NA NA NA NA NA NA NA NA NA NA NA NA NA NA NA NA NA NA NA NA NA NA NA NA NA NA NA NA NA NA NA NA NA NA NA NA NA NA NA NA NA NA NA NA NA NA NA NA NA NA NA NA NA NA NA NA NA NA NA NA NA NA NA NA NA NA NA NA NA NA NA NA NA NA NA NA NA NA NA NA NA NA NA NA NA NA NA NA NA NA NA NA NA NA NA NA NA NA NA NA NA NA NA NA NA NA NA NA NA NA NA NA NA NA NA NA NA NA NA NA NA NA NA NA NA NA NA NA NA NA NA NA NA NA NA NA NA NA NA NA NA NA NA NA NA NA NA NA NA NA NA NA NA NA NA NA NA NA NA NA NA NA NA NA NA NA NA NA NA NA NA NA NA NA NA NA NA NA NA NA NA NA NA NA NA NA NA NA NA NA NA NA NA NA NA NA NA NA NA NA NA NA NA NA NA NA NA NA NA NA NA NA NA NA NA NA NA NA NA NA NA
NA NA NA NA NA 76 76 76 77 77 77 77 77 77 78 78 78 78 78 79 79 79 79 79 80 80 80 80 80 80 81 81 81 81 81 82 82 82 82 82 83 83 83 83 84 84 84 84 84 84 85 85 85 85 85 86 86 86 86 86 87 87 87 87 88 88 88 88 88 89 89 89 89 89 90 90 90 90 90 91 91 91 91 91 92 92 92 92 92 93 93 93 93 93 93 94 94 94 94 94 95 95 95 95 96 96 96 96 96 97 97 97 97 97 97 98 98 98 98 98 99 99 99 99 99 100 100 100 100 101 101 101 101 101 101 102 102 102 102 102 103 103 103 103 104 104 104 104 104 105 105 105 105 105 105 106 106 106 106 106 107 107 107 107 107 108 108 108 108 108 108 109 109 109 109 109 109 110 110 110 110 110 111 111 111 111 111 111 112 112 112 112 113 113 113 113 113 113 114 114 114 114 114 114 115 115 115 115 115 115 116 116 116 116 116 116 117 117 117 117 117 117 117 118 NA NA NA NA NA NA NA NA NA NA NA NA NA NA NA NA NA NA NA NA NA NA NA NA NA NA NA NA NA NA NA NA NA NA NA NA NA NA NA NA NA NA NA NA NA NA NA NA NA NA NA NA NA NA NA NA NA NA NA NA NA NA NA NA NA NA NA NA NA NA NA NA NA NA NA NA NA NA NA NA NA NA NA NA NA NA NA NA NA NA NA NA NA NA NA NA NA NA NA NA NA NA NA NA NA NA NA NA NA NA NA NA NA NA NA NA NA NA NA NA NA NA NA NA NA NA NA NA NA NA NA NA NA NA NA NA NA NA NA NA NA NA NA NA NA NA NA NA NA NA NA NA NA NA NA NA NA NA NA NA NA NA NA NA NA NA NA NA NA NA NA NA NA NA NA NA NA NA NA NA NA NA NA NA NA NA NA NA NA NA NA NA NA NA NA NA NA NA NA NA NA NA NA NA NA NA NA NA NA NA NA NA NA NA NA NA NA NA NA NA NA NA NA NA NA NA NA NA NA NA NA NA NA NA NA NA NA NA NA NA NA NA NA NA NA NA NA NA NA NA NA NA NA NA NA NA NA NA NA NA NA NA NA NA NA NA NA NA NA NA NA NA NA NA NA NA NA NA NA
NA NA NA NA NA NA NA NA 76 77 77 77 77 77 78 78 78 78 78 78 79 79 79 79 79 80 80 80 80 80 80 81 81 81 81 81 82 82 82 82 82 83 83 83 83 84 84 84 84 84 85 85 85 85 85 85 86 86 86 86 87 87 87 87 87 88 88 88 88 88 89 89 89 89 89 90 90 90 90 91 91 91 91 91 92 92 92 92 92 92 93 93 93 93 93 93 94 94 94 94 95 95 95 95 95 96 96 96 96 96 97 97 97 97 97 98 98 98 98 98 99 99 99 99 99 100 100 100 100 100 101 101 101 101 101 102 102 102 102 102 103 103 103 103 103 104 104 104 104 104 105 105 105 105 105 106 106 106 106 106 107 107 107 107 107 107 108 108 108 108 108 109 109 109 109 109 109 110 110 110 110 110 110 111 111 111 111 111 112 112 112 112 112 113 113 113 113 113 113 114 114 114 114 114 114 115 115 115 115 115 115 116 116 116 116 116 116 117 117 117 117 117 117 118 118 NA NA NA NA NA NA NA NA NA NA NA 120 120 120 NA NA NA NA NA NA NA NA NA NA NA NA NA NA NA NA NA NA NA NA NA NA NA NA NA NA NA NA NA NA NA NA NA NA NA NA NA NA NA NA NA NA NA NA NA NA NA NA NA NA NA NA NA NA NA NA NA NA NA NA NA NA NA NA NA NA NA NA NA NA NA NA NA NA NA NA NA NA NA NA NA NA NA NA NA NA NA NA NA NA NA NA NA NA NA NA NA NA NA NA NA NA NA NA NA NA NA NA NA NA NA NA NA NA NA NA NA NA NA NA NA NA NA NA NA NA NA NA NA NA NA NA NA NA NA NA NA NA NA NA NA NA NA NA NA NA NA NA NA NA NA NA NA NA NA NA NA NA NA NA NA NA NA NA NA NA NA NA NA NA NA NA NA NA NA NA NA NA NA NA NA NA NA NA NA NA NA NA NA NA NA NA NA NA NA NA NA NA NA NA NA NA NA NA NA NA NA NA NA NA NA NA NA NA NA NA NA NA NA NA NA NA NA NA NA NA NA NA NA NA NA NA NA NA NA NA NA NA NA NA NA NA NA NA NA NA NA NA NA NA NA NA NA NA NA NA NA NA NA NA NA NA NA NA
NA NA NA NA NA NA NA NA NA 76 77 77 77 77 77 78 78 78 78 78 78 79 79 79 79 79 80 80 80 80 80 81 81 81 81 81 81 82 82 82 82 82 83 83 83 83 84 84 84 84 84 85 85 85 85 85 86 86 86 86 86 87 87 87 87 87 88 88 88 88 89 89 89 89 89 90 90 90 90 90 91 91 91 91 91 92 92 92 92 92 93 93 93 93 93 93 94 94 94 94 94 95 95 95 95 96 96 96 96 96 97 97 97 97 97 97 98 98 98 98 98 99 99 99 99 99 100 100 100 100 101 101 101 101 101 101 102 102 102 102 103 103 103 103 103 104 104 104 104 104 105 105 105 105 105 106 106 106 106 106 106 107 107 107 107 107 108 108 108 108 108 108 109 109 109 109 109 110 110 110 110 110 110 111 111 111 111 111 111 112 112 112 112 113 113 113 113 113 113 114 114 114 114 114 114 115 115 115 115 115 115 116 116 116 116 116 116 117 117 117 117 117 117 118 118 NA NA NA NA NA NA NA NA NA NA 119 120 120 120 120 120 NA NA NA NA NA NA NA NA NA NA NA NA NA NA NA NA NA NA NA NA NA NA NA NA NA NA NA NA NA NA NA NA NA NA NA NA NA NA NA NA NA NA NA NA NA NA NA NA NA NA NA NA NA NA NA NA NA NA NA NA NA NA NA NA NA NA NA NA NA NA NA NA NA NA NA NA NA NA NA NA NA NA NA NA NA NA NA NA NA NA NA NA NA NA NA NA NA NA NA NA NA NA NA NA NA NA NA NA NA NA NA NA NA NA NA NA NA NA NA NA NA NA NA NA NA NA NA NA NA NA NA NA NA NA NA NA NA NA NA NA NA NA NA NA NA NA NA NA NA NA NA NA NA NA NA NA NA NA NA NA NA NA NA NA NA NA NA NA NA NA NA NA NA NA NA NA NA NA NA NA NA NA NA NA NA NA NA NA NA NA NA NA NA NA NA NA NA NA NA NA NA NA NA NA NA NA NA NA NA NA NA NA NA NA NA NA NA NA NA NA NA NA NA NA NA NA NA NA NA NA NA NA NA NA NA NA NA NA NA NA NA NA NA NA NA NA NA NA NA NA NA NA NA NA NA NA NA NA NA NA NA NA
NA NA NA NA NA NA NA NA NA 76 77 77 77 77 77 77 78 78 78 78 78 78 79 79 79 79 79 80 80 80 80 80 81 81 81 81 81 82 82 82 82 82 83 83 83 83 83 84 84 84 84 84 85 85 85 85 85 86 86 86 86 86 87 87 87 87 88 88 88 88 88 89 89 89 89 89 90 90 90 90 90 91 91 91 91 91 92 92 92 92 92 93 92 93 93 93 94 94 94 94 94 95 95 95 95 95 96 96 96 96 96 97 97 97 97 97 98 98 98 98 98 99 99 99 99 99 100 100 100 100 100 101 101 101 101 101 102 102 102 102 102 103 103 103 103 103 104 104 104 104 105 105 105 105 105 105 106 106 106 106 106 107 107 107 107 107 107 108 108 108 108 108 109 109 109 109 109 109 110 110 110 110 110 111 111 111 111 111 111 112 112 112 112 113 113 113 113 113 113 114 114 114 114 114 114 115 115 115 115 115 115 116 116 116 116 116 116 117 117 117 117 117 117 118 118 NA NA NA NA NA NA NA NA NA NA 119 120 120 120 120 NA NA NA NA NA NA NA NA NA NA NA NA NA NA NA NA NA NA NA NA NA NA NA NA NA NA NA NA NA NA NA NA NA NA NA NA NA NA NA NA NA NA NA NA NA NA NA NA NA NA NA NA NA NA NA NA NA NA NA NA NA NA NA NA NA NA NA NA NA NA NA NA NA NA NA NA NA NA NA NA NA NA NA NA NA NA NA NA NA NA NA NA NA NA NA NA NA NA NA NA NA NA NA NA NA NA NA NA NA NA NA NA NA NA NA NA NA NA NA NA NA NA NA NA NA NA NA NA NA NA NA NA NA NA NA NA NA NA NA NA NA NA NA NA NA NA NA NA NA NA NA NA NA NA NA NA NA NA NA NA NA NA NA NA NA NA NA NA NA NA NA NA NA NA NA NA NA NA NA NA NA NA NA NA NA NA NA NA NA NA NA NA NA NA NA NA NA NA NA NA NA NA NA NA NA NA NA NA NA NA NA NA NA NA NA NA NA NA NA NA NA NA NA NA NA NA NA NA NA NA NA NA NA NA NA NA NA NA NA NA NA NA NA NA NA NA NA NA NA NA NA NA NA NA NA NA NA NA NA NA NA NA NA
NA NA NA NA NA NA NA NA NA 76 76 76 77 77 77 77 77 78 78 78 78 78 78 79 79 79 79 79 80 80 80 80 80 81 81 81 81 81 82 82 82 82 83 83 83 83 83 84 84 84 84 84 85 85 85 85 85 86 86 86 86 86 86 87 87 87 87 88 88 88 88 88 89 89 89 89 90 90 90 90 90 91 91 91 91 91 92 92 92 92 92 93 92 93 93 93 93 94 94 94 94 94 95 95 95 95 96 96 96 96 96 97 97 97 97 97 97 98 98 98 98 99 99 99 99 99 100 100 100 100 100 101 101 101 101 101 102 102 102 102 102 103 103 103 103 103 104 104 104 104 104 105 105 105 105 105 106 106 106 106 106 106 107 107 107 107 107 108 108 108 108 108 109 109 109 109 109 109 110 110 110 110 110 110 111 111 111 111 111 112 112 112 112 112 113 113 113 113 113 113 114 114 114 114 114 115 115 115 115 115 115 116 116 116 116 116 116 116 117 117 117 117 117 117 118 118 NA NA NA 118 119 119 119 119 119 119 119 120 120 120 NA NA NA NA NA NA NA NA NA NA NA NA NA NA NA NA NA NA NA NA NA NA NA NA NA NA NA NA NA NA NA NA NA NA NA NA NA NA NA NA NA NA NA NA NA NA NA NA NA NA NA NA NA NA NA NA NA NA NA NA NA NA NA NA NA NA NA NA NA NA NA NA NA NA NA NA NA NA NA NA NA NA NA NA NA NA NA NA NA NA NA NA NA NA NA NA NA NA NA NA NA NA NA NA NA NA NA NA NA NA NA NA NA NA NA NA NA NA NA NA NA NA NA NA NA NA NA NA NA NA NA NA NA NA NA NA NA NA NA NA NA NA NA NA NA NA NA NA NA NA NA NA NA NA NA NA NA NA NA NA NA NA NA NA NA NA NA NA NA NA NA NA NA NA NA NA NA NA NA NA NA NA NA NA NA NA NA NA NA NA NA NA NA NA NA NA NA NA NA NA NA NA NA NA NA NA NA NA NA NA NA NA NA NA NA NA NA NA NA NA NA NA NA NA NA NA NA NA NA NA NA NA NA NA NA NA NA NA NA NA NA NA NA NA NA NA NA NA NA NA NA NA NA NA NA NA NA NA NA NA NA NA NA
NA NA NA NA NA NA NA NA NA NA 76 76 76 77 77 77 77 77 78 78 78 78 78 78 79 79 79 79 79 80 80 80 80 80 81 81 81 81 81 82 82 82 82 83 83 83 83 83 84 84 84 84 84 85 85 85 85 85 86 86 86 86 86 87 87 87 87 87 88 88 88 88 89 89 89 89 89 90 90 90 90 90 91 91 91 91 91 92 92 92 92 92 92 92 93 93 93 94 94 94 94 94 95 95 95 95 95 96 96 96 96 96 97 97 97 97 97 98 98 98 98 98 99 99 99 99 99 100 100 100 100 100 101 101 101 101 101 102 102 102 102 102 103 103 103 103 104 104 104 104 104 104 105 105 105 105 105 106 106 106 106 106 107 107 107 107 107 108 108 108 108 108 108 109 109 109 109 109 110 110 110 110 110 110 111 111 111 111 111 111 112 112 112 112 113 113 113 113 113 113 114 114 114 114 114 115 115 115 115 115 115 115 116 116 116 116 116 116 117 117 117 117 117 117 118 118 118 118 118 118 119 119 119 119 119 119 119 120 120 NA NA NA NA NA NA NA NA NA NA NA NA NA NA NA NA NA NA NA NA NA NA NA NA NA NA NA NA NA NA NA NA NA NA NA NA NA NA NA NA NA NA NA NA NA NA NA NA NA NA NA NA NA NA NA NA NA NA NA NA NA NA NA NA NA NA NA NA NA NA NA NA NA NA NA NA NA NA NA NA NA NA NA NA NA NA NA NA NA NA NA NA NA NA NA NA NA NA NA NA NA NA NA NA NA NA NA NA NA NA NA NA NA NA NA NA NA NA NA NA NA NA NA NA NA NA NA NA NA NA NA NA NA NA NA NA NA NA NA NA NA NA NA NA NA NA NA NA NA NA NA NA NA NA NA NA NA NA NA NA NA NA NA NA NA NA NA NA NA NA NA NA NA NA NA NA NA NA NA NA NA NA NA NA NA NA NA NA NA NA NA NA NA NA NA NA NA NA NA NA NA NA NA NA NA NA NA NA NA NA NA NA NA NA NA NA NA NA NA NA NA NA NA NA NA NA NA NA NA NA NA NA NA NA NA NA NA NA NA NA NA NA NA NA NA NA NA NA NA NA NA NA NA NA NA NA NA NA NA NA NA NA NA NA
NA NA NA NA NA NA NA NA NA NA 76 76 76 76 77 77 77 77 77 78 78 78 78 78 78 79 79 79 79 79 80 80 80 80 80 81 81 81 81 81 82 82 82 82 83 83 83 83 83 84 84 84 84 84 85 85 85 85 85 86 86 86 86 86 87 87 87 87 87 88 88 88 88 89 89 89 89 89 90 90 90 90 91 91 91 91 91 91 92 92 92 92 92 92 93 93 93 93 94 94 94 94 94 95 95 95 95 95 96 96 96 96 97 97 97 97 97 97 98 98 98 98 99 99 99 99 99 100 100 100 100 100 101 101 101 101 101 102 102 102 102 102 103 103 103 103 103 104 104 104 104 104 105 105 105 105 105 106 106 106 106 106 107 107 107 107 107 107 108 108 108 108 108 109 109 109 109 109 109 110 110 110 110 110 111 111 111 111 111 111 112 112 112 112 113 113 113 113 113 113 114 114 114 114 114 114 115 115 115 115 115 115 116 116 116 116 116 116 117 117 117 117 117 117 118 118 118 118 118 118 118 119 119 119 119 119 119 120 NA NA NA NA NA NA NA NA NA NA NA NA NA NA NA NA NA NA NA NA NA NA NA NA NA NA NA NA NA NA NA NA NA NA NA NA NA NA NA NA NA NA NA NA NA NA NA NA NA NA NA NA NA NA NA NA NA NA NA NA NA NA NA NA NA NA NA NA NA NA NA NA NA NA NA NA NA NA NA NA NA NA NA NA NA NA NA NA NA NA NA NA NA NA NA NA NA NA NA NA NA NA NA NA NA NA NA NA NA NA NA NA NA NA NA NA NA NA NA NA NA NA NA NA NA NA NA NA NA NA NA NA NA NA NA NA NA NA NA NA NA NA NA NA NA NA NA NA NA NA NA NA NA NA NA NA NA NA NA NA NA NA NA NA NA NA NA NA NA NA NA NA NA NA NA NA NA NA NA NA NA NA NA NA NA NA NA NA NA NA NA NA NA NA NA NA NA NA NA NA NA NA NA NA NA NA NA NA NA NA NA NA NA NA NA NA NA NA NA NA NA NA NA NA NA NA NA NA NA NA NA NA NA NA NA NA NA NA NA NA NA NA NA NA NA NA NA NA NA NA NA NA NA NA NA NA NA NA NA NA NA NA NA NA NA
NA NA NA NA NA NA NA NA NA NA 76 76 76 76 76 77 77 77 77 77 78 78 78 78 78 79 79 79 79 79 80 80 80 80 80 80 81 81 81 81 81 82 82 82 82 83 83 83 83 83 84 84 84 84 84 85 85 85 85 86 86 86 86 86 86 87 87 87 87 88 88 88 88 88 89 89 89 89 90 90 90 90 90 91 91 91 91 91 92 92 92 92 92 92 92 93 93 93 93 94 94 94 94 95 95 95 95 95 96 96 96 96 96 97 97 97 97 97 98 98 98 98 98 99 99 99 99 100 100 100 100 100 100 101 101 101 101 101 102 102 102 102 103 103 103 103 103 104 104 104 104 104 105 105 105 105 105 105 106 106 106 106 106 107 107 107 107 107 108 108 108 108 108 109 109 109 109 109 109 110 110 110 110 110 111 111 111 111 111 111 112 112 112 112 112 113 113 113 113 113 114 114 114 114 114 114 115 115 115 115 115 115 116 116 116 116 116 116 117 117 117 117 117 117 117 118 118 118 118 118 118 119 119 119 119 119 119 120 NA NA NA NA NA NA NA NA NA NA NA NA NA NA NA NA NA NA NA NA NA NA NA NA NA NA NA NA NA NA NA NA NA NA NA NA NA NA NA NA NA NA NA NA NA NA NA NA NA NA NA NA NA NA NA NA NA NA NA NA NA NA NA NA NA NA NA NA NA NA NA NA NA NA NA NA NA NA NA NA NA NA NA NA NA NA NA NA NA NA NA NA NA NA NA NA NA NA NA NA NA NA NA NA NA NA NA NA NA NA NA NA NA NA NA NA NA NA NA NA NA NA NA NA NA NA NA NA NA NA NA NA NA NA NA NA NA NA NA NA NA NA NA NA NA NA NA NA NA NA NA NA NA NA NA NA NA NA NA NA NA NA NA NA NA NA NA NA NA NA NA NA NA NA NA NA NA NA NA NA NA NA NA NA NA NA NA NA NA NA NA NA NA NA NA NA NA NA NA NA NA NA NA NA NA NA NA NA NA NA NA NA NA NA NA NA NA NA NA NA NA NA NA NA NA NA NA NA NA NA NA NA NA NA NA NA NA NA NA NA NA NA NA NA NA NA NA NA NA NA NA NA NA NA NA NA NA NA NA NA NA NA NA NA NA
NA NA NA NA NA NA NA NA NA NA 76 76 76 76 76 76 77 77 77 77 77 78 78 78 78 78 79 79 79 79 79 80 80 80 80 80 81 81 81 81 81 82 82 82 82 82 83 83 83 83 84 84 84 84 84 85 85 85 85 85 86 86 86 86 86 87 87 87 87 87 88 88 88 88 89 89 89 89 89 90 90 90 90 90 91 91 91 91 92 92 92 92 92 92 92 93 93 93 93 93 94 94 94 94 95 95 95 95 96 96 96 96 96 97 97 97 97 97 98 98 98 98 98 99 99 99 99 99 100 100 100 100 100 101 101 101 101 101 102 102 102 102 103 103 103 103 103 104 104 104 104 104 104 105 105 105 105 105 106 106 106 106 106 107 107 107 107 107 108 108 108 108 108 108 109 109 109 109 109 110 110 110 110 110 110 111 111 111 111 111 112 112 112 112 112 113 113 113 113 113 113 114 114 114 114 114 114 115 115 115 115 115 115 116 116 116 116 116 116 117 117 117 117 117 117 118 118 118 118 118 118 119 119 119 119 119 119 120 NA NA NA NA NA NA NA NA NA NA NA NA NA NA NA NA NA NA NA NA NA NA NA NA NA NA NA NA NA NA NA NA NA NA NA NA NA NA NA NA NA NA NA NA NA NA NA NA NA NA NA NA NA NA NA NA NA NA NA NA NA NA NA NA NA NA NA NA NA NA NA NA NA NA NA NA NA NA NA NA NA NA NA NA NA NA NA NA NA NA NA NA NA NA NA NA NA NA NA NA NA NA NA NA NA NA NA NA NA NA NA NA NA NA NA NA NA NA NA NA NA NA NA NA NA NA NA NA NA NA NA NA NA NA NA NA NA NA NA NA NA NA NA NA NA NA NA NA NA NA NA NA NA NA NA NA NA NA NA NA NA NA NA NA NA NA NA NA NA NA NA NA NA NA NA NA NA NA NA NA NA NA NA NA NA NA NA NA NA NA NA NA NA NA NA NA NA NA NA NA NA NA NA NA NA NA NA NA NA NA NA NA NA NA NA NA NA NA NA NA NA NA NA NA NA NA NA NA NA NA NA NA NA NA NA NA NA NA NA NA NA NA NA NA NA NA NA NA NA NA NA NA NA NA NA NA NA NA NA NA NA NA NA NA NA
NA NA NA NA NA NA NA NA NA NA NA 76 76 76 76 76 76 77 77 77 77 77 78 78 78 78 78 79 79 79 79 79 80 80 80 80 80 81 81 81 81 81 82 82 82 82 83 83 83 83 83 84 84 84 84 84 85 85 85 85 85 86 86 86 86 86 87 87 87 87 87 88 88 88 88 89 89 89 89 90 90 90 90 90 91 91 91 91 91 92 92 92 92 92 92 93 93 93 93 93 94 94 94 94 94 95 95 95 95 96 96 96 96 96 97 97 97 97 97 98 98 98 98 98 99 99 99 99 100 100 100 100 100 100 101 101 101 101 102 102 102 102 102 103 103 103 103 103 104 104 104 104 104 105 105 105 105 105 106 106 106 106 106 107 107 107 107 107 107 108 108 108 108 108 109 109 109 109 109 109 110 110 110 110 110 111 111 111 111 111 111 112 112 112 112 113 113 113 113 113 113 114 114 114 114 114 114 115 115 115 115 115 115 116 116 116 116 116 116 117 117 117 117 117 117 118 118 118 118 118 118 118 119 119 119 119 119 119 NA NA NA NA NA NA NA NA NA NA NA NA NA NA NA NA NA NA NA NA NA NA NA NA NA NA NA NA NA NA NA NA NA NA NA NA NA NA NA NA NA NA NA NA NA NA NA NA NA NA NA NA NA NA NA NA NA NA NA NA NA NA NA NA NA NA NA NA NA NA NA NA NA NA NA NA NA NA NA NA NA NA NA NA NA NA NA NA NA NA NA NA NA NA NA NA NA NA NA NA NA NA NA NA NA NA NA NA NA NA NA NA NA NA NA NA NA NA NA NA NA NA NA NA NA NA NA NA NA NA NA NA NA NA NA NA NA NA NA NA NA NA NA NA NA NA NA NA NA NA NA NA NA NA NA NA NA NA NA NA NA NA NA NA NA NA NA NA NA NA NA NA NA NA NA NA NA NA NA NA NA NA NA NA NA NA NA NA NA NA NA NA NA NA NA NA NA NA NA NA NA NA NA NA NA NA NA NA NA NA NA NA NA NA NA NA NA NA NA NA NA NA NA NA NA NA NA NA NA NA NA NA NA NA NA NA NA NA NA NA NA NA NA NA NA NA NA NA NA NA NA NA NA NA NA NA NA NA NA NA NA NA NA NA NA
NA NA NA NA NA NA NA NA NA NA NA 75 76 76 76 76 76 76 77 77 77 77 77 78 78 78 78 78 79 79 79 79 79 80 80 80 80 80 81 81 81 81 82 82 82 82 82 83 83 83 83 83 84 84 84 84 84 85 85 85 85 86 86 86 86 86 86 87 87 87 87 88 88 88 88 89 89 89 89 89 90 90 90 90 90 91 91 91 91 92 92 92 92 92 92 93 93 93 93 93 94 94 94 94 94 95 95 95 95 96 96 96 96 96 97 97 97 97 97 98 98 98 98 98 99 99 99 99 99 100 100 100 100 100 101 101 101 101 101 102 102 102 102 103 103 103 103 103 104 104 104 104 104 105 105 105 105 105 105 106 106 106 106 106 107 107 107 107 107 108 108 108 108 108 109 109 109 109 109 109 110 110 110 110 110 111 111 111 111 111 111 112 112 112 112 112 113 113 113 113 113 114 114 114 114 114 114 115 115 115 115 115 115 116 116 116 116 116 116 117 117 117 117 117 117 118 118 118 118 118 118 118 119 119 119 119 119 119 NA NA NA NA NA NA NA NA NA NA NA NA NA NA NA NA NA NA NA NA NA NA NA NA NA NA NA NA NA NA NA NA NA NA NA NA NA NA NA NA NA NA NA NA NA NA NA NA NA NA NA NA NA NA NA NA NA NA NA NA NA NA NA NA NA NA NA NA NA NA NA NA NA NA NA NA NA NA NA NA NA NA NA NA NA NA NA NA NA NA NA NA NA NA NA NA NA NA NA NA NA NA NA NA NA NA NA NA NA NA NA NA NA NA NA NA NA NA NA NA NA NA NA NA NA NA NA NA NA NA NA NA NA NA NA NA NA NA NA NA NA NA NA NA NA NA NA NA NA NA NA NA NA NA NA NA NA NA NA NA NA NA NA NA NA NA NA NA NA NA NA NA NA NA NA NA NA NA NA NA NA NA NA NA NA NA NA NA NA NA NA NA NA NA NA NA NA NA NA NA NA NA NA NA NA NA NA NA NA NA NA NA NA NA NA NA NA NA NA NA NA NA NA NA NA NA NA NA NA NA NA NA NA NA NA NA NA NA NA NA NA NA NA NA NA NA NA NA NA NA NA NA NA NA NA NA NA NA NA NA NA NA NA NA NA
NA NA NA NA NA NA NA NA NA NA NA NA 75 76 76 76 76 76 76 77 77 77 77 77 78 78 78 78 78 79 79 79 79 79 80 80 80 80 80 81 81 81 81 82 82 82 82 82 83 83 83 83 83 84 84 84 84 85 85 85 85 85 86 86 86 86 86 87 87 87 87 87 88 88 88 88 89 89 89 89 89 90 90 90 90 91 91 91 91 91 92 92 92 92 92 92 93 93 93 93 93 94 94 94 94 94 95 95 95 95 96 96 96 96 96 97 97 97 97 97 98 98 98 98 99 99 99 99 99 100 100 100 100 100 101 101 101 101 101 102 102 102 102 102 103 103 103 103 103 104 104 104 104 104 105 105 105 105 105 106 106 106 106 106 107 107 107 107 107 108 108 108 108 108 108 109 109 109 109 109 110 110 110 110 110 110 111 111 111 111 111 112 112 112 112 112 113 113 113 113 113 113 114 114 114 114 114 115 115 115 115 115 115 115 116 116 116 116 116 116 117 117 117 117 117 117 118 118 118 118 118 118 119 119 119 119 119 119 NA NA NA NA NA NA NA NA NA NA NA NA NA NA NA NA NA NA NA NA NA NA NA NA NA NA NA NA NA NA NA NA NA NA NA NA NA NA NA NA NA NA NA NA NA NA NA NA NA NA NA NA NA NA NA NA NA NA NA NA NA NA NA NA NA NA NA NA NA NA NA NA NA NA NA NA NA NA NA NA NA NA NA NA NA NA NA NA NA NA NA NA NA NA NA NA NA NA NA NA NA NA NA NA NA NA NA NA NA NA NA NA NA NA NA NA NA NA NA NA NA NA NA NA NA NA NA NA NA NA NA NA NA NA NA NA NA NA NA NA NA NA NA NA NA NA NA NA NA NA NA NA NA NA NA NA NA NA NA NA NA NA NA NA NA NA NA NA NA NA NA NA NA NA NA NA NA NA NA NA NA NA NA NA NA NA NA NA NA NA NA NA NA NA NA NA NA NA NA NA NA NA NA NA NA NA NA NA NA NA NA NA NA NA NA NA NA NA NA NA NA NA NA NA NA NA NA NA NA NA NA NA NA NA NA NA NA NA NA NA NA NA NA NA NA NA NA NA NA NA NA NA NA NA NA NA NA NA NA NA NA NA NA NA NA
NA NA NA NA NA NA NA NA NA NA NA NA NA NA 76 76 76 76 76 76 77 77 77 77 77 78 78 78 78 78 79 79 79 79 79 80 80 80 80 80 81 81 81 81 82 82 82 82 83 83 83 83 83 84 84 84 84 84 85 85 85 85 85 86 86 86 86 86 87 87 87 87 88 88 88 88 88 89 89 89 89 90 90 90 90 90 91 91 91 91 92 92 92 92 92 92 93 93 93 93 93 94 94 94 94 94 95 95 95 95 96 96 96 96 96 97 97 97 97 97 98 98 98 98 98 99 99 99 99 99 100 100 100 100 100 101 101 101 101 101 102 102 102 102 103 103 103 103 103 104 104 104 104 104 105 105 105 105 105 106 106 106 106 106 107 107 107 107 107 107 108 108 108 108 108 109 109 109 109 109 109 110 110 110 110 110 111 111 111 111 111 111 112 112 112 112 113 113 113 113 113 113 114 114 114 114 114 114 115 115 115 115 115 115 116 116 116 116 116 116 117 117 117 117 117 117 118 118 118 118 118 118 119 119 119 119 119 119 NA NA NA NA NA NA NA NA NA NA NA NA NA NA NA NA NA NA NA NA NA NA NA NA NA NA NA NA NA NA NA NA NA NA NA NA NA NA NA NA NA NA NA NA NA NA NA NA NA NA NA NA NA NA NA NA NA NA NA NA NA NA NA NA NA NA NA NA NA NA NA NA NA NA NA NA NA NA NA NA NA NA NA NA NA NA NA NA NA NA NA NA NA NA NA NA NA NA NA NA NA NA NA NA NA NA NA NA NA NA NA NA NA NA NA NA NA NA NA NA NA NA NA NA NA NA NA NA NA NA NA NA NA NA NA NA NA NA NA NA NA NA NA NA NA NA NA NA NA NA NA NA NA NA NA NA NA NA NA NA NA NA NA NA NA NA NA NA NA NA NA NA NA NA NA NA NA NA NA NA NA NA NA NA NA NA NA NA NA NA NA NA NA NA NA NA NA NA NA NA NA NA NA NA NA NA NA NA NA NA NA NA NA NA NA NA NA NA NA NA NA NA NA NA NA NA NA NA NA NA NA NA NA NA NA NA NA NA NA NA NA NA NA NA NA NA NA NA NA NA NA NA NA NA NA NA NA NA NA NA NA NA NA NA NA
NA NA NA NA NA NA NA NA NA NA NA NA NA NA NA NA NA 76 76 76 76 77 77 77 77 77 78 78 78 78 78 79 79 79 79 80 80 80 80 80 81 81 81 81 82 82 82 82 82 83 83 83 83 83 84 84 84 84 84 85 85 85 85 86 86 86 86 86 87 87 87 87 87 88 88 88 88 89 89 89 89 89 90 90 90 90 91 91 91 91 91 92 92 92 92 92 92 93 93 93 93 93 94 94 94 94 95 95 95 95 95 96 96 96 96 96 97 97 97 97 98 98 98 98 98 99 99 99 99 99 100 100 100 100 100 101 101 101 101 101 102 102 102 102 103 103 103 103 103 104 104 104 104 104 104 105 105 105 105 106 106 106 106 106 106 107 107 107 107 107 108 108 108 108 108 109 109 109 109 109 109 110 110 110 110 110 111 111 111 111 111 111 112 112 112 112 112 113 113 113 113 113 114 114 114 114 114 114 115 115 115 115 115 115 116 116 116 116 116 116 117 117 117 117 117 117 118 118 118 118 118 118 119 119 119 119 119 119 NA NA NA NA NA NA NA NA NA NA NA NA NA NA NA NA NA NA NA NA NA NA NA NA NA NA NA NA NA NA NA NA NA NA NA NA NA NA NA NA NA NA NA NA NA NA NA NA NA NA NA NA NA NA NA NA NA NA NA NA NA NA NA NA NA NA NA NA NA NA NA NA NA NA NA NA NA NA NA NA NA NA NA NA NA NA NA NA NA NA NA NA NA NA NA NA NA NA NA NA NA NA NA NA NA NA NA NA NA NA NA NA NA NA NA NA NA NA NA NA NA NA NA NA NA NA NA NA NA NA NA NA NA NA NA NA NA NA NA NA NA NA NA NA NA NA NA NA NA NA NA NA NA NA NA NA NA NA NA NA NA NA NA NA NA NA NA NA NA NA NA NA NA NA NA NA NA NA NA NA NA NA NA NA NA NA NA NA NA NA NA NA NA NA NA NA NA NA NA NA NA NA NA NA NA NA NA NA NA NA NA NA NA NA NA NA NA NA NA NA NA NA NA NA NA NA NA NA NA NA NA NA NA NA NA NA NA NA NA NA NA NA NA NA NA NA NA NA NA NA NA NA NA NA NA NA NA NA NA NA NA NA NA NA NA
NA NA NA NA NA NA NA NA NA NA NA NA NA NA NA NA NA NA 76 76 76 77 77 77 77 77 77 78 78 78 78 79 79 79 79 79 80 80 80 80 80 81 81 81 81 82 82 82 82 82 83 83 83 83 83 84 84 84 84 85 85 85 85 85 86 86 86 86 86 87 87 87 87 87 88 88 88 88 89 89 89 89 90 90 90 90 90 91 91 91 91 91 91 92 92 92 92 93 93 93 93 93 94 94 94 94 94 95 95 95 95 96 96 96 96 96 97 97 97 97 97 98 98 98 98 98 99 99 99 99 99 100 100 100 100 101 101 101 101 101 102 102 102 102 102 103 103 103 103 103 104 104 104 104 104 105 105 105 105 105 106 106 106 106 106 107 107 107 107 107 108 108 108 108 108 108 109 109 109 109 109 110 110 110 110 110 110 111 111 111 111 111 112 112 112 112 112 113 113 113 113 113 113 114 114 114 114 114 115 115 115 115 115 115 116 116 116 116 116 116 117 117 117 117 117 117 117 118 118 118 118 118 118 119 119 119 119 119 NA NA NA NA NA NA NA NA NA NA NA NA NA NA NA NA NA NA NA NA NA NA NA NA NA NA NA NA NA NA NA NA NA NA NA NA NA NA NA NA NA NA NA NA NA NA NA NA NA NA NA NA NA NA NA NA NA NA NA NA NA NA NA NA NA NA NA NA NA NA NA NA NA NA NA NA NA NA NA NA NA NA NA NA NA NA NA NA NA NA NA NA NA NA NA NA NA NA NA NA NA NA NA NA NA NA NA NA NA NA NA NA NA NA NA NA NA NA NA NA NA NA NA NA NA NA NA NA NA NA NA NA NA NA NA NA NA NA NA NA NA NA NA NA NA NA NA NA NA NA NA NA NA NA NA NA NA NA NA NA NA NA NA NA NA NA NA NA NA NA NA NA NA NA NA NA NA NA NA NA NA NA NA NA NA NA NA NA NA NA NA NA NA NA NA NA NA NA NA NA NA NA NA NA NA NA NA NA NA NA NA NA NA NA NA NA NA NA NA NA NA NA NA NA NA NA NA NA NA NA NA NA NA NA NA NA NA NA NA NA NA NA NA NA NA NA NA NA NA NA NA NA NA NA NA NA NA NA NA NA NA NA NA NA NA
NA NA NA NA NA NA NA NA NA NA NA NA NA NA NA NA NA NA 76 76 76 76 77 77 77 77 77 78 78 78 78 78 79 79 79 79 79 80 80 80 80 80 81 81 81 81 82 82 82 82 82 83 83 83 83 84 84 84 84 84 85 85 85 85 85 86 86 86 86 87 87 87 87 87 88 88 88 88 88 89 89 89 89 90 90 90 90 90 91 91 91 91 91 92 92 92 92 92 93 93 93 93 93 94 94 94 94 95 95 95 95 95 96 96 96 96 96 97 97 97 97 98 98 98 98 98 99 99 99 99 99 100 100 100 100 100 101 101 101 101 101 102 102 102 102 103 103 103 103 103 104 104 104 104 104 105 105 105 105 105 106 106 106 106 106 107 107 107 107 107 107 108 108 108 108 108 109 109 109 109 109 109 110 110 110 110 110 111 111 111 111 111 112 112 112 112 112 113 113 113 113 113 113 114 114 114 114 114 114 115 115 115 115 115 115 116 116 116 116 116 116 117 117 117 117 117 117 118 118 118 118 118 118 119 119 119 119 119 NA NA NA NA NA NA NA NA NA NA NA NA NA NA NA NA NA NA NA NA NA NA NA NA NA NA NA NA NA NA NA NA NA NA NA NA NA NA NA NA NA NA NA NA NA NA NA NA NA NA NA NA NA NA NA NA NA NA NA NA NA NA NA NA NA NA NA NA NA NA NA NA NA NA NA NA NA NA NA NA NA NA NA NA NA NA NA NA NA NA NA NA NA NA NA NA NA NA NA NA NA NA NA NA NA NA NA NA NA NA NA NA NA NA NA NA NA NA NA NA NA NA NA NA NA NA NA NA NA NA NA NA NA NA NA NA NA NA NA NA NA NA NA NA NA NA NA NA NA NA NA NA NA NA NA NA NA NA NA NA NA NA NA NA NA NA NA NA NA NA NA NA NA NA NA NA NA NA NA NA NA NA NA NA NA NA NA NA NA NA NA NA NA NA NA NA NA NA NA NA NA NA NA NA NA NA NA NA NA NA NA NA NA NA NA NA NA NA NA NA NA NA NA NA NA NA NA NA NA NA NA NA NA NA NA NA NA NA NA NA NA NA NA NA NA NA NA NA NA NA NA NA NA NA NA NA NA NA NA NA NA NA NA NA NA
NA NA NA NA NA NA NA NA NA NA NA NA NA NA NA NA NA 75 76 76 76 76 76 77 77 77 77 77 78 78 78 78 78 79 79 79 79 79 80 80 80 80 81 81 81 81 81 82 82 82 82 83 83 83 83 83 84 84 84 84 84 85 85 85 85 86 86 86 86 86 87 87 87 87 87 88 88 88 88 89 89 89 89 89 90 90 90 90 91 91 91 91 91 91 92 92 92 92 93 93 93 93 93 94 94 94 94 94 95 95 95 95 96 96 96 96 96 97 97 97 97 98 98 98 98 98 98 99 99 99 99 100 100 100 100 100 101 101 101 101 101 102 102 102 102 103 103 103 103 103 104 104 104 104 104 105 105 105 105 105 106 106 106 106 106 106 107 107 107 107 107 108 108 108 108 108 109 109 109 109 109 109 110 110 110 110 110 111 111 111 111 111 112 112 112 112 112 113 113 113 113 113 113 114 114 114 114 114 114 115 115 115 115 115 115 116 116 116 116 116 116 117 117 117 117 117 117 118 118 118 118 118 118 119 119 119 119 119 NA NA NA NA NA NA NA NA NA NA NA NA NA NA NA NA NA NA NA NA NA NA NA NA NA NA NA NA NA NA NA NA NA NA NA NA NA NA NA NA NA NA NA NA NA NA NA NA NA NA NA NA NA NA NA NA NA NA NA NA NA NA NA NA NA NA NA NA NA NA NA NA NA NA NA NA NA NA NA NA NA NA NA NA NA NA NA NA NA NA NA NA NA NA NA NA NA NA NA NA NA NA NA NA NA NA NA NA NA NA NA NA NA NA NA NA NA NA NA NA NA NA NA NA NA NA NA NA NA NA NA NA NA NA NA NA NA NA NA NA NA NA NA NA NA NA NA NA NA NA NA NA NA NA NA NA NA NA NA NA NA NA NA NA NA NA NA NA NA NA NA NA NA NA NA NA NA NA NA NA NA NA NA NA NA NA NA NA NA NA NA NA NA NA NA NA NA NA NA NA NA NA NA NA NA NA NA NA NA NA NA NA NA NA NA NA NA NA NA NA NA NA NA NA NA NA NA NA NA NA NA NA NA NA NA NA NA NA NA NA NA NA NA NA NA NA NA NA NA NA NA NA NA NA NA NA NA NA NA NA NA NA NA NA NA
NA NA NA NA NA NA NA NA NA NA NA NA NA NA NA 75 75 75 75 76 76 76 76 76 77 77 77 77 77 78 78 78 78 78 79 79 79 79 79 80 80 80 80 81 81 81 81 82 82 82 82 82 83 83 83 83 83 84 84 84 84 85 85 85 85 85 86 86 86 86 87 87 87 87 87 88 88 88 88 88 89 89 89 89 90 90 90 90 91 91 91 91 91 91 92 92 92 92 92 93 93 93 93 93 94 94 94 94 95 95 95 95 95 96 96 96 96 97 97 97 97 97 98 98 98 98 98 99 99 99 99 99 100 100 100 100 100 101 101 101 101 102 102 102 102 102 103 103 103 103 103 104 104 104 104 104 105 105 105 105 105 106 106 106 106 106 107 107 107 107 107 108 108 108 108 108 108 109 109 109 109 109 110 110 110 110 110 110 111 111 111 111 112 112 112 112 112 112 113 113 113 113 113 114 114 114 114 114 114 115 115 115 115 115 115 116 116 116 116 116 116 117 117 117 117 117 117 118 118 118 118 118 118 119 119 119 119 NA NA NA NA NA NA NA NA NA NA NA NA NA NA NA NA NA NA NA NA NA NA NA NA NA NA NA NA NA NA NA NA NA NA NA NA NA NA NA NA NA NA NA NA NA NA NA NA NA NA NA NA NA NA NA NA NA NA NA NA NA NA NA NA NA NA NA NA NA NA NA NA NA NA NA NA NA NA NA NA NA NA NA NA NA NA NA NA NA NA NA NA NA NA NA NA NA NA NA NA NA NA NA NA NA NA NA NA NA NA NA NA NA NA NA NA NA NA NA NA NA NA NA NA NA NA NA NA NA NA NA NA NA NA NA NA NA NA NA NA NA NA NA NA NA NA NA NA NA NA NA NA NA NA NA NA NA NA NA NA NA NA NA NA NA NA NA NA NA NA NA NA NA NA NA NA NA NA NA NA NA NA NA NA NA NA NA NA NA NA NA NA NA NA NA NA NA NA NA NA NA NA NA NA NA NA NA NA NA NA NA NA NA NA NA NA NA NA NA NA NA NA NA NA NA NA NA NA NA NA NA NA NA NA NA NA NA NA NA NA NA NA NA NA NA NA NA NA NA NA NA NA NA NA NA NA NA NA NA NA NA NA NA NA NA NA
NA NA NA NA NA NA NA NA NA NA NA NA NA NA 74 75 75 75 75 75 76 76 76 76 76 77 77 77 77 77 78 78 78 78 78 79 79 79 79 80 80 80 80 81 81 81 81 81 82 82 82 82 82 83 83 83 83 84 84 84 84 84 85 85 85 85 86 86 86 86 86 87 87 87 87 87 88 88 88 88 89 89 89 89 89 90 90 90 90 91 91 91 91 91 91 92 92 92 92 93 93 93 93 93 94 94 94 94 95 95 95 95 95 96 96 96 96 96 97 97 97 97 98 98 98 98 98 99 99 99 99 99 100 100 100 100 100 101 101 101 101 101 102 102 102 102 103 103 103 103 103 104 104 104 104 104 105 105 105 105 105 106 106 106 106 106 107 107 107 107 107 107 108 108 108 108 108 109 109 109 109 109 110 110 110 110 110 110 111 111 111 111 112 112 112 112 112 112 113 113 113 113 113 113 114 114 114 114 114 114 115 115 115 115 115 116 116 116 116 116 116 117 117 117 117 117 117 117 118 118 118 118 118 118 119 119 NA NA NA NA NA NA NA NA NA NA NA NA NA NA NA NA NA NA NA NA NA NA NA NA NA NA NA NA NA NA NA NA NA NA NA NA NA NA NA NA NA NA NA NA NA NA NA NA NA NA NA NA NA NA NA NA NA NA NA NA NA NA NA NA NA NA NA NA NA NA NA NA NA NA NA NA NA NA NA NA NA NA NA NA NA NA NA NA NA NA NA NA NA NA NA NA NA NA NA NA NA NA NA NA NA NA NA NA NA NA NA NA NA NA NA NA NA NA NA NA NA NA NA NA NA NA NA NA NA NA NA NA NA NA NA NA NA NA NA NA NA NA NA NA NA NA NA NA NA NA NA NA NA NA NA NA NA NA NA NA NA NA NA NA NA NA NA NA NA NA NA NA NA NA NA NA NA NA NA NA NA NA NA NA NA NA NA NA NA NA NA NA NA NA NA NA NA NA NA NA NA NA NA NA NA NA NA NA NA NA NA NA NA NA NA NA NA NA NA NA NA NA NA NA NA NA NA NA NA NA NA NA NA NA NA NA NA NA NA NA NA NA NA NA NA NA NA NA NA NA NA NA NA NA NA NA NA NA NA NA NA NA NA NA NA NA NA
NA NA NA NA NA NA NA NA NA NA NA NA NA NA 74 74 75 75 75 75 75 76 76 76 76 76 77 77 77 77 77 78 78 78 78 79 79 79 79 79 80 80 80 80 81 81 81 81 81 82 82 82 82 83 83 83 83 83 84 84 84 84 84 85 85 85 85 86 86 86 86 86 87 87 87 87 88 88 88 88 88 89 89 89 89 90 90 90 90 90 91 91 91 91 91 92 92 92 92 92 93 93 93 93 94 94 94 94 94 95 95 95 95 95 96 96 96 96 97 97 97 97 97 98 98 98 98 98 99 99 99 99 100 100 100 100 100 101 101 101 101 101 102 102 102 102 102 103 103 103 103 103 104 104 104 104 104 105 105 105 105 105 106 106 106 106 106 107 107 107 107 107 108 108 108 108 108 109 109 109 109 109 109 110 110 110 110 110 111 111 111 111 111 112 112 112 112 112 113 113 113 113 113 113 114 114 114 114 114 114 115 115 115 115 115 115 116 116 116 116 116 117 117 117 117 117 117 117 118 118 118 118 118 118 119 119 NA NA NA NA NA NA NA NA NA NA NA NA NA NA NA NA NA NA NA NA NA NA NA NA NA NA NA NA NA NA NA NA NA NA NA NA NA NA NA NA NA NA NA NA NA NA NA NA NA NA NA NA NA NA NA NA NA NA NA NA NA NA NA NA NA NA NA NA NA NA NA NA NA NA NA NA NA NA NA NA NA NA NA NA NA NA NA NA NA NA NA NA NA NA NA NA NA NA NA NA NA NA NA NA NA NA NA NA NA NA NA NA NA NA NA NA NA NA NA NA NA NA NA NA NA NA NA NA NA NA NA NA NA NA NA NA NA NA NA NA NA NA NA NA NA NA NA NA NA NA NA NA NA NA NA NA NA NA NA NA NA NA NA NA NA NA NA NA NA NA NA NA NA NA NA NA NA NA NA NA NA NA NA NA NA NA NA NA NA NA NA NA NA NA NA NA NA NA NA NA NA NA NA NA NA NA NA NA NA NA NA NA NA NA NA NA NA NA NA NA NA NA NA NA NA NA NA NA NA NA NA NA NA NA NA NA NA NA NA NA NA NA NA NA NA NA NA NA NA NA NA NA NA NA NA NA NA NA NA NA NA NA NA NA NA NA NA
NA NA NA NA NA NA NA NA NA NA NA 74 74 74 74 74 74 75 75 75 75 75 76 76 76 76 76 77 77 77 77 77 78 78 78 78 79 79 79 79 79 80 80 80 80 81 81 81 81 82 82 82 82 82 83 83 83 83 83 84 84 84 84 85 85 85 85 85 86 86 86 86 87 87 87 87 87 88 88 88 88 89 89 89 89 89 90 90 90 90 90 91 91 91 91 91 92 92 92 92 93 93 93 93 93 94 94 94 94 95 95 95 95 95 96 96 96 96 96 97 97 97 97 98 98 98 98 98 99 99 99 99 99 100 100 100 100 100 101 101 101 101 102 102 102 102 102 103 103 103 103 103 104 104 104 104 104 105 105 105 105 105 106 106 106 106 106 107 107 107 107 107 108 108 108 108 108 108 109 109 109 109 109 110 110 110 110 110 110 111 111 111 111 112 112 112 112 112 112 113 113 113 113 113 114 114 114 114 114 114 115 115 115 115 115 115 116 116 116 116 116 116 117 117 117 117 117 117 118 118 118 118 118 118 119 NA NA NA NA NA NA NA NA NA NA NA NA NA NA NA NA NA NA NA NA NA NA NA NA NA NA NA NA NA NA NA NA NA NA NA NA NA NA NA NA NA NA NA NA NA NA NA NA NA NA NA NA NA NA NA NA NA NA NA NA NA NA NA NA NA NA NA NA NA NA NA NA NA NA NA NA NA NA NA NA NA NA NA NA NA NA NA NA NA NA NA NA NA NA NA NA NA NA NA NA NA NA NA NA NA NA NA NA NA NA NA NA NA NA NA NA NA NA NA NA NA NA NA NA NA NA NA NA NA NA NA NA NA NA NA NA NA NA NA NA NA NA NA NA NA NA NA NA NA NA NA NA NA NA NA NA NA NA NA NA NA NA NA NA NA NA NA NA NA NA NA NA NA NA NA NA NA NA NA NA NA NA NA NA NA NA NA NA NA NA NA NA NA NA NA NA NA NA NA NA NA NA NA NA NA NA NA NA NA NA NA NA NA NA NA NA NA NA NA NA NA NA NA NA NA NA NA NA NA NA NA NA NA NA NA NA NA NA NA NA NA NA NA NA NA NA NA NA NA NA NA NA NA NA NA NA NA NA NA NA NA NA NA NA NA NA NA NA
NA NA NA NA NA NA NA NA NA NA NA 73 74 74 74 74 74 74 75 75 75 75 75 76 76 76 76 77 77 77 77 77 78 78 78 78 78 79 79 79 79 79 80 80 80 81 81 81 81 81 82 82 82 82 82 83 83 83 83 84 84 84 84 84 85 85 85 85 86 86 86 86 86 87 87 87 87 88 88 88 88 88 89 89 89 89 89 90 90 90 90 91 91 91 91 91 92 92 92 92 92 93 93 93 93 94 94 94 94 94 95 95 95 95 96 96 96 96 96 97 97 97 97 97 98 98 98 98 99 99 99 99 99 100 100 100 100 100 101 101 101 101 102 102 102 102 102 103 103 103 103 103 104 104 104 104 104 105 105 105 105 105 106 106 106 106 106 106 107 107 107 107 107 108 108 108 108 108 109 109 109 109 109 110 110 110 110 110 110 111 111 111 111 112 112 112 112 112 112 113 113 113 113 113 113 114 114 114 114 114 115 115 115 115 115 115 116 116 116 116 116 116 117 117 117 117 117 117 118 118 118 118 118 118 NA NA NA NA NA NA NA NA NA NA NA NA NA NA NA NA NA NA NA NA NA NA NA NA NA NA NA NA NA NA NA NA NA NA NA NA NA NA NA NA NA NA NA NA NA NA NA NA NA NA NA NA NA NA NA NA NA NA NA NA NA NA NA NA NA NA NA NA NA NA NA NA NA NA NA NA NA NA NA NA NA NA NA NA NA NA NA NA NA NA NA NA NA NA NA NA NA NA NA NA NA NA NA NA NA NA NA NA NA NA NA NA NA NA NA NA NA NA NA NA NA NA NA NA NA NA NA NA NA NA NA NA NA NA NA NA NA NA NA NA NA NA NA NA NA NA NA NA NA NA NA NA NA NA NA NA NA NA NA NA NA NA NA NA NA NA NA NA NA NA NA NA NA NA NA NA NA NA NA NA NA NA NA NA NA NA NA NA NA NA NA NA NA NA NA NA NA NA NA NA NA NA NA NA NA NA NA NA NA NA NA NA NA NA NA NA NA NA NA NA NA NA NA NA NA NA NA NA NA NA NA NA NA NA NA NA NA NA NA NA NA NA NA NA NA NA NA NA NA NA NA NA NA NA NA NA NA NA NA NA NA NA NA NA NA NA NA NA NA
NA NA NA NA NA NA NA NA NA NA NA 73 73 74 74 74 74 74 75 75 75 75 75 76 76 76 76 76 77 77 77 77 77 78 78 78 78 78 79 79 79 79 80 80 80 80 81 81 81 81 81 82 82 82 82 83 83 83 83 83 84 84 84 84 85 85 85 85 85 86 86 86 86 87 87 87 87 87 88 88 88 88 89 89 89 89 89 90 90 90 90 90 90 91 91 91 91 92 92 92 92 93 93 93 93 93 94 94 94 94 95 95 95 95 95 96 96 96 96 97 97 97 97 97 98 98 98 98 98 99 99 99 99 100 100 100 100 100 101 101 101 101 101 102 102 102 102 102 103 103 103 103 103 104 104 104 104 104 105 105 105 105 105 106 106 106 106 106 107 107 107 107 107 108 108 108 108 108 109 109 109 109 109 109 110 110 110 110 110 111 111 111 111 111 112 112 112 112 112 113 113 113 113 113 113 114 114 114 114 114 114 115 115 115 115 115 115 116 116 116 116 116 116 117 117 117 117 117 117 118 118 118 118 118 NA NA NA NA NA NA NA NA NA NA NA NA NA NA NA NA NA NA NA NA NA NA NA NA NA NA NA NA NA NA NA NA NA NA NA NA NA NA NA NA NA NA NA NA NA NA NA NA NA NA NA NA NA NA NA NA NA NA NA NA NA NA NA NA NA NA NA NA NA NA NA NA NA NA NA NA NA NA NA NA NA NA NA NA NA NA NA NA NA NA NA NA NA NA NA NA NA NA NA NA NA NA NA NA NA NA NA NA NA NA NA NA NA NA NA NA NA NA NA NA NA NA NA NA NA NA NA NA NA NA NA NA NA NA NA NA NA NA NA NA NA NA NA NA NA NA NA NA NA NA NA NA NA NA NA NA NA NA NA NA NA NA NA NA NA NA NA NA NA NA NA NA NA NA NA NA NA NA NA NA NA NA NA NA NA NA NA NA NA NA NA NA NA NA NA NA NA NA NA NA NA NA NA NA NA NA NA NA NA NA NA NA NA NA NA NA NA NA NA NA NA NA NA NA NA NA NA NA NA NA NA NA NA NA NA NA NA NA NA NA NA NA NA NA NA NA NA NA NA NA NA NA NA NA NA NA NA NA NA NA NA NA NA NA NA NA NA NA NA
NA NA NA NA NA NA NA NA NA NA NA NA 73 73 74 74 74 74 74 75 75 75 75 75 76 76 76 76 76 77 77 77 77 77 78 78 78 78 78 79 79 79 80 80 80 80 80 81 81 81 81 82 82 82 82 82 83 83 83 83 84 84 84 84 84 85 85 85 85 86 86 86 86 86 87 87 87 87 88 88 88 88 88 89 89 89 89 90 90 90 90 90 90 91 91 91 91 92 92 92 92 92 93 93 93 93 94 94 94 94 94 95 95 95 95 96 96 96 96 96 97 97 97 97 98 98 98 98 98 99 99 99 99 99 100 100 100 100 100 101 101 101 101 102 102 102 102 102 103 103 103 103 103 104 104 104 104 104 105 105 105 105 105 106 106 106 106 106 107 107 107 107 107 108 108 108 108 108 108 109 109 109 109 109 110 110 110 110 110 111 111 111 111 111 112 112 112 112 112 113 113 113 113 113 113 114 114 114 114 114 114 115 115 115 115 115 115 116 116 116 116 116 116 117 117 117 117 117 117 118 118 118 118 118 NA NA NA NA NA NA NA NA NA NA NA NA NA NA NA NA NA NA NA NA NA NA NA NA NA NA NA NA NA NA NA NA NA NA NA NA NA NA NA NA NA NA NA NA NA NA NA NA NA NA NA NA NA NA NA NA NA NA NA NA NA NA NA NA NA NA NA NA NA NA NA NA NA NA NA NA NA NA NA NA NA NA NA NA NA NA NA NA NA NA NA NA NA NA NA NA NA NA NA NA NA NA NA NA NA NA NA NA NA NA NA NA NA NA NA NA NA NA NA NA NA NA NA NA NA NA NA NA NA NA NA NA NA NA NA NA NA NA NA NA NA NA NA NA NA NA NA NA NA NA NA NA NA NA NA NA NA NA NA NA NA NA NA NA NA NA NA NA NA NA NA NA NA NA NA NA NA NA NA NA NA NA NA NA NA NA NA NA NA NA NA NA NA NA NA NA NA NA NA NA NA NA NA NA NA NA NA NA NA NA NA NA NA NA NA NA NA NA NA NA NA NA NA NA NA NA NA NA NA NA NA NA NA NA NA NA NA NA NA NA NA NA NA NA NA NA NA NA NA NA NA NA NA NA NA NA NA NA NA NA NA NA NA NA NA NA NA NA NA
NA NA NA NA NA NA NA NA NA NA 73 73 73 73 73 74 74 74 74 74 75 75 75 75 75 76 76 76 76 76 77 77 77 77 77 78 78 78 78 79 79 79 79 80 80 80 80 81 81 81 81 81 82 82 82 82 82 83 83 83 83 84 84 84 84 84 85 85 85 85 86 86 86 86 87 87 87 87 87 88 88 88 88 89 89 89 89 89 90 90 90 90 90 91 91 91 91 91 92 92 92 92 93 93 93 93 94 94 94 94 94 95 95 95 95 96 96 96 96 96 97 97 97 97 97 98 98 98 98 99 99 99 99 99 100 100 100 100 100 101 101 101 101 102 102 102 102 102 103 103 103 103 103 104 104 104 104 104 105 105 105 105 105 106 106 106 106 106 107 107 107 107 107 107 108 108 108 108 108 109 109 109 109 109 110 110 110 110 110 110 111 111 111 111 112 112 112 112 112 112 113 113 113 113 113 114 114 114 114 114 114 115 115 115 115 115 115 116 116 116 116 116 116 117 117 117 117 117 117 118 118 118 118 118 118 NA NA NA NA NA NA NA NA NA NA NA NA NA NA NA NA NA NA NA NA NA NA NA NA NA NA NA NA NA NA NA NA NA NA NA NA NA NA NA NA NA NA NA NA NA NA NA NA NA NA NA NA NA NA NA NA NA NA NA NA NA NA NA NA NA NA NA NA NA NA NA NA NA NA NA NA NA NA NA NA NA NA NA NA NA NA NA NA NA NA NA NA NA NA NA NA NA NA NA NA NA NA NA NA NA NA NA NA NA NA NA NA NA NA NA NA NA NA NA NA NA NA NA NA NA NA NA NA NA NA NA NA NA NA NA NA NA NA NA NA NA NA NA NA NA NA NA NA NA NA NA NA NA NA NA NA NA NA NA NA NA NA NA NA NA NA NA NA NA NA NA NA NA NA NA NA NA NA NA NA NA NA NA NA NA NA NA NA NA NA NA NA NA NA NA NA NA NA NA NA NA NA NA NA NA NA NA NA NA NA NA NA NA NA NA NA NA NA NA NA NA NA NA NA NA NA NA NA NA NA NA NA NA NA NA NA NA NA NA NA NA NA NA NA NA NA NA NA NA NA NA NA NA NA NA NA NA NA NA NA NA NA NA NA NA NA NA NA
NA NA NA NA NA NA NA NA NA 72 72 73 73 73 73 73 74 74 74 74 74 75 75 75 75 75 76 76 76 76 76 77 77 77 77 78 78 78 78 78 79 79 79 79 80 80 80 80 81 81 81 81 81 82 82 82 82 83 83 83 83 83 84 84 84 84 85 85 85 85 85 86 86 86 86 87 87 87 87 88 88 88 88 88 89 89 89 89 90 90 90 90 90 90 91 91 91 91 92 92 92 92 92 93 93 93 93 94 94 94 94 95 95 95 95 95 96 96 96 96 97 97 97 97 97 98 98 98 98 98 99 99 99 99 99 100 100 100 100 101 101 101 101 101 102 102 102 102 102 103 103 103 103 103 104 104 104 104 104 105 105 105 105 106 106 106 106 106 106 107 107 107 107 107 108 108 108 108 108 109 109 109 109 109 109 110 110 110 110 110 111 111 111 111 112 112 112 112 112 112 113 113 113 113 113 113 114 114 114 114 114 115 115 115 115 115 115 116 116 116 116 116 116 117 117 117 117 117 117 117 118 118 118 118 118 118 119 119 NA NA NA NA NA NA NA NA NA NA NA NA NA NA NA NA NA NA NA NA NA NA NA NA NA NA NA NA NA NA NA NA NA NA NA NA NA NA NA NA NA NA NA NA NA NA NA NA NA NA NA NA NA NA NA NA NA NA NA NA NA NA NA NA NA NA NA NA NA NA NA NA NA NA NA NA NA NA NA NA NA NA NA NA NA NA NA NA NA NA NA NA NA NA NA NA NA NA NA NA NA NA NA NA NA NA NA NA NA NA NA NA NA NA NA NA NA NA NA NA NA NA NA NA NA NA NA NA NA NA NA NA NA NA NA NA NA NA NA NA NA NA NA NA NA NA NA NA NA NA NA NA NA NA NA NA NA NA NA NA NA NA NA NA NA NA NA NA NA NA NA NA NA NA NA NA NA NA NA NA NA NA NA NA NA NA NA NA NA NA NA NA NA NA NA NA NA NA NA NA NA NA NA NA NA NA NA NA NA NA NA NA NA NA NA NA NA NA NA NA NA NA NA NA NA NA NA NA NA NA NA NA NA NA NA NA NA NA NA NA NA NA NA NA NA NA NA NA NA NA NA NA NA NA NA NA NA NA NA NA NA NA NA NA NA
NA NA NA NA NA NA NA NA NA 72 72 72 73 73 73 73 73 74 74 74 74 74 75 75 75 75 75 76 76 76 76 77 77 77 77 77 78 78 78 78 78 79 79 79 79 80 80 80 80 81 81 81 81 82 82 82 82 82 83 83 83 83 84 84 84 84 84 85 85 85 85 86 86 86 86 86 87 87 87 87 88 88 88 88 89 89 89 89 89 90 90 90 90 90 91 91 91 91 92 92 92 92 92 93 93 93 93 93 94 94 94 94 95 95 95 95 96 96 96 96 96 97 97 97 97 97 98 98 98 98 99 99 99 99 99 100 100 100 100 100 101 101 101 101 102 102 102 102 102 103 103 103 103 103 104 104 104 104 104 105 105 105 105 105 106 106 106 106 106 107 107 107 107 107 108 108 108 108 108 109 109 109 109 109 109 110 110 110 110 110 111 111 111 111 111 112 112 112 112 112 113 113 113 113 113 113 114 114 114 114 114 114 115 115 115 115 115 115 116 116 116 116 116 116 117 117 117 117 117 117 118 118 118 118 118 118 119 119 119 NA NA NA NA NA NA NA NA NA NA NA NA NA NA NA NA NA NA NA NA NA NA NA NA NA NA NA NA NA NA NA NA NA NA NA NA NA NA NA NA NA NA NA NA NA NA NA NA NA NA NA NA NA NA NA NA NA NA NA NA NA NA NA NA NA NA NA NA NA NA NA NA NA NA NA NA NA NA NA NA NA NA NA NA NA NA NA NA NA NA NA NA NA NA NA NA NA NA NA NA NA NA NA NA NA NA NA NA NA NA NA NA NA NA NA NA NA NA NA NA NA NA NA NA NA NA NA NA NA NA NA NA NA NA NA NA NA NA NA NA NA NA NA NA NA NA NA NA NA NA NA NA NA NA NA NA NA NA NA NA NA NA NA NA NA NA NA NA NA NA NA NA NA NA NA NA NA NA NA NA NA NA NA NA NA NA NA NA NA NA NA NA NA NA NA NA NA NA NA NA NA NA NA NA NA NA NA NA NA NA NA NA NA NA NA NA NA NA NA NA NA NA NA NA NA NA NA NA NA NA NA NA NA NA NA NA NA NA NA NA NA NA NA NA NA NA NA NA NA NA NA NA NA NA NA NA NA NA NA NA NA NA NA NA
NA NA NA NA NA NA NA NA NA 72 72 72 72 73 73 73 73 73 74 74 74 74 74 75 75 75 75 76 76 76 76 76 77 77 77 77 77 78 78 78 78 79 79 79 79 80 80 80 80 80 81 81 81 81 82 82 82 82 83 83 83 83 83 84 84 84 84 85 85 85 85 85 86 86 86 86 87 87 87 87 87 88 88 88 88 89 89 89 89 90 90 90 90 90 90 91 91 91 91 92 92 92 92 92 93 93 93 93 94 94 94 94 95 95 95 95 95 96 96 96 96 97 97 97 97 97 98 98 98 98 98 99 99 99 99 100 100 100 100 100 101 101 101 101 101 102 102 102 102 103 103 103 103 103 104 104 104 104 104 105 105 105 105 105 106 106 106 106 106 107 107 107 107 107 108 108 108 108 108 108 109 109 109 109 109 110 110 110 110 110 110 111 111 111 111 112 112 112 112 112 113 113 113 113 113 113 114 114 114 114 114 114 115 115 115 115 115 115 116 116 116 116 116 116 117 117 117 117 117 117 118 118 118 118 118 118 119 119 119 119 NA NA NA NA NA NA NA NA NA NA NA NA NA NA NA NA NA NA NA NA NA NA NA NA NA NA NA NA NA NA NA NA NA NA NA NA NA NA NA NA NA NA NA NA NA NA NA NA NA NA NA NA NA NA NA NA NA NA NA NA NA NA NA NA NA NA NA NA NA NA NA NA NA NA NA NA NA NA NA NA NA NA NA NA NA NA NA NA NA NA NA NA NA NA NA NA NA NA NA NA NA NA NA NA NA NA NA NA NA NA NA NA NA NA NA NA NA NA NA NA NA NA NA NA NA NA NA NA NA NA NA NA NA NA NA NA NA NA NA NA NA NA NA NA NA NA NA NA NA NA NA NA NA NA NA NA NA NA NA NA NA NA NA NA NA NA NA NA NA NA NA NA NA NA NA NA NA NA NA NA NA NA NA NA NA NA NA NA NA NA NA NA NA NA NA NA NA NA NA NA NA NA NA NA NA NA NA NA NA NA NA NA NA NA NA NA NA NA NA NA NA NA NA NA NA NA NA NA NA NA NA NA NA NA NA NA NA NA NA NA NA NA NA NA NA NA NA NA NA NA NA NA NA NA NA NA NA NA NA NA NA NA NA
NA NA NA NA NA NA NA NA NA NA NA NA 72 73 73 73 73 73 73 74 74 74 74 NA NA 75 75 75 76 76 76 76 76 77 77 77 77 77 78 78 78 78 79 79 79 79 80 80 80 80 81 81 81 81 81 82 82 82 82 83 83 83 83 83 84 84 84 84 85 85 85 85 86 86 86 86 86 87 87 87 87 88 88 88 88 89 89 89 89 89 90 90 90 90 90 91 91 91 91 92 92 92 92 92 93 93 93 93 94 94 94 94 94 95 95 95 95 96 96 96 96 96 97 97 97 97 98 98 98 98 98 99 99 99 99 99 100 100 100 100 101 101 101 101 101 102 102 102 102 102 103 103 103 103 104 104 104 104 104 104 105 105 105 105 106 106 106 106 106 106 107 107 107 107 107 108 108 108 108 108 109 109 109 109 109 110 110 110 110 110 110 111 111 111 111 112 112 112 112 112 112 113 113 113 113 113 114 114 114 114 114 114 115 115 115 115 115 115 116 116 116 116 116 116 117 117 117 117 117 117 118 118 118 118 118 118 119 119 119 119 119 NA NA NA NA NA NA NA NA NA NA NA NA NA NA NA NA NA NA NA NA NA NA NA NA NA NA NA NA NA NA NA NA NA NA NA NA NA NA NA NA NA NA NA NA NA NA NA NA NA NA NA NA NA NA NA NA NA NA NA NA NA NA NA NA NA NA NA NA NA NA NA NA NA NA NA NA NA NA NA NA NA NA NA NA NA NA NA NA NA NA NA NA NA NA NA NA NA NA NA NA NA NA NA NA NA NA NA NA NA NA NA NA NA NA NA NA NA NA NA NA NA NA NA NA NA NA NA NA NA NA NA NA NA NA NA NA NA NA NA NA NA NA NA NA NA NA NA NA NA NA NA NA NA NA NA NA NA NA NA NA NA NA NA NA NA NA NA NA NA NA NA NA NA NA NA NA NA NA NA NA NA NA NA NA NA NA NA NA NA NA NA NA NA NA NA NA NA NA NA NA NA NA NA NA NA NA NA NA NA NA NA NA NA NA NA NA NA NA NA NA NA NA NA NA NA NA NA NA NA NA NA NA NA NA NA NA NA NA NA NA NA NA NA NA NA NA NA NA NA NA NA NA NA NA NA NA NA NA NA NA NA NA
NA NA NA NA NA NA NA NA NA NA NA NA NA 72 73 73 73 73 73 73 74 74 NA NA NA NA 75 75 75 75 76 76 76 76 77 77 77 77 78 78 78 78 79 79 79 79 79 80 80 80 80 81 81 81 81 82 82 82 82 82 83 83 83 83 84 84 84 84 84 85 85 85 85 86 86 86 86 87 87 87 87 87 88 88 88 88 89 89 89 89 90 90 90 90 90 91 91 91 91 91 92 92 92 92 93 93 93 93 93 94 94 94 94 95 95 95 95 96 96 96 96 96 97 97 97 97 97 98 98 98 98 99 99 99 99 99 100 100 100 100 100 101 101 101 101 102 102 102 102 102 103 103 103 103 103 104 104 104 104 104 105 105 105 105 105 106 106 106 106 106 107 107 107 107 107 108 108 108 108 108 109 109 109 109 109 109 110 110 110 110 110 111 111 111 111 112 112 112 112 112 112 113 113 113 113 113 113 114 114 114 114 114 114 115 115 115 115 115 116 116 116 116 116 116 117 117 117 117 117 117 118 118 118 118 118 118 119 119 119 119 119 NA NA NA NA NA NA NA NA NA NA NA NA NA NA NA NA NA NA NA NA NA NA NA NA NA NA NA NA NA NA NA NA NA NA NA NA NA NA NA NA NA NA NA NA NA NA NA NA NA NA NA NA NA NA NA NA NA NA NA NA NA NA NA NA NA NA NA NA NA NA NA NA NA NA NA NA NA NA NA NA NA NA NA NA NA NA NA NA NA NA NA NA NA NA NA NA NA NA NA NA NA NA NA NA NA NA NA NA NA NA NA NA NA NA NA NA NA NA NA NA NA NA NA NA NA NA NA NA NA NA NA NA NA NA NA NA NA NA NA NA NA NA NA NA NA NA NA NA NA NA NA NA NA NA NA NA NA NA NA NA NA NA NA NA NA NA NA NA NA NA NA NA NA NA NA NA NA NA NA NA NA NA NA NA NA NA NA NA NA NA NA NA NA NA NA NA NA NA NA NA NA NA NA NA NA NA NA NA NA NA NA NA NA NA NA NA NA NA NA NA NA NA NA NA NA NA NA NA NA NA NA NA NA NA NA NA NA NA NA NA NA NA NA NA NA NA NA NA NA NA NA NA NA NA NA NA NA NA NA NA NA NA
NA NA NA NA NA NA NA NA NA NA NA NA NA NA NA 72 73 73 73 73 NA NA NA NA NA NA 74 75 75 75 75 76 76 76 77 77 77 77 77 78 78 78 78 79 79 79 79 80 80 80 80 81 81 81 81 81 82 82 82 82 83 83 83 83 83 84 84 84 84 85 85 85 85 86 86 86 86 86 87 87 87 87 88 88 88 88 89 89 89 89 89 90 90 90 90 90 91 91 91 91 92 92 92 92 92 93 93 93 93 94 94 94 94 95 95 95 95 95 96 96 96 96 97 97 97 97 97 98 98 98 98 98 99 99 99 99 100 100 100 100 100 101 101 101 101 101 102 102 102 102 103 103 103 103 103 104 104 104 104 104 105 105 105 105 105 106 106 106 106 106 107 107 107 107 107 108 108 108 108 108 108 109 109 109 109 109 110 110 110 110 110 111 111 111 111 111 112 112 112 112 112 113 113 113 113 113 113 114 114 114 114 114 114 115 115 115 115 115 115 116 116 116 116 116 116 117 117 117 117 117 117 118 118 118 118 118 118 119 119 119 119 119 NA NA NA NA NA NA NA NA NA NA NA NA NA NA NA NA NA NA NA NA NA NA NA NA NA NA NA NA NA NA NA NA NA NA NA NA NA NA NA NA NA NA NA NA NA NA NA NA NA NA NA NA NA NA NA NA NA NA NA NA NA NA NA NA NA NA NA NA NA NA NA NA NA NA NA NA NA NA NA NA NA NA NA NA NA NA NA NA NA NA NA NA NA NA NA NA NA NA NA NA NA NA NA NA NA NA NA NA NA NA NA NA NA NA NA NA NA NA NA NA NA NA NA NA NA NA NA NA NA NA NA NA NA NA NA NA NA NA NA NA NA NA NA NA NA NA NA NA NA NA NA NA NA NA NA NA NA NA NA NA NA NA NA NA NA NA NA NA NA NA NA NA NA NA NA NA NA NA NA NA NA NA NA NA NA NA NA NA NA NA NA NA NA NA NA NA NA NA NA NA NA NA NA NA NA NA NA NA NA NA NA NA NA NA NA NA NA NA NA NA NA NA NA NA NA NA NA NA NA NA NA NA NA NA NA NA NA NA NA NA NA NA NA NA NA NA NA NA NA NA NA NA NA NA NA NA NA NA NA NA NA
NA NA NA NA NA NA NA NA NA NA NA NA NA NA NA NA NA NA NA NA NA NA NA NA NA NA NA NA NA NA NA 75 76 76 76 77 77 77 77 77 78 78 78 79 79 79 79 79 80 80 80 80 81 81 81 81 81 82 82 82 82 83 83 83 83 84 84 84 84 84 85 85 85 85 86 86 86 86 87 87 87 87 87 88 88 88 88 89 89 89 89 90 90 90 90 90 91 91 91 91 91 92 92 92 92 93 93 93 93 94 94 94 94 94 95 95 95 95 96 96 96 96 96 97 97 97 97 98 98 98 98 98 99 99 99 99 99 100 100 100 100 101 101 101 101 101 102 102 102 102 102 103 103 103 103 103 104 104 104 104 104 105 105 105 105 106 106 106 106 106 107 107 107 107 107 107 108 108 108 108 108 109 109 109 109 109 110 110 110 110 110 110 111 111 111 111 112 112 112 112 112 112 113 113 113 113 113 114 114 114 114 114 114 115 115 115 115 115 115 116 116 116 116 116 116 117 117 117 117 117 117 118 118 118 118 118 118 119 119 119 119 NA NA NA NA NA NA NA NA NA NA NA NA NA NA NA NA NA NA NA NA NA NA NA NA NA NA NA NA NA NA NA NA NA NA NA NA NA NA NA NA NA NA NA NA NA NA NA NA NA NA NA NA NA NA NA NA NA NA NA NA NA NA NA NA NA NA NA NA NA NA NA NA NA NA NA NA NA NA NA NA NA NA NA NA NA NA NA NA NA NA NA NA NA NA NA NA NA NA NA NA NA NA NA NA NA NA NA NA NA NA NA NA NA NA NA NA NA NA NA NA NA NA NA NA NA NA NA NA NA NA NA NA NA NA NA NA NA NA NA NA NA NA NA NA NA NA NA NA NA NA NA NA NA NA NA NA NA NA NA NA NA NA NA NA NA NA NA NA NA NA NA NA NA NA NA NA NA NA NA NA NA NA NA NA NA NA NA NA NA NA NA NA NA NA NA NA NA NA NA NA NA NA NA NA NA NA NA NA NA NA NA NA NA NA NA NA NA NA NA NA NA NA NA NA NA NA NA NA NA NA NA NA NA NA NA NA NA NA NA NA NA NA NA NA NA NA NA NA NA NA NA NA NA NA NA NA NA NA NA NA NA NA
NA NA NA NA NA NA NA NA NA NA NA NA NA NA NA NA NA NA NA NA NA NA NA NA NA NA NA NA NA NA NA NA NA 76 76 76 77 77 77 77 78 78 78 78 79 79 79 79 80 80 80 80 80 81 81 81 81 82 82 82 82 82 83 83 83 83 84 84 84 84 85 85 85 85 85 86 86 86 86 87 87 87 87 88 88 88 88 89 89 89 89 89 90 90 90 90 90 91 91 91 91 92 92 92 92 93 93 93 93 93 94 94 94 94 95 95 95 95 95 96 96 96 96 97 97 97 97 97 98 98 98 98 99 99 99 99 99 100 100 100 100 100 101 101 101 101 102 102 102 102 102 103 103 103 103 103 104 104 104 104 104 105 105 105 105 105 106 106 106 106 106 107 107 107 107 107 108 108 108 108 108 109 109 109 109 109 109 110 110 110 110 110 111 111 111 111 112 112 112 112 112 112 113 113 113 113 113 113 114 114 114 114 114 115 115 115 115 115 115 116 116 116 116 116 116 117 117 117 117 117 117 118 118 118 118 118 118 119 119 119 NA NA NA NA NA NA NA NA NA NA NA NA NA NA NA NA NA NA NA NA NA NA NA NA NA NA NA NA NA NA NA NA NA NA NA NA NA NA NA NA NA NA NA NA NA NA NA NA NA NA NA NA NA NA NA NA NA NA NA NA NA NA NA NA NA NA NA NA NA NA NA NA NA NA NA NA NA NA NA NA NA NA NA NA NA NA NA NA NA NA NA NA NA NA NA NA NA NA NA NA NA NA NA NA NA NA NA NA NA NA NA NA NA NA NA NA NA NA NA NA NA NA NA NA NA NA NA NA NA NA NA NA NA NA NA NA NA NA NA NA NA NA NA NA NA NA NA NA NA NA NA NA NA NA NA NA NA NA NA NA NA NA NA NA NA NA NA NA NA NA NA NA NA NA NA NA NA NA NA NA NA NA NA NA NA NA NA NA NA NA NA NA NA NA NA NA NA NA NA NA NA NA NA NA NA NA NA NA NA NA NA NA NA NA NA NA NA NA NA NA NA NA NA NA NA NA NA NA NA NA NA NA NA NA NA NA NA NA NA NA NA NA NA NA NA NA NA NA NA NA NA NA NA NA NA NA NA NA NA NA NA NA NA
NA NA NA NA NA NA NA NA NA NA NA NA NA NA NA NA NA NA NA NA NA NA NA NA NA NA NA NA NA NA NA NA NA NA 76 76 76 77 77 77 77 78 78 78 78 79 79 79 79 80 80 80 80 81 81 81 81 81 82 82 82 82 83 83 83 83 84 84 84 84 84 85 85 85 85 86 86 86 86 87 87 87 87 87 88 88 88 88 89 89 89 89 89 90 90 90 90 91 91 91 91 91 92 92 92 92 93 93 93 93 94 94 94 94 94 95 95 95 95 96 96 96 96 97 97 97 97 97 98 98 98 98 98 99 99 99 99 100 100 100 100 100 101 101 101 101 101 102 102 102 102 103 103 103 103 103 104 104 104 104 104 105 105 105 105 105 106 106 106 106 106 107 107 107 107 107 108 108 108 108 108 109 109 109 109 109 109 110 110 110 110 110 111 111 111 111 111 112 112 112 112 112 113 113 113 113 113 113 114 114 114 114 114 114 115 115 115 115 115 116 116 116 116 116 116 117 117 117 117 117 117 118 118 118 118 118 118 118 NA NA NA NA NA NA NA NA NA NA NA NA NA NA NA NA NA NA NA NA NA NA NA NA NA NA NA NA NA NA NA NA NA NA NA NA NA NA NA NA NA NA NA NA NA NA NA NA NA NA NA NA NA NA NA NA NA NA NA NA NA NA NA NA NA NA NA NA NA NA NA NA NA NA NA NA NA NA NA NA NA NA NA NA NA NA NA NA NA NA NA NA NA NA NA NA NA NA NA NA NA NA NA NA NA NA NA NA NA NA NA NA NA NA NA NA NA NA NA NA NA NA NA NA NA NA NA NA NA NA NA NA NA NA NA NA NA NA NA NA NA NA NA NA NA NA NA NA NA NA NA NA NA NA NA NA NA NA NA NA NA NA NA NA NA NA NA NA NA NA NA NA NA NA NA NA NA NA NA NA NA NA NA NA NA NA NA NA NA NA NA NA NA NA NA NA NA NA NA NA NA NA NA NA NA NA NA NA NA NA NA NA NA NA NA NA NA NA NA NA NA NA NA NA NA NA NA NA NA NA NA NA NA NA NA NA NA NA NA NA NA NA NA NA NA NA NA NA NA NA NA NA NA NA NA NA NA NA NA NA NA NA NA NA NA
NA NA NA NA NA NA NA NA NA NA NA NA NA NA NA NA NA NA NA NA NA NA NA NA NA NA NA NA NA NA NA NA NA NA 76 76 76 77 77 77 77 77 78 78 78 79 79 79 79 79 80 80 80 80 81 81 81 81 82 82 82 82 82 83 83 83 83 84 84 84 84 85 85 85 85 85 86 86 86 86 87 87 87 87 88 88 88 88 89 89 89 89 89 90 90 90 90 90 91 91 91 91 92 92 92 92 93 93 93 93 93 94 94 94 94 95 95 95 95 96 96 96 96 96 97 97 97 97 98 98 98 98 98 99 99 99 99 99 100 100 100 100 101 101 101 101 101 102 102 102 102 102 103 103 103 103 104 104 104 104 104 104 105 105 105 105 106 106 106 106 106 107 107 107 107 107 108 108 108 108 108 108 109 109 109 109 109 110 110 110 110 110 111 111 111 111 111 112 112 112 112 112 113 113 113 113 113 113 114 114 114 114 114 114 115 115 115 115 115 115 116 116 116 116 116 116 117 117 117 117 117 117 118 118 118 118 NA NA NA NA NA NA NA NA NA NA NA NA NA NA NA NA NA NA NA NA NA NA NA NA NA NA NA NA NA NA NA NA NA NA NA NA NA NA NA NA NA NA NA NA NA NA NA NA NA NA NA NA NA NA NA NA NA NA NA NA NA NA NA NA NA NA NA NA NA NA NA NA NA NA NA NA NA NA NA NA NA NA NA NA NA NA NA NA NA NA NA NA NA NA NA NA NA NA NA NA NA NA NA NA NA NA NA NA NA NA NA NA NA NA NA NA NA NA NA NA NA NA NA NA NA NA NA NA NA NA NA NA NA NA NA NA NA NA NA NA NA NA NA NA NA NA NA NA NA NA NA NA NA NA NA NA NA NA NA NA NA NA NA NA NA NA NA NA NA NA NA NA NA NA NA NA NA NA NA NA NA NA NA NA NA NA NA NA NA NA NA NA NA NA NA NA NA NA NA NA NA NA NA NA NA NA NA NA NA NA NA NA NA NA NA NA NA NA NA NA NA NA NA NA NA NA NA NA NA NA NA NA NA NA NA NA NA NA NA NA NA NA NA NA NA NA NA NA NA NA NA NA NA NA NA NA NA NA NA NA NA NA NA NA NA NA NA
NA NA NA NA NA NA NA NA NA NA NA NA NA NA NA NA NA NA NA NA NA NA NA NA NA NA NA NA NA NA NA NA NA NA 76 76 76 76 77 77 77 77 78 78 78 78 79 79 79 79 80 80 80 80 80 81 81 81 81 82 82 82 82 83 83 83 83 83 84 84 84 84 85 85 85 85 86 86 86 86 87 87 87 87 87 88 88 88 88 89 89 89 89 89 90 90 90 90 91 91 91 91 92 92 92 92 92 93 93 93 93 94 94 94 94 95 95 95 95 95 96 96 96 96 97 97 97 97 98 98 98 98 98 99 99 99 99 99 100 100 100 100 101 101 101 101 101 102 102 102 102 102 103 103 103 103 103 104 104 104 104 104 105 105 105 105 105 106 106 106 106 106 107 107 107 107 107 108 108 108 108 108 109 109 109 109 109 110 110 110 110 110 111 111 111 111 111 112 112 112 112 112 112 113 113 113 113 113 114 114 114 114 114 114 115 115 115 115 115 115 116 116 116 116 116 116 117 117 117 117 117 117 118 118 118 NA NA NA NA NA NA NA NA NA NA NA NA NA NA NA NA NA NA NA NA NA NA NA NA NA NA NA NA NA NA NA NA NA NA NA NA NA NA NA NA NA NA NA NA NA NA NA NA NA NA NA NA NA NA NA NA NA NA NA NA NA NA NA NA NA NA NA NA NA NA NA NA NA NA NA NA NA NA NA NA NA NA NA NA NA NA NA NA NA NA NA NA NA NA NA NA NA NA NA NA NA NA NA NA NA NA NA NA NA NA NA NA NA NA NA NA NA NA NA NA NA NA NA NA NA NA NA NA NA NA NA NA NA NA NA NA NA NA NA NA NA NA NA NA NA NA NA NA NA NA NA NA NA NA NA NA NA NA NA NA NA NA NA NA NA NA NA NA NA NA NA NA NA NA NA NA NA NA NA NA NA NA NA NA NA NA NA NA NA NA NA NA NA NA NA NA NA NA NA NA NA NA NA NA NA NA NA NA NA NA NA NA NA NA NA NA NA NA NA NA NA NA NA NA NA NA NA NA NA NA NA NA NA NA NA NA NA NA NA NA NA NA NA NA NA NA NA NA NA NA NA NA NA NA NA NA NA NA NA NA NA NA NA NA NA NA NA NA
NA NA NA NA NA NA NA NA NA NA NA NA NA NA NA NA NA NA NA NA NA 73 73 73 73 74 NA NA NA NA NA 75 75 75 76 76 76 76 77 77 77 77 78 78 78 78 79 79 79 79 79 80 80 80 80 81 81 81 81 81 82 82 82 82 83 83 83 83 84 84 84 84 85 85 85 85 85 86 86 86 86 87 87 87 87 88 88 88 88 89 89 89 89 89 90 90 90 90 90 91 91 91 91 92 92 92 92 93 93 93 93 94 94 94 94 94 95 95 95 95 96 96 96 96 97 97 97 97 97 98 98 98 98 98 99 99 99 99 100 100 100 100 101 101 101 101 101 102 102 102 102 102 103 103 103 103 103 104 104 104 104 104 105 105 105 105 105 106 106 106 106 106 107 107 107 107 107 108 108 108 108 108 109 109 109 109 109 109 110 110 110 110 111 111 111 111 111 112 112 112 112 112 112 113 113 113 113 113 113 114 114 114 114 114 115 115 115 115 115 115 116 116 116 116 116 116 117 117 117 117 117 117 118 118 118 NA NA NA NA NA NA NA NA NA NA NA NA NA NA NA NA NA NA NA NA NA NA NA NA NA NA NA NA NA NA NA NA NA NA NA NA NA NA NA NA NA NA NA NA NA NA NA NA NA NA NA NA NA NA NA NA NA NA NA NA NA NA NA NA NA NA NA NA NA NA NA NA NA NA NA NA NA NA NA NA NA NA NA NA NA NA NA NA NA NA NA NA NA NA NA NA NA NA NA NA NA NA NA NA NA NA NA NA NA NA NA NA NA NA NA NA NA NA NA NA NA NA NA NA NA NA NA NA NA NA NA NA NA NA NA NA NA NA NA NA NA NA NA NA NA NA NA NA NA NA NA NA NA NA NA NA NA NA NA NA NA NA NA NA NA NA NA NA NA NA NA NA NA NA NA NA NA NA NA NA NA NA NA NA NA NA NA NA NA NA NA NA NA NA NA NA NA NA NA NA NA NA NA NA NA NA NA NA NA NA NA NA NA NA NA NA NA NA NA NA NA NA NA NA NA NA NA NA NA NA NA NA NA NA NA NA NA NA NA NA NA NA NA NA NA NA NA NA NA NA NA NA NA NA NA NA NA NA NA NA NA NA NA NA NA NA NA NA
NA NA NA NA NA NA NA NA NA NA NA NA NA NA NA NA NA NA NA NA NA 73 73 73 73 73 74 74 74 74 75 75 75 75 75 76 76 76 76 77 77 77 77 78 78 78 78 79 79 79 79 80 80 80 80 80 81 81 81 81 82 82 82 82 83 83 83 83 83 84 84 84 84 85 85 85 85 86 86 86 86 87 87 87 87 87 88 88 88 88 89 89 89 89 89 90 90 90 90 91 91 91 91 92 92 92 92 93 93 93 93 93 94 94 94 94 95 95 95 95 96 96 96 96 96 97 97 97 97 98 98 98 98 98 99 99 99 99 99 100 100 100 100 101 101 101 101 101 102 102 102 102 102 103 103 103 103 104 104 104 104 104 105 105 105 105 105 106 106 106 106 106 107 107 107 107 107 108 108 108 108 108 108 109 109 109 109 109 110 110 110 110 111 111 111 111 111 111 112 112 112 112 112 113 113 113 113 113 113 114 114 114 114 114 114 115 115 115 115 115 116 116 116 116 116 116 117 117 117 117 117 117 118 118 118 118 118 118 118 119 119 119 NA NA NA NA NA NA NA NA NA NA NA NA NA NA NA NA NA NA NA NA NA NA NA NA NA NA NA NA NA NA NA NA NA NA NA NA NA NA NA NA NA NA NA NA NA NA NA NA NA NA NA NA NA NA NA NA NA NA NA NA NA NA NA NA NA NA NA NA NA NA NA NA NA NA NA NA NA NA NA NA NA NA NA NA NA NA NA NA NA NA NA NA NA NA NA NA NA NA NA NA NA NA NA NA NA NA NA NA NA NA NA NA NA NA NA NA NA NA NA NA NA NA NA NA NA NA NA NA NA NA NA NA NA NA NA NA NA NA NA NA NA NA NA NA NA NA NA NA NA NA NA NA NA NA NA NA NA NA NA NA NA NA NA NA NA NA NA NA NA NA NA NA NA NA NA NA NA NA NA NA NA NA NA NA NA NA NA NA NA NA NA NA NA NA NA NA NA NA NA NA NA NA NA NA NA NA NA NA NA NA NA NA NA NA NA NA NA NA NA NA NA NA NA NA NA NA NA NA NA NA NA NA NA NA NA NA NA NA NA NA NA NA NA NA NA NA NA NA NA NA NA NA NA NA NA NA NA NA NA NA NA
NA NA NA NA NA NA NA NA NA NA NA NA NA NA NA NA NA NA NA NA NA 73 73 73 73 73 74 74 74 74 74 75 75 75 75 76 76 76 76 76 77 77 77 78 78 78 78 78 79 79 79 79 80 80 80 80 81 81 81 81 81 82 82 82 82 83 83 83 83 84 84 84 84 85 85 85 85 85 86 86 86 86 87 87 87 87 88 88 88 88 89 89 89 89 89 90 90 90 90 91 91 91 91 91 92 92 92 92 93 93 93 93 94 94 94 94 95 95 95 95 95 96 96 96 96 97 97 97 97 97 98 98 98 98 99 99 99 99 99 100 100 100 100 101 101 101 101 101 102 102 102 102 102 103 103 103 103 103 104 104 104 104 104 105 105 105 105 106 106 106 106 106 106 107 107 107 107 107 108 108 108 108 108 109 109 109 109 109 110 110 110 110 110 111 111 111 111 111 112 112 112 112 112 113 113 113 113 113 113 114 114 114 114 114 114 115 115 115 115 115 115 116 116 116 116 116 116 117 117 117 117 117 117 118 118 118 118 118 118 119 119 119 120 120 NA NA NA NA NA NA NA NA NA NA NA NA NA NA NA NA NA NA NA NA NA NA NA NA NA NA NA NA NA NA NA NA NA NA NA NA NA NA NA NA NA NA NA NA NA NA NA NA NA NA NA NA NA NA NA NA NA NA NA NA NA NA NA NA NA NA NA NA NA NA NA NA NA NA NA NA NA NA NA NA NA NA NA NA NA NA NA NA NA NA NA NA NA NA NA NA NA NA NA NA NA NA NA NA NA NA NA NA NA NA NA NA NA NA NA NA NA NA NA NA NA NA NA NA NA NA NA NA NA NA NA NA NA NA NA NA NA NA NA NA NA NA NA NA NA NA NA NA NA NA NA NA NA NA NA NA NA NA NA NA NA NA NA NA NA NA NA NA NA NA NA NA NA NA NA NA NA NA NA NA NA NA NA NA NA NA NA NA NA NA NA NA NA NA NA NA NA NA NA NA NA NA NA NA NA NA NA NA NA NA NA NA NA NA NA NA NA NA NA NA NA NA NA NA NA NA NA NA NA NA NA NA NA NA NA NA NA NA NA NA NA NA NA NA NA NA NA NA NA NA NA NA NA NA NA NA NA NA NA
NA NA NA NA NA NA NA NA NA NA NA NA NA NA NA NA NA NA NA NA NA 72 73 73 73 73 73 74 74 74 74 75 75 75 75 75 76 76 76 76 76 77 77 77 78 78 78 78 79 79 79 79 79 80 80 80 80 81 81 81 81 82 82 82 82 82 83 83 83 83 84 84 84 84 85 85 85 85 86 86 86 86 87 87 87 87 87 88 88 88 88 89 89 89 89 89 90 90 90 90 91 91 91 91 92 92 92 92 93 93 93 93 94 94 94 94 94 95 95 95 95 96 96 96 96 97 97 97 97 97 98 98 98 98 98 99 99 99 99 100 100 100 100 101 101 101 101 101 102 102 102 102 102 103 103 103 103 103 104 104 104 104 104 105 105 105 105 105 106 106 106 106 106 107 107 107 107 107 108 108 108 108 108 109 109 109 109 109 110 110 110 110 110 111 111 111 111 111 112 112 112 112 112 112 113 113 113 113 113 114 114 114 114 114 114 115 115 115 115 115 115 116 116 116 116 116 116 117 117 117 117 117 117 118 118 118 118 118 118 119 119 119 120 120 120 121 NA NA NA NA NA NA NA NA NA NA NA NA NA NA NA NA NA NA NA NA NA NA NA NA NA NA NA NA NA NA NA NA NA NA NA NA NA NA NA NA NA NA NA NA NA NA NA NA NA NA NA NA NA NA NA NA NA NA NA NA NA NA NA NA NA NA NA NA NA NA NA NA NA NA NA NA NA NA NA NA NA NA NA NA NA NA NA NA NA NA NA NA NA NA NA NA NA NA NA NA NA NA NA NA NA NA NA NA NA NA NA NA NA NA NA NA NA NA NA NA NA NA NA NA NA NA NA NA NA NA NA NA NA NA NA NA NA NA NA NA NA NA NA NA NA NA NA NA NA NA NA NA NA NA NA NA NA NA NA NA NA NA NA NA NA NA NA NA NA NA NA NA NA NA NA NA NA NA NA NA NA NA NA NA NA NA NA NA NA NA NA NA NA NA NA NA NA NA NA NA NA NA NA NA NA NA NA NA NA NA NA NA NA NA NA NA NA NA NA NA NA NA NA NA NA NA NA NA NA NA NA NA NA NA NA NA NA NA NA NA NA NA NA NA NA NA NA NA NA NA NA NA NA NA NA NA NA
NA NA NA NA NA NA NA NA NA NA NA NA NA NA NA NA NA NA NA NA 72 72 72 73 73 73 73 74 74 74 74 74 75 75 75 75 75 76 76 76 76 77 77 77 77 78 78 78 78 79 79 79 79 80 80 80 80 80 81 81 81 81 82 82 82 82 83 83 83 83 84 84 84 84 85 85 85 85 85 86 86 86 86 87 87 87 87 88 88 88 88 89 89 89 89 89 90 90 90 90 91 91 91 91 92 92 92 92 92 93 93 93 93 94 94 94 94 95 95 95 95 96 96 96 96 96 97 97 97 97 98 98 98 98 98 99 99 99 99 100 100 100 100 100 101 101 101 101 102 102 102 102 102 103 103 103 103 103 104 104 104 104 104 105 105 105 105 105 106 106 106 106 106 107 107 107 107 107 108 108 108 108 108 109 109 109 109 109 109 110 110 110 110 111 111 111 111 111 112 112 112 112 112 112 113 113 113 113 113 113 114 114 114 114 114 115 115 115 115 115 115 116 116 116 116 116 116 117 117 117 117 117 117 118 118 118 118 118 118 119 119 119 120 120 120 121 121 NA NA NA NA NA NA NA NA NA NA NA NA NA NA NA NA NA NA NA NA NA NA NA NA NA NA NA NA NA NA NA NA NA NA NA NA NA NA NA NA NA NA NA NA NA NA NA NA NA NA NA NA NA NA NA NA NA NA NA NA NA NA NA NA NA NA NA NA NA NA NA NA NA NA NA NA NA NA NA NA NA NA NA NA NA NA NA NA NA NA NA NA NA NA NA NA NA NA NA NA NA NA NA NA NA NA NA NA NA NA NA NA NA NA NA NA NA NA NA NA NA NA NA NA NA NA NA NA NA NA NA NA NA NA NA NA NA NA NA NA NA NA NA NA NA NA NA NA NA NA NA NA NA NA NA NA NA NA NA NA NA NA NA NA NA NA NA NA NA NA NA NA NA NA NA NA NA NA NA NA NA NA NA NA NA NA NA NA NA NA NA NA NA NA NA NA NA NA NA NA NA NA NA NA NA NA NA NA NA NA NA NA NA NA NA NA NA NA NA NA NA NA NA NA NA NA NA NA NA NA NA NA NA NA NA NA NA NA NA NA NA NA NA NA NA NA NA NA NA NA NA NA NA NA NA NA
NA NA NA NA NA NA NA NA NA NA NA NA NA NA NA NA NA NA NA NA NA 72 72 73 73 73 73 73 74 74 74 74 74 75 75 75 75 76 76 76 76 76 77 77 77 78 78 78 78 78 79 79 79 79 80 80 80 80 81 81 81 81 82 82 82 82 82 83 83 83 83 84 84 84 84 85 85 85 85 86 86 86 86 87 87 87 87 87 88 88 88 88 89 89 89 89 90 90 90 90 90 91 91 91 91 92 92 92 92 93 93 93 93 94 94 94 94 95 95 95 95 95 96 96 96 96 97 97 97 97 97 98 98 98 98 99 99 99 99 99 100 100 100 100 101 101 101 101 101 102 102 102 102 102 103 103 103 103 104 104 104 104 104 104 105 105 105 105 105 106 106 106 106 106 107 107 107 107 107 108 108 108 108 108 109 109 109 109 109 110 110 110 110 111 111 111 111 111 111 112 112 112 112 112 113 113 113 113 113 113 114 114 114 114 114 114 115 115 115 115 115 116 116 116 116 116 116 117 117 117 117 117 117 118 118 118 118 118 118 118 119 119 120 120 120 121 121 121 NA NA NA NA NA NA NA NA NA NA NA NA NA NA NA NA NA NA NA NA NA NA NA NA NA NA NA NA NA NA NA NA NA NA NA NA NA NA NA NA NA NA NA NA NA NA NA NA NA NA NA NA NA NA NA NA NA NA NA NA NA NA NA NA NA NA NA NA NA NA NA NA NA NA NA NA NA NA NA NA NA NA NA NA NA NA NA NA NA NA NA NA NA NA NA NA NA NA NA NA NA NA NA NA NA NA NA NA NA NA NA NA NA NA NA NA NA NA NA NA NA NA NA NA NA NA NA NA NA NA NA NA NA NA NA NA NA NA NA NA NA NA NA NA NA NA NA NA NA NA NA NA NA NA NA NA NA NA NA NA NA NA NA NA NA NA NA NA NA NA NA NA NA NA NA NA NA NA NA NA NA NA NA NA NA NA NA NA NA NA NA NA NA NA NA NA NA NA NA NA NA NA NA NA NA NA NA NA NA NA NA NA NA NA NA NA NA NA NA NA NA NA NA NA NA NA NA NA NA NA NA NA NA NA NA NA NA NA NA NA NA NA NA NA NA NA NA NA NA NA NA NA NA NA NA
NA NA NA NA NA NA NA NA NA NA NA NA NA NA NA NA NA NA NA NA NA NA 72 72 73 73 73 73 73 74 74 74 74 75 75 75 75 75 76 76 76 76 77 77 77 77 78 78 78 78 79 79 79 79 80 80 80 80 80 81 81 81 81 82 82 82 82 83 83 83 83 84 84 84 84 84 85 85 85 85 86 86 86 86 87 87 87 87 88 88 88 88 88 89 89 89 89 90 90 90 90 91 91 91 91 92 92 92 92 93 93 93 93 94 94 94 94 94 95 95 95 95 96 96 96 96 97 97 97 97 97 98 98 98 98 99 99 99 99 99 100 100 100 100 101 101 101 101 101 102 102 102 102 102 103 103 103 103 103 104 104 104 104 104 105 105 105 105 105 106 106 106 106 106 107 107 107 107 107 108 108 108 108 108 109 109 109 109 109 110 110 110 110 110 111 111 111 111 111 112 112 112 112 112 113 113 113 113 113 113 114 114 114 114 114 114 115 115 115 115 115 115 116 116 116 116 116 116 117 117 117 117 117 117 118 118 118 118 118 118 119 119 120 120 120 121 121 NA NA NA NA NA NA NA NA NA NA NA NA NA NA NA NA NA NA NA NA NA NA NA NA NA NA NA NA NA NA NA NA NA NA NA NA NA NA NA NA NA NA NA NA NA NA NA NA NA NA NA NA NA NA NA NA NA NA NA NA NA NA NA NA NA NA NA NA NA NA NA NA NA NA NA NA NA NA NA NA NA NA NA NA NA NA NA NA NA NA NA NA NA NA NA NA NA NA NA NA NA NA NA NA NA NA NA NA NA NA NA NA NA NA NA NA NA NA NA NA NA NA NA NA NA NA NA NA NA NA NA NA NA NA NA NA NA NA NA NA NA NA NA NA NA NA NA NA NA NA NA NA NA NA NA NA NA NA NA NA NA NA NA NA NA NA NA NA NA NA NA NA NA NA NA NA NA NA NA NA NA NA NA NA NA NA NA NA NA NA NA NA NA NA NA NA NA NA NA NA NA NA NA NA NA NA NA NA NA NA NA NA NA NA NA NA NA NA NA NA NA NA NA NA NA NA NA NA NA NA NA NA NA NA NA NA NA NA NA NA NA NA NA NA NA NA NA NA NA NA NA NA NA NA NA NA
NA NA NA NA NA NA NA NA NA NA NA NA NA NA NA NA NA NA NA NA NA NA NA NA 72 73 73 73 73 74 74 74 74 74 75 75 75 75 75 76 76 76 77 77 77 77 78 78 78 78 78 79 79 79 79 80 80 80 80 81 81 81 81 82 82 82 82 82 83 83 83 83 84 84 84 84 85 85 85 85 86 86 86 86 87 87 87 87 88 88 88 88 88 89 89 89 89 90 90 90 90 91 91 91 91 91 92 92 92 92 93 93 93 93 94 94 94 94 95 95 95 95 96 96 96 96 96 97 97 97 97 98 98 98 98 98 99 99 99 99 100 100 100 100 100 101 101 101 101 102 102 102 102 102 103 103 103 103 103 104 104 104 104 104 105 105 105 105 105 106 106 106 106 106 107 107 107 107 107 108 108 108 108 108 109 109 109 109 109 110 110 110 110 110 111 111 111 111 111 112 112 112 112 112 112 113 113 113 113 113 114 114 114 114 114 114 115 115 115 115 115 115 116 116 116 116 116 116 117 117 117 117 117 117 118 118 118 118 118 118 119 119 120 120 120 120 NA NA NA NA NA NA NA NA NA NA NA NA NA NA NA NA NA NA NA NA NA NA NA NA NA NA NA NA NA NA NA NA NA NA NA NA NA NA NA NA NA NA NA NA NA NA NA NA NA NA NA NA NA NA NA NA NA NA NA NA NA NA NA NA NA NA NA NA NA NA NA NA NA NA NA NA NA NA NA NA NA NA NA NA NA NA NA NA NA NA NA NA NA NA NA NA NA NA NA NA NA NA NA NA NA NA NA NA NA NA NA NA NA NA NA NA NA NA NA NA NA NA NA NA NA NA NA NA NA NA NA NA NA NA NA NA NA NA NA NA NA NA NA NA NA NA NA NA NA NA NA NA NA NA NA NA NA NA NA NA NA NA NA NA NA NA NA NA NA NA NA NA NA NA NA NA NA NA NA NA NA NA NA NA NA NA NA NA NA NA NA NA NA NA NA NA NA NA NA NA NA NA NA NA NA NA NA NA NA NA NA NA NA NA NA NA NA NA NA NA NA NA NA NA NA NA NA NA NA NA NA NA NA NA NA NA NA NA NA NA NA NA NA NA NA NA NA NA NA NA NA NA NA NA NA NA NA
NA NA NA NA NA NA NA NA NA NA NA NA NA NA NA NA NA NA NA NA NA NA NA NA NA 72 73 73 73 73 74 74 74 74 74 75 75 75 75 76 76 76 76 77 77 77 77 78 78 78 78 79 79 79 79 79 80 80 80 80 81 81 81 81 82 82 82 82 83 83 83 83 84 84 84 84 84 85 85 85 85 86 86 86 86 87 87 87 87 88 88 88 88 88 89 89 89 89 90 90 90 90 91 91 91 91 92 92 92 92 93 93 93 93 94 94 94 94 95 95 95 95 95 96 96 96 96 97 97 97 97 97 98 98 98 98 99 99 99 99 99 100 100 100 100 101 101 101 101 101 102 102 102 102 102 103 103 103 103 104 104 104 104 104 105 105 105 105 105 106 106 106 106 106 107 107 107 107 107 107 108 108 108 108 109 109 109 109 109 109 110 110 110 110 111 111 111 111 111 112 112 112 112 112 112 113 113 113 113 113 113 114 114 114 114 114 115 115 115 115 115 115 116 116 116 116 116 116 117 117 117 117 117 117 118 118 118 118 118 118 119 119 120 120 120 120 121 121 121 NA NA NA NA NA NA NA NA NA NA NA NA NA NA NA NA NA NA NA NA NA NA NA NA NA NA NA NA NA NA NA NA NA NA NA NA NA NA NA NA NA NA NA NA NA NA NA NA NA NA NA NA NA NA NA NA NA NA NA NA NA NA NA NA NA NA NA NA NA NA NA NA NA NA NA NA NA NA NA NA NA NA NA NA NA NA NA NA NA NA NA NA NA NA NA NA NA NA NA NA NA NA NA NA NA NA NA NA NA NA NA NA NA NA NA NA NA NA NA NA NA NA NA NA NA NA NA NA NA NA NA NA NA NA NA NA NA NA NA NA NA NA NA NA NA NA NA NA NA NA NA NA NA NA NA NA NA NA NA NA NA NA NA NA NA NA NA NA NA NA NA NA NA NA NA NA NA NA NA NA NA NA NA NA NA NA NA NA NA NA NA NA NA NA NA NA NA NA NA NA NA NA NA NA NA NA NA NA NA NA NA NA NA NA NA NA NA NA NA NA NA NA NA NA NA NA NA NA NA NA NA NA NA NA NA NA NA NA NA NA NA NA NA NA NA NA NA NA NA NA NA NA NA NA
NA NA NA NA NA NA NA NA NA NA NA NA NA NA NA NA NA NA NA NA NA NA NA NA NA NA 72 72 73 73 73 73 73 74 74 74 74 75 75 75 75 75 76 76 76 77 77 77 77 78 78 78 78 78 79 79 79 79 80 80 80 80 81 81 81 81 82 82 82 82 83 83 83 83 84 84 84 84 85 85 85 85 85 86 86 86 86 87 87 87 87 88 88 88 88 88 89 89 89 89 90 90 90 90 91 91 91 91 92 92 92 92 93 93 93 93 94 94 94 94 94 95 95 95 95 96 96 96 96 97 97 97 97 97 98 98 98 98 98 99 99 99 100 100 100 100 101 101 101 101 102 102 102 102 102 103 103 103 103 103 104 104 104 104 104 105 105 105 105 105 106 106 106 106 106 107 107 107 107 107 108 108 108 108 108 109 109 109 109 109 110 110 110 110 111 111 111 111 111 112 112 112 112 112 112 113 113 113 113 113 114 114 114 114 114 114 115 115 115 115 115 115 116 116 116 116 116 116 117 117 117 117 117 117 118 118 118 118 118 118 119 119 120 120 120 120 120 121 121 121 121 121 121 NA NA NA NA NA NA NA NA NA NA NA NA NA NA NA NA NA NA NA NA NA NA NA NA NA NA NA NA NA NA NA NA NA NA NA NA NA NA NA NA NA NA NA NA NA NA NA NA NA NA NA NA NA NA NA NA NA NA NA NA NA NA NA NA NA NA NA NA NA NA NA NA NA NA NA NA NA NA NA NA NA NA NA NA NA NA NA NA NA NA NA NA NA NA NA NA NA NA NA NA NA NA NA NA NA NA NA NA NA NA NA NA NA NA NA NA NA NA NA NA NA NA NA NA NA NA NA NA NA NA NA NA NA NA NA NA NA NA NA NA NA NA NA NA NA NA NA NA NA NA NA NA NA NA NA NA NA NA NA NA NA NA NA NA NA NA NA NA NA NA NA NA NA NA NA NA NA NA NA NA NA NA NA NA NA NA NA NA NA NA NA NA NA NA NA NA NA NA NA NA NA NA NA NA NA NA NA NA NA NA NA NA NA NA NA NA NA NA NA NA NA NA NA NA NA NA NA NA NA NA NA NA NA NA NA NA NA NA NA NA NA NA NA NA NA NA NA NA NA NA
NA NA NA NA NA NA NA NA NA NA NA NA NA NA NA NA NA NA NA NA NA NA NA NA NA 72 72 72 72 73 73 73 73 74 74 74 74 74 75 75 75 75 76 76 76 77 77 77 77 77 78 78 78 78 79 79 79 79 80 80 80 80 81 81 81 81 81 82 82 82 82 83 83 83 83 84 84 84 84 85 85 85 85 86 86 86 86 87 87 87 87 88 88 88 88 88 89 89 89 89 90 90 90 90 91 91 91 91 92 92 92 92 93 93 93 93 93 94 94 94 94 95 95 95 95 96 96 96 96 96 97 97 97 97 98 98 98 98 98 99 99 99 100 100 100 100 101 101 101 101 101 102 102 102 102 103 103 103 103 103 104 104 104 104 104 105 105 105 105 105 106 106 106 106 106 107 107 107 107 107 108 108 108 108 108 109 109 109 109 109 110 110 110 110 111 111 111 111 111 111 112 112 112 112 112 113 113 113 113 113 113 114 114 114 114 114 115 115 115 115 115 115 116 116 116 116 116 116 117 117 117 117 117 117 118 118 118 118 118 118 119 119 120 120 120 120 120 121 121 121 121 121 121 NA NA NA NA NA NA NA NA NA NA NA NA NA NA NA NA NA NA NA NA NA NA NA NA NA NA NA NA NA NA NA NA NA NA NA NA NA NA NA NA NA NA NA NA NA NA NA NA NA NA NA NA NA NA NA NA NA NA NA NA NA NA NA NA NA NA NA NA NA NA NA NA NA NA NA NA NA NA NA NA NA NA NA NA NA NA NA NA NA NA NA NA NA NA NA NA NA NA NA NA NA NA NA NA NA NA NA NA NA NA NA NA NA NA NA NA NA NA NA NA NA NA NA NA NA NA NA NA NA NA NA NA NA NA NA NA NA NA NA NA NA NA NA NA NA NA NA NA NA NA NA NA NA NA NA NA NA NA NA NA NA NA NA NA NA NA NA NA NA NA NA NA NA NA NA NA NA NA NA NA NA NA NA NA NA NA NA NA NA NA NA NA NA NA NA NA NA NA NA NA NA NA NA NA NA NA NA NA NA NA NA NA NA NA NA NA NA NA NA NA NA NA NA NA NA NA NA NA NA NA NA NA NA NA NA NA NA NA NA NA NA NA NA NA NA NA NA NA NA NA
NA NA NA NA NA NA NA NA NA NA NA NA NA NA NA NA NA NA NA 70 71 71 71 71 71 72 72 72 72 73 73 73 73 73 74 74 74 74 74 75 75 75 76 76 76 76 77 77 77 77 78 78 78 78 79 79 79 79 79 80 80 80 80 81 81 81 81 82 82 82 82 83 83 83 83 84 84 84 84 85 85 85 85 85 86 86 86 86 87 87 87 87 88 88 88 88 88 89 89 89 89 90 90 90 90 91 91 91 91 92 92 92 92 93 93 93 93 94 94 94 94 95 95 95 95 96 96 96 96 96 97 97 97 97 98 98 98 98 98 99 99 99 100 100 100 100 101 101 101 101 101 102 102 102 102 102 103 103 103 103 103 104 104 104 104 104 105 105 105 105 105 106 106 106 106 106 107 107 107 107 108 108 108 108 108 109 109 109 109 109 109 110 110 110 111 111 111 111 111 111 112 112 112 112 112 113 113 113 113 113 113 114 114 114 114 114 114 115 115 115 115 115 116 116 116 116 116 116 117 117 117 117 117 117 117 118 118 118 118 118 119 119 120 120 120 120 120 121 121 121 121 121 121 121 NA NA NA NA NA NA NA NA NA NA NA NA NA NA NA NA NA NA NA NA NA NA NA NA NA NA NA NA NA NA NA NA NA NA NA NA NA NA NA NA NA NA NA NA NA NA NA NA NA NA NA NA NA NA NA NA NA NA NA NA NA NA NA NA NA NA NA NA NA NA NA NA NA NA NA NA NA NA NA NA NA NA NA NA NA NA NA NA NA NA NA NA NA NA NA NA NA NA NA NA NA NA NA NA NA NA NA NA NA NA NA NA NA NA NA NA NA NA NA NA NA NA NA NA NA NA NA NA NA NA NA NA NA NA NA NA NA NA NA NA NA NA NA NA NA NA NA NA NA NA NA NA NA NA NA NA NA NA NA NA NA NA NA NA NA NA NA NA NA NA NA NA NA NA NA NA NA NA NA NA NA NA NA NA NA NA NA NA NA NA NA NA NA NA NA NA NA NA NA NA NA NA NA NA NA NA NA NA NA NA NA NA NA NA NA NA NA NA NA NA NA NA NA NA NA NA NA NA NA NA NA NA NA NA NA NA NA NA NA NA NA NA NA NA NA NA NA NA NA
NA NA NA NA NA NA NA NA NA NA NA NA NA NA NA NA NA NA 70 70 70 71 71 71 71 72 72 72 72 72 73 73 73 73 73 74 74 74 74 75 75 75 76 76 76 76 77 77 77 77 77 78 78 78 78 79 79 79 79 80 80 80 80 81 81 81 81 81 82 82 82 82 83 83 83 83 84 84 84 84 85 85 85 85 86 86 86 86 87 87 87 87 87 88 88 88 88 89 89 89 89 90 90 90 90 91 91 91 91 92 92 92 92 93 93 93 93 94 94 94 94 95 95 95 95 95 96 96 96 96 97 97 97 97 97 98 98 98 98 99 99 99 100 100 100 100 100 101 101 101 101 102 102 102 102 102 103 103 103 103 103 104 104 104 104 104 105 105 105 105 105 106 106 106 106 106 107 107 107 107 107 108 108 108 108 108 109 109 109 109 109 110 110 110 110 111 111 111 111 111 112 112 112 112 112 112 113 113 113 113 113 114 114 114 114 114 114 115 115 115 115 115 115 116 116 116 116 116 116 117 117 117 117 117 117 118 118 118 118 118 118 119 120 120 120 120 120 121 121 121 121 121 121 121 NA NA NA NA NA NA NA NA NA NA NA NA NA NA NA NA NA NA NA NA NA NA NA NA NA NA NA NA NA NA NA NA NA NA NA NA NA NA NA NA NA NA NA NA NA NA NA NA NA NA NA NA NA NA NA NA NA NA NA NA NA NA NA NA NA NA NA NA NA NA NA NA NA NA NA NA NA NA NA NA NA NA NA NA NA NA NA NA NA NA NA NA NA NA NA NA NA NA NA NA NA NA NA NA NA NA NA NA NA NA NA NA NA NA NA NA NA NA NA NA NA NA NA NA NA NA NA NA NA NA NA NA NA NA NA NA NA NA NA NA NA NA NA NA NA NA NA NA NA NA NA NA NA NA NA NA NA NA NA NA NA NA NA NA NA NA NA NA NA NA NA NA NA NA NA NA NA NA NA NA NA NA NA NA NA NA NA NA NA NA NA NA NA NA NA NA NA NA NA NA NA NA NA NA NA NA NA NA NA NA NA NA NA NA NA NA NA NA NA NA NA NA NA NA NA NA NA NA NA NA NA NA NA NA NA NA NA NA NA NA NA NA NA NA NA NA NA NA NA
NA NA NA NA NA NA NA NA NA NA NA NA NA NA NA NA NA NA 70 70 70 70 71 71 71 71 72 72 72 72 72 73 73 73 73 73 74 74 74 74 75 75 75 76 76 76 76 77 77 77 77 77 78 78 78 78 79 79 79 79 80 80 80 80 81 81 81 81 82 82 82 82 83 83 83 83 84 84 84 84 85 85 85 85 86 86 86 86 86 87 87 87 87 88 88 88 88 89 89 89 89 90 90 90 90 91 91 91 91 92 92 92 92 93 93 93 93 93 94 94 94 94 95 95 95 95 96 96 96 96 97 97 97 97 97 98 98 98 98 98 99 99 100 100 100 100 100 101 101 101 101 101 102 102 102 102 103 103 103 103 103 104 104 104 104 104 105 105 105 105 105 106 106 106 106 106 107 107 107 107 107 108 108 108 108 108 109 109 109 109 109 110 110 110 110 111 111 111 111 111 112 112 112 112 112 112 113 113 113 113 113 114 114 114 114 114 114 115 115 115 115 115 115 116 116 116 116 116 116 117 117 117 117 117 117 118 118 118 118 118 118 119 120 120 120 120 120 121 121 121 121 121 121 121 122 122 NA NA NA NA NA NA NA NA NA NA NA NA NA NA NA NA NA NA NA NA NA NA NA NA NA NA NA NA NA NA NA NA NA NA NA NA NA NA NA NA NA NA NA NA NA NA NA NA NA NA NA NA NA NA NA NA NA NA NA NA NA NA NA NA NA NA NA NA NA NA NA NA NA NA NA NA NA NA NA NA NA NA NA NA NA NA NA NA NA NA NA NA NA NA NA NA NA NA NA NA NA NA NA NA NA NA NA NA NA NA NA NA NA NA NA NA NA NA NA NA NA NA NA NA NA NA NA NA NA NA NA NA NA NA NA NA NA NA NA NA NA NA NA NA NA NA NA NA NA NA NA NA NA NA NA NA NA NA NA NA NA NA NA NA NA NA NA NA NA NA NA NA NA NA NA NA NA NA NA NA NA NA NA NA NA NA NA NA NA NA NA NA NA NA NA NA NA NA NA NA NA NA NA NA NA NA NA NA NA NA NA NA NA NA NA NA NA NA NA NA NA NA NA NA NA NA NA NA NA NA NA NA NA NA NA NA NA NA NA NA NA NA NA NA NA NA NA
NA NA NA NA NA NA NA NA NA NA NA NA NA NA NA NA NA NA NA 70 70 70 71 71 71 71 71 72 72 72 72 72 73 73 73 73 74 74 74 74 74 75 75 75 76 76 76 76 77 77 77 77 78 78 78 78 79 79 79 79 80 80 80 80 80 81 81 81 81 82 82 82 82 83 83 83 83 84 84 84 84 85 85 85 85 86 86 86 86 87 87 87 87 87 88 88 88 88 89 89 89 89 90 90 90 90 91 91 91 91 92 92 92 92 93 93 93 93 94 94 94 94 95 95 95 95 96 96 96 96 96 97 97 97 97 98 98 98 98 98 99 99 100 100 100 100 100 101 101 101 101 101 102 102 102 102 102 103 103 103 103 104 104 104 104 104 104 105 105 105 105 106 106 106 106 106 107 107 107 107 107 108 108 108 108 108 109 109 109 109 109 109 110 110 110 111 111 111 111 111 111 112 112 112 112 112 113 113 113 113 113 113 114 114 114 114 114 115 115 115 115 115 115 115 116 116 116 116 116 117 117 117 117 117 117 118 118 118 118 118 118 119 120 120 120 120 120 120 121 121 121 121 121 121 122 122 122 NA NA NA NA NA NA NA NA NA NA NA NA NA NA NA NA NA NA NA NA NA NA NA NA NA NA NA NA NA NA NA NA NA NA NA NA NA NA NA NA NA NA NA NA NA NA NA NA NA NA NA NA NA NA NA NA NA NA NA NA NA NA NA NA NA NA NA NA NA NA NA NA NA NA NA NA NA NA NA NA NA NA NA NA NA NA NA NA NA NA NA NA NA NA NA NA NA NA NA NA NA NA NA NA NA NA NA NA NA NA NA NA NA NA NA NA NA NA NA NA NA NA NA NA NA NA NA NA NA NA NA NA NA NA NA NA NA NA NA NA NA NA NA NA NA NA NA NA NA NA NA NA NA NA NA NA NA NA NA NA NA NA NA NA NA NA NA NA NA NA NA NA NA NA NA NA NA NA NA NA NA NA NA NA NA NA NA NA NA NA NA NA NA NA NA NA NA NA NA NA NA NA NA NA NA NA NA NA NA NA NA NA NA NA NA NA NA NA NA NA NA NA NA NA NA NA NA NA NA NA NA NA NA NA NA NA NA NA NA NA NA NA NA NA NA NA
NA NA NA NA NA NA NA NA NA NA NA NA NA NA NA NA NA NA NA NA NA 70 70 71 71 71 71 72 72 72 72 72 73 73 73 73 73 74 74 74 74 75 75 75 76 76 76 76 77 77 77 77 77 78 78 78 78 79 79 79 79 80 80 80 80 81 81 81 81 82 82 82 82 83 83 83 83 84 84 84 84 85 85 85 85 86 86 86 86 87 87 87 87 87 88 88 88 88 89 89 89 89 90 90 90 90 91 91 91 91 92 92 92 92 93 93 93 93 94 94 94 94 95 95 95 95 95 96 96 96 96 97 97 97 97 97 98 98 98 98 99 99 99 100 100 100 100 101 101 101 101 101 102 102 102 102 102 103 103 103 103 103 104 104 104 104 104 105 105 105 105 105 106 106 106 106 107 107 107 107 107 107 108 108 108 108 108 109 109 109 109 109 110 110 110 111 111 111 111 111 111 112 112 112 112 112 113 113 113 113 113 113 114 114 114 114 114 115 115 115 115 115 115 115 116 116 116 116 116 117 117 117 117 117 117 118 118 118 118 118 118 118 120 120 120 120 120 120 121 121 121 121 121 121 121 122 122 122 122 NA NA NA NA NA NA NA NA NA NA NA NA NA NA NA NA NA NA NA NA NA NA NA NA NA NA NA NA NA NA NA NA NA NA NA NA NA NA NA NA NA NA NA NA NA NA NA NA NA NA NA NA NA NA NA NA NA NA NA NA NA NA NA NA NA NA NA NA NA NA NA NA NA NA NA NA NA NA NA NA NA NA NA NA NA NA NA NA NA NA NA NA NA NA NA NA NA NA NA NA NA NA NA NA NA NA NA NA NA NA NA NA NA NA NA NA NA NA NA NA NA NA NA NA NA NA NA NA NA NA NA NA NA NA NA NA NA NA NA NA NA NA NA NA NA NA NA NA NA NA NA NA NA NA NA NA NA NA NA NA NA NA NA NA NA NA NA NA NA NA NA NA NA NA NA NA NA NA NA NA NA NA NA NA NA NA NA NA NA NA NA NA NA NA NA NA NA NA NA NA NA NA NA NA NA NA NA NA NA NA NA NA NA NA NA NA NA NA NA NA NA NA NA NA NA NA NA NA NA NA NA NA NA NA NA NA NA NA NA NA NA NA NA NA
NA NA NA NA NA NA NA NA NA NA NA NA NA NA NA NA NA NA NA NA NA NA NA 70 71 71 71 71 71 72 72 72 72 73 73 73 73 74 74 74 74 74 75 75 75 76 76 76 76 77 77 77 77 78 78 78 78 79 79 79 79 80 80 80 80 80 81 81 81 81 82 82 82 82 83 83 83 83 84 84 84 84 85 85 85 85 86 86 86 86 87 87 87 87 87 88 88 88 88 89 89 89 89 90 90 90 90 91 91 91 92 92 92 92 93 93 93 93 94 94 94 94 95 95 95 95 95 96 96 96 96 97 97 97 97 97 98 98 98 98 98 99 99 100 100 100 100 100 101 101 101 101 101 102 102 102 102 103 103 103 103 103 104 104 104 104 104 105 105 105 105 105 106 106 106 106 106 107 107 107 107 107 108 108 108 108 108 109 109 109 109 109 110 110 110 110 111 111 111 111 111 112 112 112 112 112 113 113 113 113 113 113 114 114 114 114 114 114 115 115 115 115 115 115 116 116 116 116 116 116 117 117 117 117 117 117 118 118 118 118 118 118 120 120 120 120 120 120 121 121 121 121 121 121 121 122 122 122 122 122 NA NA NA NA NA NA NA NA NA NA NA NA NA NA NA NA NA NA NA NA NA NA NA NA NA NA NA NA NA NA NA NA NA NA NA NA NA NA NA NA NA NA NA NA NA NA NA NA NA NA NA NA NA NA NA NA NA NA NA NA NA NA NA NA NA NA NA NA NA NA NA NA NA NA NA NA NA NA NA NA NA NA NA NA NA NA NA NA NA NA NA NA NA NA NA NA NA NA NA NA NA NA NA NA NA NA NA NA NA NA NA NA NA NA NA NA NA NA NA NA NA NA NA NA NA NA NA NA NA NA NA NA NA NA NA NA NA NA NA NA NA NA NA NA NA NA NA NA NA NA NA NA NA NA NA NA NA NA NA NA NA NA NA NA NA NA NA NA NA NA NA NA NA NA NA NA NA NA NA NA NA NA NA NA NA NA NA NA NA NA NA NA NA NA NA NA NA NA NA NA NA NA NA NA NA NA NA NA NA NA NA NA NA NA NA NA NA NA NA NA NA NA NA NA NA NA NA NA NA NA NA NA NA NA NA NA NA NA NA NA NA NA NA
NA NA NA NA NA NA NA NA NA NA NA NA NA NA NA NA NA NA NA NA NA NA NA NA 70 71 71 71 71 71 72 72 72 72 73 73 73 73 74 74 74 74 75 75 75 76 76 76 76 76 77 77 77 77 78 78 78 78 79 79 79 79 80 80 80 80 81 81 81 81 82 82 82 82 83 83 83 83 84 84 84 84 85 85 85 85 86 86 86 86 87 87 87 87 87 88 88 88 88 89 89 89 89 90 90 90 90 91 91 91 91 92 92 92 92 93 93 93 93 94 94 94 94 95 95 95 95 96 96 96 96 96 97 97 97 97 98 98 98 98 98 99 99 100 100 100 100 100 101 101 101 101 101 102 102 102 102 102 103 103 103 103 104 104 104 104 104 105 105 105 105 105 106 106 106 106 106 107 107 107 107 107 108 108 108 108 108 109 109 109 109 109 110 110 110 110 111 111 111 111 111 112 112 112 112 112 112 113 113 113 113 113 114 114 114 114 114 114 115 115 115 115 115 115 116 116 116 116 116 116 117 117 117 117 117 117 118 118 118 118 118 118 120 120 120 120 120 120 121 121 121 121 121 121 121 122 122 122 122 122 122 NA NA NA NA NA NA NA NA NA NA NA NA NA NA NA NA NA NA NA NA NA NA NA NA NA NA NA NA NA NA NA NA NA NA NA NA NA NA NA NA NA NA NA NA NA NA NA NA NA NA NA NA NA NA NA NA NA NA NA NA NA NA NA NA NA NA NA NA NA NA NA NA NA NA NA NA NA NA NA NA NA NA NA NA NA NA NA NA NA NA NA NA NA NA NA NA NA NA NA NA NA NA NA NA NA NA NA NA NA NA NA NA NA NA NA NA NA NA NA NA NA NA NA NA NA NA NA NA NA NA NA NA NA NA NA NA NA NA NA NA NA NA NA NA NA NA NA NA NA NA NA NA NA NA NA NA NA NA NA NA NA NA NA NA NA NA NA NA NA NA NA NA NA NA NA NA NA NA NA NA NA NA NA NA NA NA NA NA NA NA NA NA NA NA NA NA NA NA NA NA NA NA NA NA NA NA NA NA NA NA NA NA NA NA NA NA NA NA NA NA NA NA NA NA NA NA NA NA NA NA NA NA NA NA NA NA NA NA NA NA NA NA
NA NA NA NA NA NA NA NA NA NA NA NA NA NA NA NA NA NA NA NA NA NA NA NA NA NA NA NA NA NA NA NA NA 72 73 73 73 73 73 74 74 74 75 75 75 75 76 76 76 76 77 77 77 77 78 78 78 78 79 79 79 79 79 80 80 80 80 81 81 81 81 82 82 82 82 83 83 83 83 84 84 84 84 85 85 85 85 86 86 86 86 87 87 87 87 88 88 88 88 89 89 89 89 90 90 90 90 91 91 91 91 92 92 92 92 93 93 93 93 94 94 94 94 95 95 95 95 96 96 96 96 96 97 97 97 97 97 98 98 98 98 99 99 99 100 100 100 100 101 101 101 101 101 102 102 102 102 102 103 103 103 103 103 104 104 104 104 105 105 105 105 105 106 106 106 106 106 107 107 107 107 107 108 108 108 108 108 109 109 109 109 109 110 110 110 110 111 111 111 111 111 112 112 112 112 112 112 113 113 113 113 113 114 114 114 114 114 114 115 115 115 115 115 115 116 116 116 116 116 116 117 117 117 117 117 117 118 118 118 118 118 118 120 120 120 120 120 120 121 121 121 121 121 121 121 122 122 122 122 122 122 122 123 NA NA NA NA NA NA NA NA NA NA NA NA NA NA NA NA NA NA NA NA NA NA NA NA NA NA NA NA NA NA NA NA NA NA NA NA NA NA NA NA NA NA NA NA NA NA NA NA NA NA NA NA NA NA NA NA NA NA NA NA NA NA NA NA NA NA NA NA NA NA NA NA NA NA NA NA NA NA NA NA NA NA NA NA NA NA NA NA NA NA NA NA NA NA NA NA NA NA NA NA NA NA NA NA NA NA NA NA NA NA NA NA NA NA NA NA NA NA NA NA NA NA NA NA NA NA NA NA NA NA NA NA NA NA NA NA NA NA NA NA NA NA NA NA NA NA NA NA NA NA NA NA NA NA NA NA NA NA NA NA NA NA NA NA NA NA NA NA NA NA NA NA NA NA NA NA NA NA NA NA NA NA NA NA NA NA NA NA NA NA NA NA NA NA NA NA NA NA NA NA NA NA NA NA NA NA NA NA NA NA NA NA NA NA NA NA NA NA NA NA NA NA NA NA NA NA NA NA NA NA NA NA NA NA NA NA NA NA NA NA
NA NA NA NA NA NA NA NA NA NA NA NA NA NA NA NA NA NA NA NA NA NA NA NA NA NA NA NA NA NA NA NA NA NA 72 73 73 73 73 74 74 74 75 75 75 75 75 76 76 76 76 77 77 77 77 78 78 78 78 79 79 79 79 80 80 80 80 81 81 81 81 82 82 82 82 83 83 83 83 84 84 84 84 85 85 85 85 86 86 86 86 87 87 87 87 87 88 88 88 88 89 89 89 89 90 90 90 90 91 91 91 91 92 92 92 92 93 93 93 94 94 94 94 94 95 95 95 95 96 96 96 96 97 97 97 97 97 98 98 98 98 98 99 99 100 100 100 100 100 101 101 101 101 102 102 102 102 102 103 103 103 103 103 104 104 104 104 104 105 105 105 105 105 106 106 106 106 107 107 107 107 107 108 108 108 108 108 109 109 109 109 109 110 110 110 110 111 111 111 111 111 111 112 112 112 112 112 113 113 113 113 113 113 114 114 114 114 114 114 115 115 115 115 115 116 116 116 116 116 116 117 117 117 117 117 117 118 118 118 118 118 118 120 120 120 120 120 120 120 121 121 121 121 121 121 122 122 122 122 122 122 122 123 123 NA NA NA NA 123 124 NA NA NA NA NA NA NA NA NA NA NA NA NA NA NA NA NA NA NA NA NA NA NA NA NA NA NA NA NA NA NA NA NA NA NA NA NA NA NA NA NA NA NA NA NA NA NA NA NA NA NA NA NA NA NA NA NA NA NA NA NA NA NA NA NA NA NA NA NA NA NA NA NA NA NA NA NA NA NA NA NA NA NA NA NA NA NA NA NA NA NA NA NA NA NA NA NA NA NA NA NA NA NA NA NA NA NA NA NA NA NA NA NA NA NA NA NA NA NA NA NA NA NA NA NA NA NA NA NA NA NA NA NA NA NA NA NA NA NA NA NA NA NA NA NA NA NA NA NA NA NA NA NA NA NA NA NA NA NA NA NA NA NA NA NA NA NA NA NA NA NA NA NA NA NA NA NA NA NA NA NA NA NA NA NA NA NA NA NA NA NA NA NA NA NA NA NA NA NA NA NA NA NA NA NA NA NA NA NA NA NA NA NA NA NA NA NA NA NA NA NA NA NA NA NA NA NA NA NA NA NA NA NA
NA NA NA NA NA NA NA NA NA NA NA NA NA NA NA NA NA NA NA NA NA NA NA NA NA NA NA NA NA NA NA NA NA NA 72 73 73 73 73 73 74 74 74 75 75 75 75 76 76 76 76 77 77 77 77 78 78 78 78 79 79 79 79 79 80 80 80 80 81 81 81 81 82 82 82 82 83 83 83 83 84 84 84 84 85 85 85 85 86 86 86 86 87 87 87 87 88 88 88 88 89 89 89 89 90 90 90 90 91 91 91 91 92 92 92 92 93 93 93 93 94 94 94 94 95 95 95 95 96 96 96 96 96 97 97 97 97 98 98 98 98 98 99 99 100 100 100 100 100 101 101 101 101 101 102 102 102 102 102 103 103 103 103 104 104 104 104 104 105 105 105 105 105 106 106 106 106 106 107 107 107 107 107 108 108 108 108 108 109 109 109 109 110 110 110 110 110 111 111 111 111 111 112 112 112 112 112 113 113 113 113 113 113 114 114 114 114 114 114 115 115 115 115 115 116 116 116 116 116 116 117 117 117 117 117 117 118 118 118 118 118 118 120 120 120 120 120 120 120 121 121 121 121 121 121 122 122 122 122 122 122 122 123 123 123 123 123 123 123 NA NA NA NA NA NA NA NA NA NA NA NA 125 125 125 NA NA NA NA NA NA NA NA NA NA NA NA NA NA NA NA NA NA NA NA NA NA NA NA NA NA NA NA NA NA NA NA NA NA NA NA NA NA NA NA NA NA NA NA NA NA NA NA NA NA NA NA NA NA NA NA NA NA NA NA NA NA NA NA NA NA NA NA NA NA NA NA NA NA NA NA NA NA NA NA NA NA NA NA NA NA NA NA NA NA NA NA NA NA NA NA NA NA NA NA NA NA NA NA NA NA NA NA NA NA NA NA NA NA NA NA NA NA NA NA NA NA NA NA NA NA NA NA NA NA NA NA NA NA NA NA NA NA NA NA NA NA NA NA NA NA NA NA NA NA NA NA NA NA NA NA NA NA NA NA NA NA NA NA NA NA NA NA NA NA NA NA NA NA NA NA NA NA NA NA NA NA NA NA NA NA NA NA NA NA NA NA NA NA NA NA NA NA NA NA NA NA NA NA NA NA NA NA NA NA NA NA NA NA NA NA NA NA NA
NA NA NA NA NA NA NA NA NA NA NA NA NA NA NA NA NA NA NA NA NA NA NA NA NA NA NA NA NA NA NA NA NA NA 72 72 73 73 73 73 73 74 74 75 75 75 75 75 76 76 76 76 77 77 77 77 78 78 78 78 79 79 79 79 80 80 80 80 81 81 81 81 82 82 82 82 83 83 83 83 84 84 84 84 85 85 85 85 86 86 86 86 86 87 87 87 87 88 88 88 88 89 89 89 89 90 90 90 90 91 91 91 92 92 92 92 93 93 93 93 94 94 94 94 94 95 95 95 95 96 96 96 96 97 97 97 97 97 98 98 98 98 99 99 99 100 100 100 100 101 101 101 101 101 102 102 102 102 102 103 103 103 103 103 104 104 104 104 104 105 105 105 105 106 106 106 106 106 107 107 107 107 107 108 108 108 108 108 109 109 109 109 110 110 110 110 110 111 111 111 111 111 112 112 112 112 112 113 113 113 113 113 113 114 114 114 114 114 114 115 115 115 115 115 115 116 116 116 116 116 116 117 117 117 117 117 117 118 118 118 118 118 120 120 120 120 120 120 120 121 121 121 121 121 121 121 122 122 122 122 122 122 122 123 123 123 123 123 123 123 124 124 NA NA NA NA NA NA NA NA 125 125 125 125 NA NA NA NA NA NA NA NA NA NA NA NA NA NA NA NA NA NA NA NA NA NA NA NA NA NA NA NA NA NA NA NA NA NA NA NA NA NA NA NA NA NA NA NA NA NA NA NA NA NA NA NA NA NA NA NA NA NA NA NA NA NA NA NA NA NA NA NA NA NA NA NA NA NA NA NA NA NA NA NA NA NA NA NA NA NA NA NA NA NA NA NA NA NA NA NA NA NA NA NA NA NA NA NA NA NA NA NA NA NA NA NA NA NA NA NA NA NA NA NA NA NA NA NA NA NA NA NA NA NA NA NA NA NA NA NA NA NA NA NA NA NA NA NA NA NA NA NA NA NA NA NA NA NA NA NA NA NA NA NA NA NA NA NA NA NA NA NA NA NA NA NA NA NA NA NA NA NA NA NA NA NA NA NA NA NA NA NA NA NA NA NA NA NA NA NA NA NA NA NA NA NA NA NA NA NA NA NA NA NA NA NA NA NA NA NA NA NA NA
NA NA NA NA NA NA NA NA NA NA NA NA NA NA NA NA NA NA NA NA NA NA NA NA NA NA NA NA NA NA NA NA NA NA 72 72 72 73 73 73 73 74 74 74 75 75 75 75 76 76 76 76 76 77 77 77 78 78 78 78 78 79 79 79 79 80 80 80 80 81 81 81 81 82 82 82 82 83 83 83 83 84 84 84 84 85 85 85 85 86 86 86 86 87 87 87 87 88 88 88 88 89 89 89 89 90 90 90 90 91 91 91 91 92 92 92 92 93 93 93 93 94 94 94 94 95 95 95 95 95 96 96 96 96 97 97 97 97 98 98 98 98 99 99 99 100 100 100 100 100 101 101 101 101 102 102 102 102 102 102 103 103 103 103 103 104 104 104 104 105 105 105 105 105 106 106 106 106 107 107 107 107 107 108 108 108 108 108 109 109 109 109 110 110 110 110 110 111 111 111 111 111 112 112 112 112 112 112 113 113 113 113 113 114 114 114 114 114 114 114 115 115 115 115 115 116 116 116 116 116 116 117 117 117 117 117 117 118 118 118 118 118 119 120 120 120 120 120 120 121 121 121 121 121 121 121 122 122 122 122 122 122 122 123 123 123 123 123 123 123 124 124 124 NA NA NA NA 125 125 125 125 125 125 125 NA NA NA NA NA NA NA NA NA NA NA NA NA NA NA NA NA NA NA NA NA NA NA NA NA NA NA NA NA NA NA NA NA NA NA NA NA NA NA NA NA NA NA NA NA NA NA NA NA NA NA NA NA NA NA NA NA NA NA NA NA NA NA NA NA NA NA NA NA NA NA NA NA NA NA NA NA NA NA NA NA NA NA NA NA NA NA NA NA NA NA NA NA NA NA NA NA NA NA NA NA NA NA NA NA NA NA NA NA NA NA NA NA NA NA NA NA NA NA NA NA NA NA NA NA NA NA NA NA NA NA NA NA NA NA NA NA NA NA NA NA NA NA NA NA NA NA NA NA NA NA NA NA NA NA NA NA NA NA NA NA NA NA NA NA NA NA NA NA NA NA NA NA NA NA NA NA NA NA NA NA NA NA NA NA NA NA NA NA NA NA NA NA NA NA NA NA NA NA NA NA NA NA NA NA NA NA NA NA NA NA NA NA NA NA NA NA NA NA
NA NA NA NA NA NA NA NA NA NA NA NA NA NA NA NA NA NA NA NA NA NA NA NA NA NA NA NA NA NA NA NA NA NA NA 72 72 72 73 73 73 73 74 74 74 75 75 75 75 76 76 76 76 77 77 77 77 78 78 78 78 79 79 79 79 80 80 80 80 81 81 81 81 82 82 82 82 83 83 83 83 84 84 84 84 85 85 85 85 86 86 86 86 86 87 87 87 87 88 88 88 88 89 89 89 90 90 90 90 91 91 91 91 92 92 92 92 93 93 93 93 94 94 94 94 94 95 95 95 95 96 96 96 96 97 97 97 97 97 98 98 98 99 99 99 99 100 100 100 100 101 101 101 101 101 102 102 102 102 102 102 103 103 103 103 104 104 104 104 104 105 105 105 105 106 106 106 106 107 107 107 107 107 108 108 108 108 108 108 109 109 109 109 110 110 110 110 110 111 111 111 111 111 112 112 112 112 112 113 113 113 113 113 114 114 114 114 114 114 114 115 115 115 115 115 116 116 116 116 116 116 117 117 117 117 117 117 118 118 118 118 118 119 120 120 120 120 120 120 121 121 121 121 121 121 121 122 122 122 122 122 122 122 123 123 123 123 123 123 123 124 124 124 124 124 124 124 124 125 125 125 125 125 125 125 NA NA NA NA NA NA NA NA NA NA NA NA NA NA NA NA NA NA NA NA NA NA NA NA NA NA NA NA NA NA NA NA NA NA NA NA NA NA NA NA NA NA NA NA NA NA NA NA NA NA NA NA NA NA NA NA NA NA NA NA NA NA NA NA NA NA NA NA NA NA NA NA NA NA NA NA NA NA NA NA NA NA NA NA NA NA NA NA NA NA NA NA NA NA NA NA NA NA NA NA NA NA NA NA NA NA NA NA NA NA NA NA NA NA NA NA NA NA NA NA NA NA NA NA NA NA NA NA NA NA NA NA NA NA NA NA NA NA NA NA NA NA NA NA NA NA NA NA NA NA NA NA NA NA NA NA NA NA NA NA NA NA NA NA NA NA NA NA NA NA NA NA NA NA NA NA NA NA NA NA NA NA NA NA NA NA NA NA NA NA NA NA NA NA NA NA NA NA NA NA NA NA NA NA NA NA NA NA NA NA NA NA NA NA NA NA NA NA
NA NA NA NA NA NA NA NA NA NA NA NA NA NA NA NA NA NA NA NA NA NA NA NA NA NA NA NA NA NA NA NA NA NA NA NA NA 72 72 73 73 73 74 74 74 75 75 75 75 76 76 76 76 76 77 77 77 77 78 78 78 78 79 79 79 79 80 80 80 80 81 81 81 81 82 82 82 82 83 83 83 83 84 84 84 84 85 85 85 85 86 86 86 86 87 87 87 87 88 88 88 88 89 89 89 89 90 90 90 90 91 91 91 91 92 92 92 92 93 93 93 93 94 94 94 94 95 95 95 95 96 96 96 96 96 97 97 97 97 98 98 98 99 99 99 99 100 100 100 100 101 101 101 101 101 102 102 102 102 102 103 103 103 103 103 104 104 104 104 104 104 105 105 105 105 106 106 106 106 107 107 107 107 107 108 108 108 108 108 109 109 109 109 110 110 110 110 110 111 111 111 111 111 112 112 112 112 112 113 113 113 113 113 113 114 114 114 114 114 114 115 115 115 115 115 116 116 116 116 116 116 117 117 117 117 117 117 118 118 118 118 118 119 120 120 120 120 120 120 121 121 121 121 121 121 121 122 122 122 122 122 122 122 123 123 123 123 123 123 123 124 124 124 124 124 124 124 124 125 125 125 125 125 125 125 NA NA NA NA NA NA NA NA NA NA NA NA NA NA NA NA NA NA NA NA NA NA NA NA NA NA NA NA NA NA NA NA NA NA NA NA NA NA NA NA NA NA NA NA NA NA NA NA NA NA NA NA NA NA NA NA NA NA NA NA NA NA NA NA NA NA NA NA NA NA NA NA NA NA NA NA NA NA NA NA NA NA NA NA NA NA NA NA NA NA NA NA NA NA NA NA NA NA NA NA NA NA NA NA NA NA NA NA NA NA NA NA NA NA NA NA NA NA NA NA NA NA NA NA NA NA NA NA NA NA NA NA NA NA NA NA NA NA NA NA NA NA NA NA NA NA NA NA NA NA NA NA NA NA NA NA NA NA NA NA NA NA NA NA NA NA NA NA NA NA NA NA NA NA NA NA NA NA NA NA NA NA NA NA NA NA NA NA NA NA NA NA NA NA NA NA NA NA NA NA NA NA NA NA NA NA NA NA NA NA NA NA NA NA NA NA NA NA
NA NA NA NA NA NA NA NA NA NA NA NA NA NA NA NA NA NA NA NA NA NA NA NA NA NA NA NA NA NA NA NA NA NA NA NA NA NA NA NA 73 73 74 74 74 74 75 75 75 75 76 76 76 76 77 77 77 77 78 78 78 78 79 79 79 79 80 80 80 80 81 81 81 81 82 82 82 82 83 83 83 83 84 84 84 84 85 85 85 85 86 86 86 86 86 87 87 87 87 88 88 88 89 89 89 89 90 90 90 90 91 91 91 91 92 92 92 92 93 93 93 93 94 94 94 94 95 95 95 95 95 96 96 96 96 97 97 97 97 97 98 98 99 99 99 99 100 100 100 100 100 101 101 101 101 101 102 102 102 102 102 103 103 103 103 104 104 104 104 104 105 105 105 105 105 106 106 106 106 107 107 107 107 107 108 108 108 108 108 109 109 109 109 110 110 110 110 110 111 111 111 111 111 112 112 112 112 112 113 113 113 113 113 113 114 114 114 114 114 114 115 115 115 115 115 116 116 116 116 116 116 117 117 117 117 117 117 118 118 118 118 118 119 120 120 120 120 120 120 120 121 121 121 121 121 121 122 122 122 122 122 122 122 123 123 123 123 123 123 123 123 124 124 124 124 124 124 124 125 125 125 125 125 125 125 125 NA NA NA NA NA NA NA NA NA NA NA NA NA NA NA NA NA NA NA NA NA NA NA NA NA NA NA NA NA NA NA NA NA NA NA NA NA NA NA NA NA NA NA NA NA NA NA NA NA NA NA NA NA NA NA NA NA NA NA NA NA NA NA NA NA NA NA NA NA NA NA NA NA NA NA NA NA NA NA NA NA NA NA NA NA NA NA NA NA NA NA NA NA NA NA NA NA NA NA NA NA NA NA NA NA NA NA NA NA NA NA NA NA NA NA NA NA NA NA NA NA NA NA NA NA NA NA NA NA NA NA NA NA NA NA NA NA NA NA NA NA NA NA NA NA NA NA NA NA NA NA NA NA NA NA NA NA NA NA NA NA NA NA NA NA NA NA NA NA NA NA NA NA NA NA NA NA NA NA NA NA NA NA NA NA NA NA NA NA NA NA NA NA NA NA NA NA NA NA NA NA NA NA NA NA NA NA NA NA NA NA NA NA NA NA NA NA
NA NA NA NA NA NA NA NA NA NA NA NA NA NA NA NA NA NA NA NA NA NA NA NA NA NA NA NA NA NA NA NA NA NA NA NA NA NA NA NA NA NA NA 74 74 74 74 75 75 75 75 76 76 76 76 77 77 77 77 78 78 78 78 79 79 79 79 80 80 80 80 81 81 81 81 82 82 82 82 83 83 83 83 84 84 84 84 85 85 85 85 86 86 86 86 87 87 87 87 88 88 88 88 89 89 89 89 90 90 90 90 91 91 91 91 92 92 92 92 93 93 93 93 94 94 94 94 95 95 95 95 96 96 96 96 97 97 97 97 97 98 98 99 99 99 99 99 100 100 100 100 101 101 101 101 101 102 102 102 102 102 103 103 103 103 104 104 104 104 105 105 105 105 105 105 105 106 106 106 107 107 107 107 107 108 108 108 108 108 109 109 109 109 110 110 110 110 110 111 111 111 111 111 112 112 112 112 112 112 113 113 113 113 113 113 114 114 114 114 114 115 115 115 115 115 115 116 116 116 116 116 116 117 117 117 117 117 117 118 118 118 118 119 120 120 120 120 120 120 120 121 121 121 121 121 121 121 122 122 122 122 122 122 122 123 123 123 123 123 123 123 124 124 124 124 124 124 124 125 125 125 125 125 125 125 125 126 NA NA NA NA NA NA NA NA NA NA NA NA NA NA NA NA NA NA NA NA NA NA NA NA NA NA NA NA NA NA NA NA NA NA NA NA NA NA NA NA NA NA NA NA NA NA NA NA NA NA NA NA NA NA NA NA NA NA NA NA NA NA NA NA NA NA NA NA NA NA NA NA NA NA NA NA NA NA NA NA NA NA NA NA NA NA NA NA NA NA NA NA NA NA NA NA NA NA NA NA NA NA NA NA NA NA NA NA NA NA NA NA NA NA NA NA NA NA NA NA NA NA NA NA NA NA NA NA NA NA NA NA NA NA NA NA NA NA NA NA NA NA NA NA NA NA NA NA NA NA NA NA NA NA NA NA NA NA NA NA NA NA NA NA NA NA NA NA NA NA NA NA NA NA NA NA NA NA NA NA NA NA NA NA NA NA NA NA NA NA NA NA NA NA NA NA NA NA NA NA NA NA NA NA NA NA NA NA NA NA NA NA NA NA NA NA
NA NA NA NA NA NA NA NA NA NA NA NA NA NA NA NA NA NA NA NA NA NA NA NA NA NA NA NA NA NA NA NA NA NA NA NA NA NA NA NA NA NA NA NA NA NA 74 74 75 75 75 75 76 76 76 77 77 77 77 77 78 78 78 78 79 79 79 80 80 80 80 80 81 81 81 82 82 82 82 83 83 83 83 84 84 84 84 85 85 85 85 86 86 86 86 86 87 87 87 88 88 88 88 89 89 89 89 90 90 90 90 91 91 91 91 92 92 92 92 93 93 93 93 94 94 94 94 94 95 95 95 96 96 96 96 96 97 97 97 97 98 98 98 99 99 99 99 100 100 100 100 101 101 101 101 101 102 102 102 102 102 103 103 103 103 104 104 104 104 105 105 105 105 105 105 105 106 106 106 106 107 107 107 107 107 108 108 108 108 108 109 109 109 110 110 110 110 110 111 111 111 111 111 111 112 112 112 112 112 113 113 113 113 113 113 114 114 114 114 114 115 115 115 115 115 115 116 116 116 116 116 116 117 117 117 117 117 117 118 118 118 118 119 120 120 120 120 120 120 120 121 121 121 121 121 121 121 122 122 122 122 122 122 122 123 123 123 123 123 123 123 124 124 124 124 124 124 124 125 125 125 125 125 125 125 125 126 NA NA NA NA NA NA NA NA NA NA NA NA NA NA NA NA NA NA NA NA NA NA NA NA NA NA NA NA NA NA NA NA NA NA NA NA NA NA NA NA NA NA NA NA NA NA NA NA NA NA NA NA NA NA NA NA NA NA NA NA NA NA NA NA NA NA NA NA NA NA NA NA NA NA NA NA NA NA NA NA NA NA NA NA NA NA NA NA NA NA NA NA NA NA NA NA NA NA NA NA NA NA NA NA NA NA NA NA NA NA NA NA NA NA NA NA NA NA NA NA NA NA NA NA NA NA NA NA NA NA NA NA NA NA NA NA NA NA NA NA NA NA NA NA NA NA NA NA NA NA NA NA NA NA NA NA NA NA NA NA NA NA NA NA NA NA NA NA NA NA NA NA NA NA NA NA NA NA NA NA NA NA NA NA NA NA NA NA NA NA NA NA NA NA NA NA NA NA NA NA NA NA NA NA NA NA NA NA NA NA NA NA NA NA NA NA
NA NA NA NA NA NA NA NA NA NA NA NA NA NA NA NA NA NA NA NA NA NA NA NA NA NA NA NA NA NA NA NA NA NA NA NA NA NA NA NA NA NA NA NA NA NA NA NA NA 75 75 75 75 76 76 76 77 77 77 77 78 78 78 78 79 79 79 79 80 80 80 80 81 81 81 81 82 82 82 82 83 83 83 83 84 84 84 84 85 85 85 85 86 86 86 86 87 87 87 87 88 88 88 88 89 89 89 89 90 90 90 90 91 91 91 92 92 92 92 93 93 93 93 93 94 94 94 94 95 95 95 95 96 96 96 96 97 97 97 97 97 98 98 99 99 99 99 100 100 100 100 100 101 101 101 101 101 102 102 102 102 102 103 103 103 104 104 104 104 104 105 105 105 105 105 105 105 106 106 106 107 107 107 107 107 108 108 108 108 108 109 109 109 110 110 110 110 110 110 111 111 111 111 111 112 112 112 112 112 113 113 113 113 113 113 114 114 114 114 114 115 115 115 115 115 115 116 116 116 116 116 116 117 117 117 117 117 117 118 118 118 118 119 119 120 120 120 120 120 120 121 121 121 121 121 121 121 122 122 122 122 122 122 122 123 123 123 123 123 123 123 124 124 124 124 124 124 124 124 125 125 125 125 125 125 125 126 126 NA NA NA NA NA NA NA NA NA NA NA NA NA NA NA NA NA NA NA NA NA NA NA NA NA NA NA NA NA NA NA NA NA NA NA NA NA NA NA NA NA NA NA NA NA NA NA NA NA NA NA NA NA NA NA NA NA NA NA NA NA NA NA NA NA NA NA NA NA NA NA NA NA NA NA NA NA NA NA NA NA NA NA NA NA NA NA NA NA NA NA NA NA NA NA NA NA NA NA NA NA NA NA NA NA NA NA NA NA NA NA NA NA NA NA NA NA NA NA NA NA NA NA NA NA NA NA NA NA NA NA NA NA NA NA NA NA NA NA NA NA NA NA NA NA NA NA NA NA NA NA NA NA NA NA NA NA NA NA NA NA NA NA NA NA NA NA NA NA NA NA NA NA NA NA NA NA NA NA NA NA NA NA NA NA NA NA NA NA NA NA NA NA NA NA NA NA NA NA NA NA NA NA NA NA NA NA NA NA NA NA NA NA NA NA
NA NA NA NA NA NA NA NA NA NA NA NA NA NA NA NA NA NA NA NA NA NA NA NA NA NA NA NA NA NA NA NA NA NA NA NA NA NA NA NA NA NA NA NA NA NA NA NA NA NA NA NA 75 75 76 76 76 77 77 77 77 78 78 78 78 79 79 79 79 80 80 80 80 81 81 81 81 82 82 82 82 83 83 83 83 84 84 84 85 85 85 85 85 86 86 86 87 87 87 87 88 88 88 88 89 89 89 89 90 90 90 90 91 91 91 91 92 92 92 92 93 93 93 93 93 94 94 94 94 95 95 95 95 96 96 96 96 97 97 97 97 98 98 99 99 99 99 99 100 100 100 100 101 101 101 101 101 102 102 102 102 102 103 103 103 103 104 104 104 104 105 105 105 105 105 106 106 106 106 106 106 107 107 107 107 108 108 108 108 108 109 109 109 109 110 110 110 110 110 111 111 111 111 111 112 112 112 112 112 113 113 113 113 113 113 114 114 114 114 114 115 115 115 115 115 115 116 116 116 116 116 116 117 117 117 117 117 117 118 118 118 118 119 119 120 120 120 120 120 120 121 121 121 121 121 121 121 122 122 122 122 122 122 122 123 123 123 123 123 123 123 124 124 124 124 124 124 124 124 125 125 125 125 125 125 125 125 126 126 126 126 NA NA NA NA NA NA NA NA NA NA NA NA NA NA NA NA NA NA NA NA NA NA NA NA NA NA NA NA NA NA NA NA NA NA NA NA NA NA NA NA NA NA NA NA NA NA NA NA NA NA NA NA NA NA NA NA NA NA NA NA NA NA NA NA NA NA NA NA NA NA NA NA NA NA NA NA NA NA NA NA NA NA NA NA NA NA NA NA NA NA NA NA NA NA NA NA NA NA NA NA NA NA NA NA NA NA NA NA NA NA NA NA NA NA NA NA NA NA NA NA NA NA NA NA NA NA NA NA NA NA NA NA NA NA NA NA NA NA NA NA NA NA NA NA NA NA NA NA NA NA NA NA NA NA NA NA NA NA NA NA NA NA NA NA NA NA NA NA NA NA NA NA NA NA NA NA NA NA NA NA NA NA NA NA NA NA NA NA NA NA NA NA NA NA NA NA NA NA NA NA NA NA NA NA NA NA NA NA NA NA NA NA
NA NA NA NA NA NA NA NA NA NA NA NA NA NA NA NA NA NA NA NA NA NA NA NA NA NA NA NA NA NA NA NA NA NA NA NA NA NA NA NA NA NA NA NA NA NA NA NA NA NA NA NA NA NA NA NA 76 76 76 77 77 77 78 78 78 78 79 79 79 79 80 80 80 80 81 81 81 81 82 82 82 82 83 83 83 84 84 84 84 85 85 85 85 86 86 86 86 87 87 87 87 88 88 88 88 89 89 89 89 90 90 90 90 91 91 91 92 92 92 92 92 93 93 93 93 93 94 94 94 94 95 95 95 96 96 96 96 97 97 97 97 97 98 98 99 99 99 99 100 100 100 100 101 101 101 101 101 102 102 102 102 102 102 103 103 103 103 104 104 104 104 105 105 105 105 106 106 106 106 106 106 107 107 107 107 108 108 108 108 108 109 109 109 109 110 110 110 110 110 111 111 111 111 111 112 112 112 112 112 112 113 113 113 113 113 114 114 114 114 114 114 115 115 115 115 115 115 116 116 116 116 116 116 117 117 117 117 117 118 118 118 118 119 119 120 120 120 120 120 120 120 121 121 121 121 121 121 122 122 122 122 122 122 122 123 123 123 123 123 123 123 123 124 124 124 124 124 124 124 125 125 125 125 125 125 125 125 126 126 126 126 126 126 NA NA NA 127 127 127 127 127 NA NA NA NA NA NA NA NA NA NA NA NA NA NA NA NA NA NA NA NA NA NA NA NA NA NA NA NA NA NA NA NA NA NA NA NA NA NA NA NA NA NA NA NA NA NA NA NA NA NA NA NA NA NA NA NA NA NA NA NA NA NA NA NA NA NA NA NA NA NA NA NA NA NA NA NA NA NA NA NA NA NA NA NA NA NA NA NA NA NA NA NA NA NA NA NA NA NA NA NA NA NA NA NA NA NA NA NA NA NA NA NA NA NA NA NA NA NA NA NA NA NA NA NA NA NA NA NA NA NA NA NA NA NA NA NA NA NA NA NA NA NA NA NA NA NA NA NA NA NA NA NA NA NA NA NA NA NA NA NA NA NA NA NA NA NA NA NA NA NA NA NA NA NA NA NA NA NA NA NA NA NA NA NA NA NA NA NA NA NA NA NA NA NA NA NA NA NA NA NA NA NA
NA NA NA NA NA NA NA NA NA NA NA NA NA NA NA NA NA NA NA NA NA NA NA NA NA NA NA NA NA NA NA NA NA NA NA NA NA NA NA NA NA NA NA NA NA NA NA NA NA NA NA NA NA NA NA NA NA NA NA NA NA NA NA NA NA NA NA NA NA NA NA NA NA 80 80 81 81 81 82 82 82 82 83 83 83 83 84 84 84 84 85 85 85 85 86 86 86 86 87 87 87 87 88 88 88 88 89 89 89 90 90 90 90 91 91 91 91 92 92 92 92 92 93 93 93 93 94 94 94 94 94 95 95 95 96 96 96 96 97 97 97 97 98 98 99 99 99 99 100 100 100 100 100 101 101 101 101 102 102 102 102 102 102 103 103 103 103 104 104 104 104 105 105 105 105 105 106 106 106 106 106 107 107 107 107 108 108 108 108 108 109 109 109 109 110 110 110 110 110 111 111 111 111 111 111 112 112 112 112 112 113 113 113 113 113 114 114 114 114 114 114 115 115 115 115 115 115 116 116 116 116 116 116 117 117 117 117 117 117 118 118 118 119 119 120 120 120 120 120 120 120 121 121 121 121 121 121 121 122 122 122 122 122 122 122 123 123 123 123 123 123 123 124 124 124 124 124 124 124 125 125 125 125 125 125 125 125 126 126 126 126 126 126 126 127 127 127 127 127 127 127 127 127 128 NA NA NA NA NA NA NA NA NA NA NA NA NA NA NA NA NA NA NA NA NA NA NA NA NA NA NA NA NA NA NA NA NA NA NA NA NA NA NA NA NA NA NA NA NA NA NA NA NA NA NA NA NA NA NA NA NA NA NA NA NA NA NA NA NA NA NA NA NA NA NA NA NA NA NA NA NA NA NA NA NA NA NA NA NA NA NA NA NA NA NA NA NA NA NA NA NA NA NA NA NA NA NA NA NA NA NA NA NA NA NA NA NA NA NA NA NA NA NA NA NA NA NA NA NA NA NA NA NA NA NA NA NA NA NA NA NA NA NA NA NA NA NA NA NA NA NA NA NA NA NA NA NA NA NA NA NA NA NA NA NA NA NA NA NA NA NA NA NA NA NA NA NA NA NA NA NA NA NA NA NA NA NA NA NA NA NA NA NA NA NA NA NA NA NA NA NA NA NA
NA NA NA NA NA NA NA NA NA NA NA NA NA NA NA NA NA NA NA NA NA NA NA NA NA NA NA NA NA NA NA NA NA NA NA NA NA NA NA NA NA NA NA NA NA NA NA NA NA NA NA NA NA NA NA NA NA NA NA NA NA NA NA NA NA NA NA NA NA NA NA NA NA 80 81 81 81 81 82 82 82 82 83 83 83 83 83 84 84 84 84 85 85 85 85 86 86 86 86 87 87 87 87 87 88 88 88 89 89 89 90 90 90 90 90 91 91 91 91 92 92 92 92 93 93 93 93 94 94 94 94 95 95 95 96 96 96 96 97 97 97 97 98 98 99 99 99 99 99 100 100 100 100 101 101 101 101 102 102 102 102 102 102 103 103 103 103 103 104 104 104 104 105 105 105 105 105 106 106 106 106 107 107 107 107 107 108 108 108 108 109 109 109 109 110 110 110 110 110 111 111 111 111 111 111 112 112 112 112 112 113 113 113 113 113 113 114 114 114 114 114 115 115 115 115 115 115 116 116 116 116 116 116 117 117 117 117 117 117 118 118 118 119 119 119 120 120 120 120 120 120 121 121 121 121 121 121 121 122 122 122 122 122 122 122 123 123 123 123 123 123 123 124 124 124 124 124 124 124 125 125 125 125 125 125 125 125 125 126 126 126 126 126 126 126 127 127 127 127 127 127 127 127 128 128 128 128 128 NA NA 128 NA NA NA NA NA NA NA NA NA NA NA NA NA NA NA NA NA NA NA NA NA NA NA NA NA NA NA NA NA NA NA NA NA NA NA NA NA NA NA NA NA NA NA NA NA NA NA NA NA NA NA NA NA NA NA NA NA NA NA NA NA NA NA NA NA NA NA NA NA NA NA NA NA NA NA NA NA NA NA NA NA NA NA NA NA NA NA NA NA NA NA NA NA NA NA NA NA NA NA NA NA NA NA NA NA NA NA NA NA NA NA NA NA NA NA NA NA NA NA NA NA NA NA NA NA NA NA NA NA NA NA NA NA NA NA NA NA NA NA NA NA NA NA NA NA NA NA NA NA NA NA NA NA NA NA NA NA NA NA NA NA NA NA NA NA NA NA NA NA NA NA NA NA NA NA NA NA NA NA NA NA NA NA NA NA NA NA NA NA NA NA NA
NA NA NA NA NA NA NA NA NA NA NA NA NA NA NA NA NA NA NA NA NA NA NA NA NA NA NA NA NA NA NA NA NA NA NA NA NA NA NA NA NA NA NA NA NA NA NA NA NA NA NA NA NA NA NA NA NA NA NA NA NA NA NA NA NA NA NA NA NA NA NA NA NA NA 80 81 81 81 81 82 82 82 82 83 83 83 83 84 84 84 84 84 84 85 85 85 86 86 86 86 87 87 87 87 87 88 88 88 89 89 89 89 90 90 90 90 91 91 91 91 92 92 92 93 93 93 93 94 94 94 94 94 95 95 95 96 96 96 96 97 97 97 98 98 98 99 99 99 99 100 100 100 100 101 101 101 101 101 102 102 102 102 102 103 103 103 103 103 104 104 104 104 104 105 105 105 105 106 106 106 106 107 107 107 107 107 108 108 108 108 108 109 109 109 109 110 110 110 110 110 111 111 111 111 111 112 112 112 112 112 113 113 113 113 113 113 114 114 114 114 114 115 115 115 115 115 115 116 116 116 116 116 116 116 117 117 117 117 117 117 118 118 119 119 119 120 120 120 120 120 120 121 121 121 121 121 121 121 122 122 122 122 122 122 122 123 123 123 123 123 123 123 124 124 124 124 124 124 124 124 125 125 125 125 125 125 125 126 126 126 126 126 126 126 126 127 127 127 127 127 127 127 127 128 128 128 128 128 128 128 128 128 128 129 NA NA NA NA NA NA NA NA NA NA NA NA NA NA NA NA NA NA NA NA NA NA NA NA NA NA NA NA NA NA NA NA NA NA NA NA NA NA NA NA NA NA NA NA NA NA NA NA NA NA NA NA NA NA NA NA NA NA NA NA NA NA NA NA NA NA NA NA NA NA NA NA NA NA NA NA NA NA NA NA NA NA NA NA NA NA NA NA NA NA NA NA NA NA NA NA NA NA NA NA NA NA NA NA NA NA NA NA NA NA NA NA NA NA NA NA NA NA NA NA NA NA NA NA NA NA NA NA NA NA NA NA NA NA NA NA NA NA NA NA NA NA NA NA NA NA NA NA NA NA NA NA NA NA NA NA NA NA NA NA NA NA NA NA NA NA NA NA NA NA NA NA NA NA NA NA NA NA NA NA NA NA NA NA NA NA NA NA NA
NA NA NA NA NA NA NA NA NA NA NA NA NA NA NA NA NA NA NA NA NA NA NA NA NA NA NA NA NA NA NA NA NA NA NA NA NA NA NA NA NA NA NA NA NA NA NA NA NA NA NA NA NA NA NA NA 76 76 76 76 NA NA NA NA NA NA NA NA NA NA NA NA NA NA NA 80 81 81 81 81 82 82 82 82 83 83 83 83 84 84 84 84 84 85 85 85 85 86 86 86 87 87 87 87 87 88 88 88 88 89 89 89 90 90 90 90 91 91 91 91 92 92 92 93 93 93 93 94 94 94 94 94 95 95 95 95 96 96 96 97 97 97 98 98 98 99 99 99 99 100 100 100 100 100 101 101 101 101 102 102 102 102 102 103 103 103 103 103 104 104 104 104 104 105 105 105 105 106 106 106 106 106 107 107 107 107 108 108 108 108 108 109 109 109 110 110 110 110 110 110 111 111 111 111 111 112 112 112 112 112 113 113 113 113 113 113 114 114 114 114 114 114 115 115 115 115 115 116 116 116 116 116 116 116 117 117 117 117 117 117 118 118 119 119 119 120 120 120 120 120 120 121 121 121 121 121 121 121 122 122 122 122 122 122 122 123 123 123 123 123 123 123 124 124 124 124 124 124 124 124 125 125 125 125 125 125 125 125 126 126 126 126 126 126 126 127 127 127 127 127 127 127 127 127 128 128 128 128 128 128 128 128 128 129 NA NA NA NA NA NA NA NA NA NA NA NA NA NA NA NA NA NA NA NA NA NA NA NA NA NA NA NA NA NA NA NA NA NA NA NA NA NA NA NA NA NA NA NA NA NA NA NA NA NA NA NA NA NA NA NA NA NA NA NA NA NA NA NA NA NA NA NA NA NA NA NA NA NA NA NA NA NA NA NA NA NA NA NA NA NA NA NA NA NA NA NA NA NA NA NA NA NA NA NA NA NA NA NA NA NA NA NA NA NA NA NA NA NA NA NA NA NA NA NA NA NA NA NA NA NA NA NA NA NA NA NA NA NA NA NA NA NA NA NA NA NA NA NA NA NA NA NA NA NA NA NA NA NA NA NA NA NA NA NA NA NA NA NA NA NA NA NA NA NA NA NA NA NA NA NA NA NA NA NA NA NA NA NA NA NA NA NA NA
NA NA NA NA NA NA NA NA NA NA NA NA NA NA NA NA NA NA NA NA NA NA NA NA NA NA NA NA NA NA NA NA NA NA NA NA NA NA NA NA NA NA 72 73 73 73 NA NA NA NA NA NA NA NA NA NA NA 76 76 76 77 NA NA NA NA NA NA NA NA NA NA NA NA NA NA NA 80 81 81 81 82 82 82 82 83 83 83 83 84 84 84 84 84 85 85 85 85 86 86 86 87 87 87 87 87 87 88 88 88 89 89 89 90 90 90 90 91 91 91 91 92 92 92 92 93 93 93 93 93 94 94 94 95 95 95 95 95 96 96 96 97 97 98 98 98 99 99 99 99 99 100 100 100 100 101 101 101 101 101 102 102 102 102 102 103 103 103 103 104 104 104 104 105 105 105 105 105 105 106 106 106 106 107 107 107 107 108 108 108 108 108 109 109 109 109 110 110 110 110 110 111 111 111 111 111 112 112 112 112 112 113 113 113 113 113 113 114 114 114 114 114 114 115 115 115 115 115 115 116 116 116 116 116 116 117 117 117 117 117 117 117 118 119 119 119 119 120 120 120 120 120 121 121 121 121 121 121 121 122 122 122 122 122 122 122 123 123 123 123 123 123 123 124 124 124 124 124 124 124 124 125 125 125 125 125 125 125 125 126 126 126 126 126 126 126 126 127 127 127 127 127 127 127 127 128 128 128 128 128 128 128 128 128 129 129 129 129 129 NA NA NA NA NA NA NA NA NA NA NA NA NA NA NA NA NA NA NA NA NA NA NA NA NA NA NA NA NA NA NA NA NA NA NA NA NA NA NA NA NA NA NA NA NA NA NA NA NA NA NA NA NA NA NA NA NA NA NA NA NA NA NA NA NA NA NA NA NA NA NA NA NA NA NA NA NA NA NA NA NA NA NA NA NA NA NA NA NA NA NA NA NA NA NA NA NA NA NA NA NA NA NA NA NA NA NA NA NA NA NA NA NA NA NA NA NA NA NA NA NA NA NA NA NA NA NA NA NA NA NA NA NA NA NA NA NA NA NA NA NA NA NA NA NA NA NA NA NA NA NA NA NA NA NA NA NA NA NA NA NA NA NA NA NA NA NA NA NA NA NA NA NA NA NA NA NA NA NA NA NA NA NA NA NA
NA NA NA NA NA NA NA NA NA NA NA NA NA NA NA NA NA NA NA NA NA NA NA NA NA NA NA NA NA NA NA NA NA NA NA NA NA NA NA NA NA NA NA 72 73 73 73 73 NA NA NA NA NA NA NA NA 76 76 76 76 77 77 NA NA NA NA NA NA NA NA NA NA NA 79 80 80 80 81 81 81 81 82 82 82 82 83 83 83 83 84 84 84 84 85 85 85 85 86 86 86 87 87 87 87 88 88 88 88 88 88 89 89 89 90 90 90 91 91 91 91 92 92 92 92 93 93 93 93 93 94 94 94 94 95 95 95 95 95 96 96 96 97 98 98 98 98 99 99 99 99 100 100 100 100 100 101 101 101 101 101 102 102 102 102 102 103 103 103 104 104 104 104 105 105 105 105 105 106 106 106 106 106 107 107 107 107 107 108 108 108 108 109 109 109 109 110 110 110 110 110 110 111 111 111 111 112 112 112 112 112 112 113 113 113 113 113 114 114 114 114 114 114 114 115 115 115 115 115 116 116 116 116 116 116 117 117 117 117 117 117 117 118 119 119 119 119 120 120 120 120 120 120 121 121 121 121 121 121 122 122 122 122 122 122 122 123 123 123 123 123 123 123 123 124 124 124 124 124 124 124 125 125 125 125 125 125 125 125 126 126 126 126 126 126 126 126 126 127 127 127 127 127 127 127 127 128 128 128 128 128 128 128 128 128 129 129 129 129 129 129 NA NA NA NA NA NA NA NA NA NA NA NA NA NA NA NA NA NA NA NA NA NA NA NA NA NA NA NA NA NA NA NA NA NA NA NA NA NA NA NA NA NA NA NA NA NA NA NA NA NA NA NA NA NA NA NA NA NA NA NA NA NA NA NA NA NA NA NA NA NA NA NA NA NA NA NA NA NA NA NA NA NA NA NA NA NA NA NA NA NA NA NA NA NA NA NA NA NA NA NA NA NA NA NA NA NA NA NA NA NA NA NA NA NA NA NA NA NA NA NA NA NA NA NA NA NA NA NA NA NA NA NA NA NA NA NA NA NA NA NA NA NA NA NA NA NA NA NA NA NA NA NA NA NA NA NA NA NA NA NA NA NA NA NA NA NA NA NA NA NA NA NA NA NA NA NA NA NA NA NA NA NA NA
NA NA NA NA NA NA NA NA NA NA NA NA NA NA NA NA NA NA NA NA NA NA NA NA NA NA NA NA NA NA NA NA NA NA NA NA NA NA NA NA NA NA NA NA NA 73 73 73 74 74 NA 74 NA NA NA NA NA 76 76 76 76 77 NA NA 78 NA NA NA NA NA NA NA NA NA 80 80 80 81 81 81 82 82 82 82 82 83 83 83 83 84 84 84 84 85 85 85 85 86 86 86 86 87 87 87 87 88 88 88 88 88 89 89 89 90 90 90 91 91 91 91 92 92 92 92 92 93 93 93 93 94 94 94 95 95 95 95 95 95 96 96 96 96 97 97 98 98 98 99 99 99 99 99 100 100 100 100 101 101 101 101 101 101 102 102 102 102 103 103 103 104 104 104 104 105 105 105 105 106 106 106 106 106 107 107 107 107 107 108 108 108 108 109 109 109 109 109 110 110 110 110 110 111 111 111 111 111 112 112 112 112 112 113 113 113 113 113 113 114 114 114 114 114 114 115 115 115 115 115 116 116 116 116 116 116 117 117 117 117 117 117 118 118 119 119 119 119 120 120 120 120 120 120 121 121 121 121 121 121 121 122 122 122 122 122 122 122 123 123 123 123 123 123 123 124 124 124 124 124 124 124 125 125 125 125 125 125 125 125 126 126 126 126 126 126 126 126 126 127 127 127 127 127 127 127 127 128 128 128 128 128 128 128 128 128 128 129 129 129 129 129 129 NA NA NA NA NA NA NA NA NA NA NA NA NA NA NA NA NA NA NA NA NA NA NA NA NA NA NA NA NA NA NA NA NA NA NA NA NA NA NA NA NA NA NA NA NA NA NA NA NA NA NA NA NA NA NA NA NA NA NA NA NA NA NA NA NA NA NA NA NA NA NA NA NA NA NA NA NA NA NA NA NA NA NA NA NA NA NA NA NA NA NA NA NA NA NA NA NA NA NA NA NA NA NA NA NA NA NA NA NA NA NA NA NA NA NA NA NA NA NA NA NA NA NA NA NA NA NA NA NA NA NA NA NA NA NA NA NA NA NA NA NA NA NA NA NA NA NA NA NA NA NA NA NA NA NA NA NA NA NA NA NA NA NA NA NA NA NA NA NA NA NA NA NA NA NA NA NA NA NA NA NA NA
NA NA NA NA NA NA NA NA NA NA NA NA NA NA NA NA NA NA NA NA NA NA NA NA NA NA NA NA NA NA NA NA NA NA NA NA NA NA NA NA NA NA NA NA NA 72 73 73 73 74 74 74 74 74 75 75 75 76 76 76 76 77 77 77 77 78 NA 78 78 NA NA NA NA NA 80 80 80 80 81 81 81 82 82 82 82 83 83 83 83 83 84 84 84 84 85 85 85 85 86 86 86 86 87 87 87 88 88 88 88 88 89 89 89 90 90 90 91 91 91 91 92 91 92 92 92 93 93 93 93 94 94 94 94 94 95 95 95 96 96 96 96 96 97 97 97 98 98 98 98 99 99 99 99 100 100 100 100 101 101 101 101 102 102 102 102 102 103 103 103 103 104 104 104 105 105 105 105 106 106 106 106 106 107 107 107 107 107 108 108 108 108 109 109 109 109 109 110 110 110 110 110 111 111 111 111 111 112 112 112 112 112 113 113 113 113 113 113 114 114 114 114 114 114 115 115 115 115 115 116 116 116 116 116 117 117 117 117 117 117 117 117 118 119 119 119 119 120 120 120 120 120 120 121 121 121 121 121 121 121 122 122 122 122 122 122 122 123 123 123 123 123 123 123 124 124 124 124 124 124 124 124 125 125 125 125 125 125 125 125 126 126 126 126 126 126 126 126 127 127 127 127 127 127 127 127 127 127 127 128 128 128 128 128 128 128 128 129 129 129 129 129 129 129 130 NA NA NA NA NA NA NA NA NA NA NA NA NA NA NA NA NA NA NA NA NA NA NA NA NA NA NA NA NA NA NA NA NA NA NA NA NA NA NA NA NA NA NA NA NA NA NA NA NA NA NA NA NA NA NA NA NA NA NA NA NA NA NA NA NA NA NA NA NA NA NA NA NA NA NA NA NA NA NA NA NA NA NA NA NA NA NA NA NA NA NA NA NA NA NA NA NA NA NA NA NA NA NA NA NA NA NA NA NA NA NA NA NA NA NA NA NA NA NA NA NA NA NA NA NA NA NA NA NA NA NA NA NA NA NA NA NA NA NA NA NA NA NA NA NA NA NA NA NA NA NA NA NA NA NA NA NA NA NA NA NA NA NA NA NA NA NA NA NA NA NA NA NA NA NA NA NA NA NA
NA NA NA NA NA NA NA NA NA NA NA NA NA NA NA NA NA NA NA NA NA NA NA NA NA NA NA NA NA NA NA NA NA NA NA NA NA NA NA NA NA NA NA NA 72 72 72 73 73 73 74 74 74 74 74 75 75 75 75 76 76 76 76 77 77 77 78 78 78 78 79 79 79 79 79 80 80 80 80 81 81 82 82 82 82 82 83 83 84 84 84 84 84 84 85 85 85 85 86 86 86 86 87 87 87 88 88 88 88 89 89 89 89 90 90 90 91 91 91 91 92 92 92 92 93 93 93 94 93 94 94 94 94 94 95 95 95 96 96 96 96 97 97 97 98 98 98 98 99 99 99 99 100 100 100 100 101 101 101 101 102 102 102 102 103 103 103 103 103 103 103 104 104 104 105 105 105 105 106 106 106 106 107 107 107 107 107 108 108 108 108 108 109 109 109 109 110 110 110 110 110 111 111 111 111 111 112 112 112 112 112 113 113 113 113 113 113 114 114 114 114 114 115 115 115 115 115 115 116 116 116 116 116 116 117 117 117 117 117 117 117 118 119 119 119 119 119 120 120 120 120 120 120 121 121 121 121 121 121 122 122 122 122 122 122 122 123 123 123 123 123 123 123 124 124 124 124 124 124 124 124 125 125 125 125 125 125 125 125 126 126 126 126 126 126 126 126 127 127 127 127 127 127 127 127 127 127 127 127 127 128 128 128 128 128 128 128 129 129 129 129 129 129 129 130 NA NA NA NA NA NA NA NA NA NA NA NA NA NA NA NA NA NA NA NA NA NA NA NA NA NA NA NA NA NA NA NA NA NA NA NA NA NA NA NA NA NA NA NA NA NA NA NA NA NA NA NA NA NA NA NA NA NA NA NA NA NA NA NA NA NA NA NA NA NA NA NA NA NA NA NA NA NA NA NA NA NA NA NA NA NA NA NA NA NA NA NA NA NA NA NA NA NA NA NA NA NA NA NA NA NA NA NA NA NA NA NA NA NA NA NA NA NA NA NA NA NA NA NA NA NA NA NA NA NA NA NA NA NA NA NA NA NA NA NA NA NA NA NA NA NA NA NA NA NA NA NA NA NA NA NA NA NA NA NA NA NA NA NA NA NA NA NA NA NA NA NA NA NA NA NA NA NA
NA NA NA NA NA NA NA NA NA NA NA NA NA NA NA NA NA NA NA NA NA NA NA NA NA NA NA NA NA NA NA NA NA NA NA NA NA NA NA NA NA NA NA 72 72 72 72 73 73 73 73 74 74 74 74 74 75 75 75 75 76 76 76 77 77 77 77 78 78 78 78 79 79 79 79 80 80 80 80 81 81 81 82 82 82 82 83 83 83 84 84 84 84 84 84 85 85 85 85 86 86 86 87 87 87 88 88 89 89 89 89 89 89 90 90 90 90 91 91 91 92 92 92 92 93 93 93 93 94 94 94 94 94 94 95 95 96 96 96 96 96 96 97 97 98 98 98 98 99 99 99 99 100 100 100 100 101 101 101 101 101 101 102 102 102 103 103 103 103 103 103 103 104 104 105 105 105 105 106 106 106 106 107 107 107 107 107 108 108 108 108 108 109 109 109 109 110 110 110 110 110 111 111 111 111 111 112 112 112 112 112 113 113 113 113 113 113 114 114 114 114 114 115 115 115 115 115 115 116 116 116 116 116 116 117 117 117 117 117 117 118 118 119 119 119 119 119 120 120 120 120 120 120 121 121 121 121 121 121 122 122 122 122 122 122 122 123 123 123 123 123 123 123 124 124 124 124 124 124 124 124 125 125 125 125 125 125 125 125 126 126 126 126 126 126 126 126 127 127 127 127 127 127 127 127 127 127 127 127 127 127 127 128 128 128 128 128 129 129 129 129 129 129 129 129 NA NA NA NA NA NA NA NA NA NA NA NA NA NA NA NA NA NA NA NA NA NA NA NA NA NA NA NA NA NA NA NA NA NA NA NA NA NA NA NA NA NA NA NA NA NA NA NA NA NA NA NA NA NA NA NA NA NA NA NA NA NA NA NA NA NA NA NA NA NA NA NA NA NA NA NA NA NA NA NA NA NA NA NA NA NA NA NA NA NA NA NA NA NA NA NA NA NA NA NA NA NA NA NA NA NA NA NA NA NA NA NA NA NA NA NA NA NA NA NA NA NA NA NA NA NA NA NA NA NA NA NA NA NA NA NA NA NA NA NA NA NA NA NA NA NA NA NA NA NA NA NA NA NA NA NA NA NA NA NA NA NA NA NA NA NA NA NA NA NA NA NA NA NA NA NA NA NA
NA NA NA NA NA NA NA NA NA NA NA NA NA NA NA NA NA NA NA NA NA NA NA NA NA NA NA NA NA NA NA NA NA NA NA NA NA NA NA NA NA 71 71 72 72 72 72 72 73 73 73 73 74 74 74 74 75 75 75 75 76 76 76 77 77 77 77 78 78 78 78 78 79 79 79 79 80 80 80 81 81 81 82 82 82 82 83 83 83 84 84 84 84 84 84 85 85 85 86 86 86 86 87 87 87 88 88 88 88 89 89 89 89 89 89 90 90 90 91 91 91 92 92 92 92 92 93 93 94 94 94 94 94 94 95 95 95 96 96 96 96 97 97 97 98 98 98 98 98 99 99 99 99 100 100 100 100 101 101 101 101 101 102 102 102 102 103 103 103 104 104 104 104 104 104 105 105 105 106 106 106 106 106 107 107 107 107 107 108 108 108 108 109 109 109 109 110 110 110 110 110 111 111 111 111 111 112 112 112 112 112 112 113 113 113 113 113 113 114 114 114 114 114 115 115 115 115 115 116 116 116 116 116 116 117 117 117 117 117 117 118 118 119 119 119 119 119 120 120 120 120 120 120 120 121 121 121 121 121 122 122 122 122 122 122 122 123 123 123 123 123 123 123 123 124 124 124 124 124 124 124 125 125 125 125 125 125 125 125 126 126 126 126 126 126 126 126 126 127 127 127 127 126 126 127 127 128 127 127 127 127 128 128 128 128 128 128 128 129 129 129 129 129 129 129 NA NA NA NA NA NA NA NA NA NA NA NA NA NA NA NA NA NA NA NA NA NA NA NA NA NA NA NA NA NA NA NA NA NA NA NA NA NA NA NA NA NA NA NA NA NA NA NA NA NA NA NA NA NA NA NA NA NA NA NA NA NA NA NA NA NA NA NA NA NA NA NA NA NA NA NA NA NA NA NA NA NA NA NA NA NA NA NA NA NA NA NA NA NA NA NA NA NA NA NA NA NA NA NA NA NA NA NA NA NA NA NA NA NA NA NA NA NA NA NA NA NA NA NA NA NA NA NA NA NA NA NA NA NA NA NA NA NA NA NA NA NA NA NA NA NA NA NA NA NA NA NA NA NA NA NA NA NA NA NA NA NA NA NA NA NA NA NA NA NA NA NA NA NA NA NA NA NA
NA NA NA NA NA NA NA NA NA NA NA NA NA NA NA NA NA NA NA NA NA NA NA NA NA NA NA NA NA NA NA NA 69 69 69 69 NA NA NA NA 70 71 71 71 72 72 72 72 73 73 73 73 74 74 74 74 75 75 75 75 76 76 76 76 77 77 77 77 77 78 78 78 78 79 79 79 80 80 80 80 81 81 81 82 82 82 82 83 83 83 83 84 84 84 85 85 85 85 86 86 86 87 87 87 87 88 88 88 88 88 88 89 89 90 90 89 89 90 90 91 91 91 92 92 92 92 92 93 93 93 93 94 94 94 95 95 95 95 96 96 96 96 97 97 98 98 98 98 98 99 99 99 99 100 100 100 101 101 101 101 101 102 102 102 102 102 103 103 103 103 104 104 104 104 104 105 105 105 106 106 106 106 106 107 107 107 107 107 108 108 108 108 109 109 109 109 110 110 110 110 110 111 111 111 111 111 112 112 112 112 112 112 113 113 113 113 113 113 114 114 114 114 114 115 115 115 115 115 115 116 116 116 116 116 117 117 117 117 117 117 118 118 119 119 119 119 119 120 120 120 120 120 120 120 121 121 121 121 121 122 122 122 122 122 122 122 123 123 123 123 123 123 123 123 124 124 124 124 124 124 124 124 125 125 125 125 125 125 125 125 126 126 126 126 126 126 126 126 126 126 126 126 126 126 127 128 128 128 128 128 128 129 129 128 128 128 128 128 128 129 129 129 129 129 129 NA NA NA NA NA NA NA NA NA NA NA NA NA NA NA NA NA NA NA NA NA NA NA NA NA NA NA NA NA NA NA NA NA NA NA NA NA NA NA NA NA NA NA NA NA NA NA NA NA NA NA NA NA NA NA NA NA NA NA NA NA NA NA NA NA NA NA NA NA NA NA NA NA NA NA NA NA NA NA NA NA NA NA NA NA NA NA NA NA NA NA NA NA NA NA NA NA NA NA NA NA NA NA NA NA NA NA NA NA NA NA NA NA NA NA NA NA NA NA NA NA NA NA NA NA NA NA NA NA NA NA NA NA NA NA NA NA NA NA NA NA NA NA NA NA NA NA NA NA NA NA NA NA NA NA NA NA NA NA NA NA NA NA NA NA NA NA NA NA NA NA NA NA NA NA NA NA NA
NA NA NA NA NA NA NA NA NA NA NA NA NA NA NA NA NA NA NA NA NA NA NA NA NA NA NA NA NA NA NA NA 68 69 69 69 69 69 70 70 70 70 71 71 71 72 72 72 72 73 73 73 73 74 74 74 74 75 75 75 76 76 76 76 76 77 77 77 77 77 78 78 78 79 79 79 79 80 80 80 80 81 81 81 82 82 82 82 83 83 83 83 84 84 84 84 85 85 85 85 86 86 86 87 87 87 87 87 88 88 88 89 89 89 89 89 89 90 90 91 91 91 91 92 92 92 92 93 93 93 93 94 94 94 94 95 95 95 96 96 96 96 97 97 98 98 98 98 98 99 99 99 99 100 100 100 100 101 101 101 101 102 102 102 102 103 103 103 103 103 104 104 104 104 104 104 105 105 105 106 106 106 106 107 107 107 107 107 108 108 108 108 109 109 109 109 110 110 110 110 110 110 111 111 111 111 111 112 112 112 112 112 113 113 113 113 113 113 114 114 114 114 114 115 115 115 115 115 115 116 116 116 116 116 117 117 117 117 117 117 118 118 119 119 119 119 120 120 120 120 120 120 120 120 121 121 121 121 121 121 122 122 122 122 122 122 122 123 123 123 123 123 123 123 124 124 124 124 124 124 124 124 125 125 125 125 125 125 125 125 126 126 126 126 126 126 126 126 126 126 126 127 127 127 127 127 127 127 128 128 128 129 129 128 128 128 128 129 129 129 129 129 NA NA NA NA NA NA NA NA NA NA NA NA NA NA NA NA NA NA NA NA NA NA NA NA NA NA NA NA NA NA NA NA NA NA NA NA NA NA NA NA NA NA NA NA NA NA NA NA NA NA NA NA NA NA NA NA NA NA NA NA NA NA NA NA NA NA NA NA NA NA NA NA NA NA NA NA NA NA NA NA NA NA NA NA NA NA NA NA NA NA NA NA NA NA NA NA NA NA NA NA NA NA NA NA NA NA NA NA NA NA NA NA NA NA NA NA NA NA NA NA NA NA NA NA NA NA NA NA NA NA NA NA NA NA NA NA NA NA NA NA NA NA NA NA NA NA NA NA NA NA NA NA NA NA NA NA NA NA NA NA NA NA NA NA NA NA NA NA NA NA NA NA NA NA NA NA NA NA NA NA NA
NA NA NA NA NA NA NA NA NA NA NA NA NA NA NA NA NA NA NA NA NA NA NA NA NA NA NA NA NA NA NA 68 68 68 69 69 69 69 70 70 70 70 71 71 71 72 72 72 72 73 73 73 73 73 74 74 74 75 75 75 75 75 76 76 76 76 77 77 77 77 78 78 78 79 79 79 79 79 80 80 80 80 81 81 81 82 82 82 82 83 83 83 83 84 84 84 84 84 85 85 85 86 86 86 86 87 87 87 87 88 88 89 89 89 89 89 89 90 90 91 91 91 91 92 92 92 92 93 93 93 93 94 94 94 94 95 95 95 95 96 96 96 97 97 98 98 98 98 98 99 99 99 99 100 100 100 100 101 101 101 101 102 102 102 102 103 103 103 103 103 104 104 104 104 104 104 105 105 105 106 106 106 106 107 107 107 107 107 108 108 108 108 109 109 109 109 109 110 110 110 110 110 111 111 111 111 111 112 112 112 112 112 113 113 113 113 113 113 114 114 114 114 114 115 115 115 115 115 115 116 116 116 116 116 117 117 117 117 117 117 117 118 119 119 119 119 120 120 120 120 120 120 120 120 121 121 121 121 121 121 122 122 122 122 122 122 122 123 123 123 123 123 123 123 124 124 124 124 124 124 124 124 125 125 125 125 125 125 125 125 126 126 126 126 126 126 126 126 126 126 127 127 127 127 127 127 127 127 128 128 128 128 128 128 128 128 129 129 129 NA NA NA NA NA NA NA NA NA NA NA NA NA NA NA NA NA NA NA NA NA NA NA NA NA NA NA NA NA NA NA NA NA NA NA NA NA NA NA NA NA NA NA NA NA NA NA NA NA NA NA NA NA NA NA NA NA NA NA NA NA NA NA NA NA NA NA NA NA NA NA NA NA NA NA NA NA NA NA NA NA NA NA NA NA NA NA NA NA NA NA NA NA NA NA NA NA NA NA NA NA NA NA NA NA NA NA NA NA NA NA NA NA NA NA NA NA NA NA NA NA NA NA NA NA NA NA NA NA NA NA NA NA NA NA NA NA NA NA NA NA NA NA NA NA NA NA NA NA NA NA NA NA NA NA NA NA NA NA NA NA NA NA NA NA NA NA NA NA NA NA NA NA NA NA NA NA NA NA NA NA NA NA NA
NA NA NA NA NA NA NA NA NA NA NA NA NA NA NA NA NA NA NA NA NA NA NA NA NA NA NA NA NA NA NA NA 68 68 69 69 69 69 69 70 70 70 71 71 71 71 72 72 72 72 73 73 73 73 73 74 74 74 74 75 75 75 75 76 76 76 77 77 77 77 78 78 78 78 79 79 79 79 80 80 80 80 81 81 81 82 82 82 82 83 83 83 83 83 84 84 84 84 85 85 85 85 86 86 86 87 87 87 87 88 88 88 89 89 89 90 90 90 90 91 91 91 91 92 92 92 92 93 93 93 93 94 94 94 94 95 95 95 95 96 96 96 97 97 97 98 98 98 98 99 99 99 99 100 100 100 100 101 101 101 101 102 102 102 102 102 103 103 103 103 104 104 104 104 105 105 105 105 105 106 106 106 106 107 107 107 107 107 108 108 108 108 109 109 109 109 109 110 110 110 110 110 111 111 111 111 111 112 112 112 112 112 113 113 113 113 113 113 114 114 114 114 114 115 115 115 115 115 115 116 116 116 116 116 116 117 117 117 117 117 117 118 119 119 119 119 120 120 120 120 120 120 120 120 121 121 121 121 121 121 122 122 122 122 122 122 122 123 123 123 123 123 123 123 123 124 124 124 124 124 124 124 125 125 125 125 125 125 125 125 125 126 126 126 126 126 126 126 126 126 127 127 127 127 127 127 127 127 128 128 128 128 128 128 128 128 128 129 129 NA NA NA NA NA NA NA NA NA NA NA NA NA NA NA NA NA NA NA NA NA NA NA NA NA NA NA NA NA NA NA NA NA NA NA NA NA NA NA NA NA NA NA NA NA NA NA NA NA NA NA NA NA NA NA NA NA NA NA NA NA NA NA NA NA NA NA NA NA NA NA NA NA NA NA NA NA NA NA NA NA NA NA NA NA NA NA NA NA NA NA NA NA NA NA NA NA NA NA NA NA NA NA NA NA NA NA NA NA NA NA NA NA NA NA NA NA NA NA NA NA NA NA NA NA NA NA NA NA NA NA NA NA NA NA NA NA NA NA NA NA NA NA NA NA NA NA NA NA NA NA NA NA NA NA NA NA NA NA NA NA NA NA NA NA NA NA NA NA NA NA NA NA NA NA NA NA NA NA NA NA NA NA NA
NA NA NA NA NA NA NA NA NA NA NA NA NA NA NA NA NA NA NA NA NA NA NA NA NA NA NA NA NA NA NA NA NA 68 68 69 69 69 69 70 70 70 71 71 71 71 72 72 72 72 73 73 73 73 73 74 74 74 74 75 75 75 75 76 76 76 76 77 77 77 78 78 78 78 79 79 79 79 80 80 80 80 81 81 81 81 82 82 82 83 83 83 83 83 84 84 84 84 85 85 85 85 86 86 86 86 87 87 87 88 88 88 88 88 89 89 90 90 90 90 91 91 91 91 92 92 92 93 93 93 93 93 94 94 94 95 95 95 95 96 96 96 97 97 97 98 98 98 98 99 99 99 99 100 100 100 100 101 101 101 101 101 102 102 102 102 103 103 103 103 104 104 104 104 104 105 105 105 105 105 106 106 106 107 107 107 107 107 108 108 108 108 109 109 109 109 109 110 110 110 110 110 111 111 111 111 111 112 112 112 112 112 113 113 113 113 113 113 114 114 114 114 114 114 115 115 115 115 115 116 116 116 116 116 116 117 117 117 117 117 117 118 119 119 119 119 120 120 120 120 120 120 120 120 120 121 121 121 121 121 122 122 122 122 122 122 122 123 123 123 123 123 123 123 123 124 124 124 124 124 124 124 125 125 125 125 125 125 125 125 125 126 126 126 126 126 126 126 126 126 126 127 127 127 127 127 127 127 127 128 128 128 128 128 128 128 128 129 129 NA NA NA NA NA NA NA NA NA NA NA NA NA NA NA NA NA NA NA NA NA NA NA NA NA NA NA NA NA NA NA NA NA NA NA NA NA NA NA NA NA NA NA NA NA NA NA NA NA NA NA NA NA NA NA NA NA NA NA NA NA NA NA NA NA NA NA NA NA NA NA NA NA NA NA NA NA NA NA NA NA NA NA NA NA NA NA NA NA NA NA NA NA NA NA NA NA NA NA NA NA NA NA NA NA NA NA NA NA NA NA NA NA NA NA NA NA NA NA NA NA NA NA NA NA NA NA NA NA NA NA NA NA NA NA NA NA NA NA NA NA NA NA NA NA NA NA NA NA NA NA NA NA NA NA NA NA NA NA NA NA NA NA NA NA NA NA NA NA NA NA NA NA NA NA NA NA NA NA NA NA NA NA NA
NA NA NA NA NA NA NA NA NA NA NA NA NA NA NA NA NA NA NA NA NA NA NA NA NA NA NA NA NA NA NA NA NA 68 68 68 69 69 69 69 70 70 70 71 71 71 71 72 72 72 72 73 73 73 73 74 74 74 74 74 75 75 75 76 76 76 76 77 77 77 77 78 78 78 78 79 79 79 80 80 80 80 81 81 81 81 82 82 82 83 83 83 83 83 84 84 84 84 85 85 85 85 86 86 86 86 87 87 87 87 88 88 88 88 89 89 89 90 90 90 91 91 91 91 92 92 92 92 93 93 93 93 94 94 94 94 95 95 95 96 96 96 97 97 97 98 98 98 98 99 99 99 99 100 100 100 100 100 101 101 101 101 102 102 102 102 103 103 103 103 103 104 104 104 104 105 105 105 105 105 106 106 106 106 107 107 107 107 108 108 108 108 109 109 109 109 109 110 110 110 110 110 111 111 111 111 111 112 112 112 112 112 113 113 113 113 113 113 114 114 114 114 114 114 115 115 115 115 115 116 116 116 116 116 116 117 117 117 117 117 117 118 119 119 119 119 120 120 120 120 120 120 120 120 120 120 121 121 121 121 121 122 122 122 122 122 122 122 123 123 123 123 123 123 123 124 124 124 124 124 124 124 125 125 125 125 125 125 125 125 125 126 126 126 126 126 126 126 126 127 127 127 127 127 127 127 127 127 128 128 128 128 128 128 128 128 128 128 129 129 NA NA NA NA NA NA NA NA NA NA NA NA NA NA NA NA NA NA NA NA NA NA NA NA NA NA NA NA NA NA NA NA NA NA NA NA NA NA NA NA NA NA NA NA NA NA NA NA NA NA NA NA NA NA NA NA NA NA NA NA NA NA NA NA NA NA NA NA NA NA NA NA NA NA NA NA NA NA NA NA NA NA NA NA NA NA NA NA NA NA NA NA NA NA NA NA NA NA NA NA NA NA NA NA NA NA NA NA NA NA NA NA NA NA NA NA NA NA NA NA NA NA NA NA NA NA NA NA NA NA NA NA NA NA NA NA NA NA NA NA NA NA NA NA NA NA NA NA NA NA NA NA NA NA NA NA NA NA NA NA NA NA NA NA NA NA NA NA NA NA NA NA NA NA NA NA NA NA NA NA NA NA NA
NA NA NA NA NA NA NA NA NA NA NA NA NA NA NA NA NA NA NA NA NA NA NA NA NA NA NA NA NA NA NA NA NA NA 68 68 68 69 69 69 69 70 70 71 71 71 71 72 72 72 72 73 73 73 73 73 74 74 74 74 75 75 75 75 76 76 76 77 77 77 77 78 78 78 78 79 79 79 79 80 80 80 80 81 81 81 82 82 82 82 83 83 83 83 83 84 84 84 84 85 85 85 86 86 86 86 87 87 87 87 88 88 88 88 89 89 89 90 90 90 90 91 91 91 92 92 92 92 93 93 93 93 94 94 94 94 95 95 95 95 96 96 97 97 97 97 98 98 98 98 99 99 99 99 100 100 100 100 101 101 101 101 102 102 102 102 103 103 103 103 103 104 104 104 104 105 105 105 105 105 106 106 106 106 107 107 107 107 107 108 108 108 109 109 109 109 109 110 110 110 110 110 111 111 111 111 111 112 112 112 112 112 112 113 113 113 113 113 114 114 114 114 114 114 115 115 115 115 115 115 116 116 116 116 116 117 117 117 117 117 117 118 119 119 119 119 120 120 120 120 120 120 120 120 120 120 121 121 121 121 121 122 122 122 122 122 122 122 123 123 123 123 123 123 123 124 124 124 124 124 124 124 124 125 125 125 125 125 125 125 125 126 126 126 126 126 126 126 127 127 127 127 127 127 127 127 127 128 128 128 128 128 128 128 128 128 128 128 128 NA NA NA NA NA NA NA NA NA NA NA NA NA NA NA NA NA NA NA NA NA NA NA NA NA NA NA NA NA NA NA NA NA NA NA NA NA NA NA NA NA NA NA NA NA NA NA NA NA NA NA NA NA NA NA NA NA NA NA NA NA NA NA NA NA NA NA NA NA NA NA NA NA NA NA NA NA NA NA NA NA NA NA NA NA NA NA NA NA NA NA NA NA NA NA NA NA NA NA NA NA NA NA NA NA NA NA NA NA NA NA NA NA NA NA NA NA NA NA NA NA NA NA NA NA NA NA NA NA NA NA NA NA NA NA NA NA NA NA NA NA NA NA NA NA NA NA NA NA NA NA NA NA NA NA NA NA NA NA NA NA NA NA NA NA NA NA NA NA NA NA NA NA NA NA NA NA NA NA NA NA NA NA NA
NA NA NA NA NA NA NA NA NA NA NA NA NA NA NA NA NA NA NA NA NA NA NA NA NA NA NA NA NA NA NA NA NA NA NA 68 68 69 69 69 69 70 70 70 71 71 71 71 72 72 72 72 73 73 73 73 74 74 74 74 75 75 75 75 76 76 76 76 77 77 77 78 78 78 78 79 79 79 79 80 80 80 80 81 81 81 81 82 82 82 82 83 83 83 83 84 84 84 84 85 85 85 85 86 86 86 87 87 87 87 88 88 88 88 89 89 89 89 90 90 90 91 91 91 91 92 92 92 93 93 93 93 94 94 94 94 95 95 95 95 96 96 97 97 97 97 98 98 98 98 99 99 99 99 100 100 100 100 101 101 101 101 102 102 102 102 102 103 103 103 103 104 104 104 104 105 105 105 105 105 106 106 106 106 107 107 107 107 107 108 108 108 109 109 109 109 109 110 110 110 110 110 111 111 111 111 111 112 112 112 112 112 112 113 113 113 113 113 114 114 114 114 114 114 115 115 115 115 115 115 116 116 116 116 116 117 117 117 117 117 117 118 119 119 119 119 119 120 120 120 120 120 120 120 120 121 121 121 121 121 121 121 122 122 122 122 122 122 123 123 123 123 123 123 123 123 124 124 124 124 124 124 124 125 125 125 125 125 125 125 125 126 126 126 126 126 126 126 126 127 127 127 127 127 127 127 127 127 128 128 128 128 128 128 128 128 128 128 NA NA NA NA NA NA NA NA NA NA NA NA NA NA NA NA NA NA NA NA NA NA NA NA NA NA NA NA NA NA NA NA NA NA NA NA NA NA NA NA NA NA NA NA NA NA NA NA NA NA NA NA NA NA NA NA NA NA NA NA NA NA NA NA NA NA NA NA NA NA NA NA NA NA NA NA NA NA NA NA NA NA NA NA NA NA NA NA NA NA NA NA NA NA NA NA NA NA NA NA NA NA NA NA NA NA NA NA NA NA NA NA NA NA NA NA NA NA NA NA NA NA NA NA NA NA NA NA NA NA NA NA NA NA NA NA NA NA NA NA NA NA NA NA NA NA NA NA NA NA NA NA NA NA NA NA NA NA NA NA NA NA NA NA NA NA NA NA NA NA NA NA NA NA NA NA NA NA NA NA NA NA NA NA NA
NA NA NA NA NA NA NA NA NA NA NA NA NA NA NA NA NA NA NA NA NA NA NA NA NA NA NA NA NA NA NA NA NA NA 68 68 68 68 69 69 69 69 70 70 71 71 71 71 71 72 72 72 72 73 73 73 74 74 74 74 74 75 75 75 76 76 76 76 77 77 77 77 78 78 78 78 79 79 79 79 80 80 80 80 81 81 81 81 82 82 82 83 83 83 83 83 84 84 84 85 85 85 85 86 86 86 86 87 87 87 88 88 88 88 89 89 89 89 90 90 90 90 91 91 91 92 92 92 92 93 93 93 93 94 94 94 94 95 95 95 95 96 97 97 97 97 98 98 98 98 99 99 99 99 100 100 100 100 101 101 101 101 101 102 102 102 102 103 103 103 103 104 104 104 104 105 105 105 105 105 106 106 106 106 106 107 107 107 107 108 108 108 108 109 109 109 109 110 110 110 110 110 111 111 111 111 111 111 112 112 112 112 112 113 113 113 113 113 114 114 114 114 114 114 114 115 115 115 115 115 115 116 116 116 116 116 117 117 117 117 117 117 119 119 119 119 119 120 120 120 120 120 120 120 121 121 121 121 121 121 121 121 121 122 122 122 122 122 122 123 123 123 123 123 123 123 124 124 124 124 124 124 124 125 125 125 125 125 125 125 125 125 126 126 126 126 126 126 126 127 127 127 127 127 127 127 127 127 127 128 128 128 128 128 128 128 128 NA NA NA NA NA NA NA NA NA NA NA NA NA NA NA NA NA NA NA NA NA NA NA NA NA NA NA NA NA NA NA NA NA NA NA NA NA NA NA NA NA NA NA NA NA NA NA NA NA NA NA NA NA NA NA NA NA NA NA NA NA NA NA NA NA NA NA NA NA NA NA NA NA NA NA NA NA NA NA NA NA NA NA NA NA NA NA NA NA NA NA NA NA NA NA NA NA NA NA NA NA NA NA NA NA NA NA NA NA NA NA NA NA NA NA NA NA NA NA NA NA NA NA NA NA NA NA NA NA NA NA NA NA NA NA NA NA NA NA NA NA NA NA NA NA NA NA NA NA NA NA NA NA NA NA NA NA NA NA NA NA NA NA NA NA NA NA NA NA NA NA NA NA NA NA NA NA NA NA NA NA NA NA NA NA NA
NA NA NA NA NA NA NA NA NA NA NA NA NA NA NA NA NA NA NA NA NA NA NA NA NA NA NA NA NA NA NA NA NA NA 68 68 68 68 68 69 69 69 70 70 70 71 71 71 71 72 72 72 72 73 73 73 73 74 74 74 74 75 75 75 75 76 76 76 76 77 77 77 78 78 78 78 79 79 79 79 80 80 80 80 81 81 81 81 82 82 82 82 83 83 83 83 84 84 84 84 85 85 85 86 86 86 86 87 87 87 87 88 88 88 89 89 89 89 90 90 90 90 91 91 91 91 92 92 92 93 93 93 93 94 94 94 94 95 95 95 95 96 96 97 97 97 97 98 98 98 98 99 99 99 99 100 100 100 100 101 101 101 101 102 102 102 102 103 103 103 103 104 104 104 104 105 105 105 105 105 106 106 106 106 106 107 107 107 107 108 108 108 108 109 109 109 109 109 110 110 110 110 110 111 111 111 111 111 112 112 112 112 112 113 113 113 113 113 113 114 114 114 114 114 114 115 115 115 115 115 115 116 116 116 116 116 117 117 117 117 117 117 119 119 119 119 119 120 120 120 120 120 120 120 121 121 121 121 121 121 121 121 121 122 122 122 122 122 122 123 123 123 123 123 123 123 124 124 124 124 124 124 124 124 125 125 125 125 125 125 125 125 126 126 126 126 126 126 126 127 127 127 127 127 127 127 127 127 127 128 128 128 128 128 128 128 128 NA NA NA NA NA NA NA NA NA NA NA NA NA NA NA NA NA NA NA NA NA NA NA NA NA NA NA NA NA NA NA NA NA NA NA NA NA NA NA NA NA NA NA NA NA NA NA NA NA NA NA NA NA NA NA NA NA NA NA NA NA NA NA NA NA NA NA NA NA NA NA NA NA NA NA NA NA NA NA NA NA NA NA NA NA NA NA NA NA NA NA NA NA NA NA NA NA NA NA NA NA NA NA NA NA NA NA NA NA NA NA NA NA NA NA NA NA NA NA NA NA NA NA NA NA NA NA NA NA NA NA NA NA NA NA NA NA NA NA NA NA NA NA NA NA NA NA NA NA NA NA NA NA NA NA NA NA NA NA NA NA NA NA NA NA NA NA NA NA NA NA NA NA NA NA NA NA NA NA NA NA NA NA NA NA NA
NA NA NA NA NA NA NA NA NA NA NA NA NA NA NA NA NA NA NA NA NA NA NA NA NA NA NA NA NA NA NA NA NA NA 67 68 68 68 68 69 69 69 70 70 70 70 71 71 71 71 72 72 72 72 73 73 73 74 74 74 74 75 75 75 75 76 76 76 76 77 77 77 77 78 78 78 78 79 79 79 79 80 80 80 80 81 81 81 82 82 82 82 82 83 83 83 84 84 84 84 85 85 85 85 86 86 86 87 87 87 87 88 88 88 88 89 89 89 90 90 90 90 91 91 91 91 92 92 92 93 93 93 93 93 94 94 94 95 95 95 95 96 96 97 97 97 97 98 98 98 98 99 99 99 99 100 100 100 100 101 101 101 101 102 102 102 102 103 103 103 103 104 104 104 104 104 105 105 105 105 106 106 106 106 106 107 107 107 107 108 108 108 108 109 109 109 109 109 110 110 110 110 110 111 111 111 111 111 112 112 112 112 112 113 113 113 113 113 113 114 114 114 114 114 114 115 115 115 115 115 115 116 116 116 116 116 117 117 117 117 117 117 119 119 119 119 119 120 120 120 120 120 120 120 121 121 121 121 121 121 121 121 121 122 122 122 122 122 122 122 123 123 123 123 123 123 123 124 124 124 124 124 124 124 125 125 125 125 125 125 125 125 126 126 126 126 126 126 126 126 127 127 127 127 127 127 127 127 127 128 127 128 128 128 128 128 NA NA NA NA NA NA NA NA NA NA NA NA NA NA NA NA NA NA NA NA NA NA NA NA NA NA NA NA NA NA NA NA NA NA NA NA NA NA NA NA NA NA NA NA NA NA NA NA NA NA NA NA NA NA NA NA NA NA NA NA NA NA NA NA NA NA NA NA NA NA NA NA NA NA NA NA NA NA NA NA NA NA NA NA NA NA NA NA NA NA NA NA NA NA NA NA NA NA NA NA NA NA NA NA NA NA NA NA NA NA NA NA NA NA NA NA NA NA NA NA NA NA NA NA NA NA NA NA NA NA NA NA NA NA NA NA NA NA NA NA NA NA NA NA NA NA NA NA NA NA NA NA NA NA NA NA NA NA NA NA NA NA NA NA NA NA NA NA NA NA NA NA NA NA NA NA NA NA NA NA NA NA NA NA NA NA NA
NA NA NA NA NA NA NA NA NA NA NA NA NA NA NA NA NA NA NA NA NA NA NA NA NA NA NA NA NA NA NA NA NA NA 67 67 68 68 68 68 69 69 70 70 70 70 71 71 71 71 72 72 72 72 73 73 73 73 74 74 74 74 75 75 75 75 76 76 76 76 77 77 77 78 78 78 78 79 79 79 79 80 80 80 80 81 81 81 81 82 82 82 82 83 83 83 84 84 84 84 85 85 85 85 86 86 86 86 87 87 87 88 88 88 88 89 89 89 89 90 90 90 91 91 91 91 92 92 92 92 93 93 93 93 94 94 94 95 95 95 95 96 96 97 97 97 97 98 98 98 98 99 99 99 99 100 100 100 100 101 101 101 101 102 102 102 102 103 103 103 103 103 104 104 104 104 105 105 105 105 106 106 106 106 106 106 107 107 107 108 108 108 108 109 109 109 109 109 110 110 110 110 110 111 111 111 111 111 112 112 112 112 112 113 113 113 113 113 113 114 114 114 114 114 114 115 115 115 115 115 115 116 116 116 116 116 117 117 117 117 117 117 119 119 119 119 119 120 120 120 120 120 120 120 121 121 121 121 121 121 121 121 121 121 122 122 122 122 122 122 123 123 123 123 123 123 123 124 124 124 124 124 124 124 125 125 125 125 125 125 125 125 126 126 126 126 126 126 126 126 127 127 127 127 127 127 127 127 127 127 127 127 128 128 128 128 NA NA NA NA NA NA NA NA NA NA NA NA NA NA NA NA NA NA NA NA NA NA NA NA NA NA NA NA NA NA NA NA NA NA NA NA NA NA NA NA NA NA NA NA NA NA NA NA NA NA NA NA NA NA NA NA NA NA NA NA NA NA NA NA NA NA NA NA NA NA NA NA NA NA NA NA NA NA NA NA NA NA NA NA NA NA NA NA NA NA NA NA NA NA NA NA NA NA NA NA NA NA NA NA NA NA NA NA NA NA NA NA NA NA NA NA NA NA NA NA NA NA NA NA NA NA NA NA NA NA NA NA NA NA NA NA NA NA NA NA NA NA NA NA NA NA NA NA NA NA NA NA NA NA NA NA NA NA NA NA NA NA NA NA NA NA NA NA NA NA NA NA NA NA NA NA NA NA NA NA NA NA NA NA NA NA NA
NA NA NA NA NA NA NA NA NA NA NA NA NA NA NA NA NA NA NA NA NA NA NA NA NA NA NA NA NA NA NA NA NA 67 67 67 68 68 68 68 68 69 69 70 70 70 70 71 71 71 71 72 72 72 72 73 73 73 74 74 74 74 75 75 75 75 76 76 76 76 77 77 77 77 78 78 78 78 79 79 79 80 80 80 80 81 81 81 81 82 82 82 82 83 83 83 83 84 84 84 84 85 85 85 86 86 86 86 87 87 87 87 88 88 88 89 89 89 89 90 90 90 90 91 91 91 92 92 92 92 93 93 93 93 94 94 94 94 95 95 95 95 96 96 97 97 97 97 98 98 98 98 99 99 99 99 100 100 100 100 101 101 101 102 102 102 102 102 103 103 103 103 104 104 104 104 105 105 105 105 106 106 106 106 106 106 107 107 107 108 108 108 108 109 109 109 109 109 110 110 110 110 110 111 111 111 111 111 112 112 112 112 112 113 113 113 113 113 113 114 114 114 114 114 114 115 115 115 115 115 115 116 116 116 116 116 116 117 117 117 117 117 119 119 119 119 119 120 120 120 120 120 120 120 121 121 121 121 121 121 121 121 121 122 122 122 122 122 122 122 122 123 123 123 123 123 123 124 124 124 124 124 124 124 124 125 125 125 125 125 125 125 126 126 126 126 126 126 126 126 127 127 127 127 127 127 127 127 127 127 127 127 128 128 128 NA NA NA NA NA NA NA NA NA NA NA NA NA NA NA NA NA NA NA NA NA NA NA NA NA NA NA NA NA NA NA NA NA NA NA NA NA NA NA NA NA NA NA NA NA NA NA NA NA NA NA NA NA NA NA NA NA NA NA NA NA NA NA NA NA NA NA NA NA NA NA NA NA NA NA NA NA NA NA NA NA NA NA NA NA NA NA NA NA NA NA NA NA NA NA NA NA NA NA NA NA NA NA NA NA NA NA NA NA NA NA NA NA NA NA NA NA NA NA NA NA NA NA NA NA NA NA NA NA NA NA NA NA NA NA NA NA NA NA NA NA NA NA NA NA NA NA NA NA NA NA NA NA NA NA NA NA NA NA NA NA NA NA NA NA NA NA NA NA NA NA NA NA NA NA NA NA NA NA NA NA NA NA NA NA NA NA NA
NA NA NA NA NA NA NA NA NA NA NA NA NA NA NA NA NA NA NA NA NA NA NA NA NA NA NA NA NA NA NA NA NA NA 67 67 67 68 68 68 68 69 69 70 70 70 70 71 71 71 71 72 72 72 72 73 73 73 73 74 74 74 74 75 75 75 75 76 76 76 77 77 77 77 78 78 78 78 79 79 79 79 80 80 80 80 81 81 81 82 82 82 82 82 83 83 83 84 84 84 84 85 85 85 85 86 86 86 87 87 87 87 88 88 88 88 89 89 89 90 90 90 90 91 91 91 91 92 92 92 92 93 93 93 93 94 94 94 95 95 95 95 96 96 97 97 97 97 98 98 98 98 99 99 99 99 100 100 100 100 101 101 101 101 102 102 102 102 103 103 103 103 104 104 104 104 105 105 105 105 105 106 106 106 106 106 107 107 107 108 108 108 108 108 109 109 109 109 110 110 110 110 110 111 111 111 111 111 112 112 112 112 112 112 113 113 113 113 113 114 114 114 114 114 114 115 115 115 115 115 115 116 116 116 116 116 116 117 117 117 117 117 119 119 119 119 119 120 120 120 120 120 120 120 121 121 121 121 121 121 121 121 122 122 122 122 122 122 122 122 122 123 123 123 123 123 123 124 124 124 124 124 124 124 124 125 125 125 125 125 125 125 126 126 126 126 126 126 126 126 126 127 127 127 127 127 127 127 127 127 NA NA NA NA NA NA NA NA NA NA NA NA NA NA NA NA NA NA NA NA NA NA NA NA NA NA NA NA NA NA NA NA NA NA NA NA NA NA NA NA NA NA NA NA NA NA NA NA NA NA NA NA NA NA NA NA NA NA NA NA NA NA NA NA NA NA NA NA NA NA NA NA NA NA NA NA NA NA NA NA NA NA NA NA NA NA NA NA NA NA NA NA NA NA NA NA NA NA NA NA NA NA NA NA NA NA NA NA NA NA NA NA NA NA NA NA NA NA NA NA NA NA NA NA NA NA NA NA NA NA NA NA NA NA NA NA NA NA NA NA NA NA NA NA NA NA NA NA NA NA NA NA NA NA NA NA NA NA NA NA NA NA NA NA NA NA NA NA NA NA NA NA NA NA NA NA NA NA NA NA NA NA NA NA NA NA NA NA NA NA NA NA NA
NA NA NA NA NA NA NA NA NA NA NA NA NA NA NA NA NA NA NA NA NA NA NA NA NA NA NA NA NA NA NA NA NA NA 67 67 67 68 68 68 68 68 69 69 70 70 70 70 71 71 71 71 72 72 72 72 73 73 73 73 74 74 74 75 75 75 75 76 76 76 76 77 77 77 77 78 78 78 78 79 79 79 80 80 80 80 81 81 81 81 82 82 82 82 83 83 83 83 84 84 84 85 85 85 85 86 86 86 86 87 87 87 87 88 88 88 89 89 89 89 90 90 90 91 91 91 91 92 92 92 92 93 93 93 93 94 94 94 94 95 95 95 96 96 97 97 97 97 98 98 98 98 99 99 99 99 100 100 100 100 101 101 101 101 102 102 102 102 103 103 103 103 104 104 104 104 105 105 105 105 105 106 106 106 106 106 107 107 107 108 108 108 108 108 109 109 109 109 110 110 110 110 110 111 111 111 111 111 112 112 112 112 112 112 113 113 113 113 113 114 114 114 114 114 114 115 115 115 115 115 115 115 116 116 116 116 116 117 117 117 117 117 119 119 119 119 119 119 120 120 120 120 120 120 121 121 121 121 121 121 121 121 122 122 122 122 122 122 122 122 122 123 123 123 123 123 123 123 124 124 124 124 124 124 124 125 125 125 125 125 125 125 125 126 126 126 126 126 126 126 126 127 127 127 127 NA NA NA NA NA NA NA NA NA NA NA NA NA NA NA NA NA NA NA NA NA NA NA NA NA NA NA NA NA NA NA NA NA NA NA NA NA NA NA NA NA NA NA NA NA NA NA NA NA NA NA NA NA NA NA NA NA NA NA NA NA NA NA NA NA NA NA NA NA NA NA NA NA NA NA NA NA NA NA NA NA NA NA NA NA NA NA NA NA NA NA NA NA NA NA NA NA NA NA NA NA NA NA NA NA NA NA NA NA NA NA NA NA NA NA NA NA NA NA NA NA NA NA NA NA NA NA NA NA NA NA NA NA NA NA NA NA NA NA NA NA NA NA NA NA NA NA NA NA NA NA NA NA NA NA NA NA NA NA NA NA NA NA NA NA NA NA NA NA NA NA NA NA NA NA NA NA NA NA NA NA NA NA NA NA NA NA NA NA NA NA NA NA NA NA NA NA NA
NA NA NA NA NA NA NA NA NA NA NA NA NA NA NA NA NA NA NA NA NA NA NA NA NA NA NA NA NA NA NA NA NA NA 67 67 67 67 68 68 68 68 69 69 69 70 70 70 71 71 71 71 71 72 72 72 72 73 73 73 74 74 74 74 75 75 75 75 76 76 76 77 77 77 77 78 78 78 78 79 79 79 79 80 80 80 81 81 81 81 82 82 82 82 83 83 83 83 84 84 84 84 85 85 85 86 86 86 86 87 87 87 87 88 88 88 88 89 89 89 90 90 90 90 91 91 91 91 92 92 92 93 93 93 93 94 94 94 94 95 95 95 96 96 96 97 97 97 97 98 98 98 98 99 99 99 100 100 100 100 101 101 101 101 102 102 102 102 103 103 103 103 104 104 104 104 104 105 105 105 105 106 106 106 106 107 107 107 107 107 108 108 108 108 109 109 109 109 110 110 110 110 110 111 111 111 111 111 112 112 112 112 112 112 113 113 113 113 113 114 114 114 114 114 114 115 115 115 115 115 115 116 116 116 116 116 116 116 117 117 117 117 119 119 119 119 119 119 120 120 120 120 120 120 120 121 121 121 121 121 121 121 121 122 122 122 122 122 122 122 123 123 123 123 123 123 123 123 124 124 124 124 124 124 124 125 125 125 125 125 125 125 125 126 126 126 126 126 126 126 126 126 127 127 127 127 NA NA NA NA NA NA NA NA NA NA NA NA NA NA NA NA NA NA NA NA NA NA NA NA NA NA NA NA NA NA NA NA NA NA NA NA NA NA NA NA NA NA NA NA NA NA NA NA NA NA NA NA NA NA NA NA NA NA NA NA NA NA NA NA NA NA NA NA NA NA NA NA NA NA NA NA NA NA NA NA NA NA NA NA NA NA NA NA NA NA NA NA NA NA NA NA NA NA NA NA NA NA NA NA NA NA NA NA NA NA NA NA NA NA NA NA NA NA NA NA NA NA NA NA NA NA NA NA NA NA NA NA NA NA NA NA NA NA NA NA NA NA NA NA NA NA NA NA NA NA NA NA NA NA NA NA NA NA NA NA NA NA NA NA NA NA NA NA NA NA NA NA NA NA NA NA NA NA NA NA NA NA NA NA NA NA NA NA NA NA NA NA NA NA NA NA NA
NA NA NA NA NA NA NA NA NA NA NA NA NA NA NA NA NA NA NA NA NA NA NA NA NA NA NA NA NA NA NA NA NA NA 67 67 67 67 67 68 68 68 69 69 69 70 70 70 70 71 71 71 71 72 72 72 72 73 73 73 73 74 74 74 75 75 75 75 76 76 76 76 77 77 77 77 78 78 78 79 79 79 79 80 80 80 80 81 81 81 81 82 82 82 82 83 83 83 84 84 84 84 85 85 85 85 86 86 86 87 87 87 87 88 88 88 88 89 89 89 89 90 90 90 91 91 91 91 92 92 92 92 93 93 93 93 94 94 94 95 95 95 96 96 96 97 97 97 97 98 98 98 98 99 99 99 99 100 100 100 101 101 101 101 102 102 102 102 103 103 103 103 104 104 104 104 104 105 105 105 105 105 106 106 106 107 107 107 107 107 108 108 108 108 109 109 109 109 109 110 110 110 110 111 111 111 111 111 111 112 112 112 112 112 113 113 113 113 113 114 114 114 114 114 114 114 115 115 115 115 115 116 116 116 116 116 116 116 117 117 117 117 119 119 119 119 119 119 120 120 120 120 120 120 120 120 121 121 121 121 121 121 122 122 122 122 122 122 122 122 123 123 123 123 123 123 123 123 124 124 124 124 124 124 124 124 125 125 125 125 125 125 125 126 126 126 126 126 126 126 126 126 126 126 127 127 127 127 NA NA NA NA NA NA NA NA NA NA NA NA NA NA NA NA NA NA NA NA NA NA NA NA NA NA NA NA NA NA NA NA NA NA NA NA NA NA NA NA NA NA NA NA NA NA NA NA NA NA NA NA NA NA NA NA NA NA NA NA NA NA NA NA NA NA NA NA NA NA NA NA NA NA NA NA NA NA NA NA NA NA NA NA NA NA NA NA NA NA NA NA NA NA NA NA NA NA NA NA NA NA NA NA NA NA NA NA NA NA NA NA NA NA NA NA NA NA NA NA NA NA NA NA NA NA NA NA NA NA NA NA NA NA NA NA NA NA NA NA NA NA NA NA NA NA NA NA NA NA NA NA NA NA NA NA NA NA NA NA NA NA NA NA NA NA NA NA NA NA NA NA NA NA NA NA NA NA NA NA NA NA NA NA NA NA NA NA NA NA NA NA NA NA NA
NA NA NA NA NA NA NA NA NA NA NA NA NA NA NA NA NA NA NA NA NA NA NA NA NA NA NA NA NA NA NA NA NA 67 67 67 67 68 68 68 68 68 68 69 69 69 69 70 70 70 70 71 71 71 71 72 72 72 73 73 73 73 74 74 74 74 75 75 75 75 76 76 76 76 77 77 77 78 78 78 78 79 79 79 79 80 80 80 81 81 81 81 81 82 82 82 83 83 83 83 84 84 84 84 85 85 85 85 86 86 86 87 87 87 87 88 88 88 88 89 89 89 90 90 90 90 90 91 91 91 92 92 92 92 93 93 93 94 94 94 94 95 95 96 96 96 96 97 97 97 97 98 98 98 98 99 99 99 99 100 100 100 101 101 101 101 102 102 102 102 103 103 103 103 103 104 104 104 104 105 105 105 105 106 106 106 106 107 107 107 107 107 108 108 109 109 109 109 109 110 110 110 110 111 111 111 111 111 111 112 112 112 112 112 113 113 113 113 113 113 114 114 114 114 114 114 115 115 115 115 115 115 116 116 116 116 116 116 117 117 117 117 119 119 119 119 119 119 120 120 120 120 120 120 120 121 121 121 121 121 121 121 122 122 122 122 122 122 122 122 123 123 123 123 123 123 123 123 123 124 124 124 124 124 124 124 125 125 125 125 125 125 125 125 126 126 126 126 126 126 126 126 126 126 127 127 127 127 127 127 127 NA NA NA NA NA NA NA NA NA NA NA NA NA NA NA NA NA NA NA NA NA NA NA NA NA NA NA NA NA NA NA NA NA NA NA NA NA NA NA NA NA NA NA NA NA NA NA NA NA NA NA NA NA NA NA NA NA NA NA NA NA NA NA NA NA NA NA NA NA NA NA NA NA NA NA NA NA NA NA NA NA NA NA NA NA NA NA NA NA NA NA NA NA NA NA NA NA NA NA NA NA NA NA NA NA NA NA NA NA NA NA NA NA NA NA NA NA NA NA NA NA NA NA NA NA NA NA NA NA NA NA NA NA NA NA NA NA NA NA NA NA NA NA NA NA NA NA NA NA NA NA NA NA NA NA NA NA NA NA NA NA NA NA NA NA NA NA NA NA NA NA NA NA NA NA NA NA NA NA NA NA NA NA NA NA NA NA NA NA NA NA NA
NA NA NA NA NA NA NA NA NA NA NA NA NA NA NA NA NA NA NA NA NA NA NA NA NA NA NA NA NA NA NA 66 66 66 67 67 67 67 68 68 68 68 68 69 69 69 69 70 70 70 70 71 71 71 71 72 72 72 72 73 73 73 73 74 74 74 74 75 75 75 76 76 76 76 77 77 77 77 78 78 78 78 79 79 79 80 80 80 80 81 81 81 81 82 82 82 82 83 83 83 83 84 84 84 85 85 85 85 86 86 86 86 87 87 87 88 88 88 88 89 89 89 89 90 90 90 90 91 91 91 91 92 92 92 93 93 93 93 94 94 94 95 95 96 96 96 96 97 97 97 97 98 98 98 98 99 99 99 99 100 100 100 100 101 101 101 101 102 102 102 102 103 103 103 103 104 104 104 104 105 105 105 105 106 106 106 106 106 107 107 107 107 108 108 109 109 109 109 109 110 110 110 110 110 111 111 111 111 111 112 112 112 112 112 113 113 113 113 113 113 114 114 114 114 114 114 115 115 115 115 115 115 116 116 116 116 116 116 116 117 117 117 118 119 119 119 119 119 120 120 120 120 120 120 120 121 121 121 121 121 121 121 122 122 122 122 122 122 122 123 123 123 123 123 123 123 123 123 123 124 124 124 124 124 124 124 125 125 125 125 125 125 125 125 125 126 126 126 126 126 126 126 126 126 127 127 127 127 127 127 127 NA NA NA NA NA NA NA NA NA NA NA NA NA NA NA NA NA NA NA NA NA NA NA NA NA NA NA NA NA NA NA NA NA NA NA NA NA NA NA NA NA NA NA NA NA NA NA NA NA NA NA NA NA NA NA NA NA NA NA NA NA NA NA NA NA NA NA NA NA NA NA NA NA NA NA NA NA NA NA NA NA NA NA NA NA NA NA NA NA NA NA NA NA NA NA NA NA NA NA NA NA NA NA NA NA NA NA NA NA NA NA NA NA NA NA NA NA NA NA NA NA NA NA NA NA NA NA NA NA NA NA NA NA NA NA NA NA NA NA NA NA NA NA NA NA NA NA NA NA NA NA NA NA NA NA NA NA NA NA NA NA NA NA NA NA NA NA NA NA NA NA NA NA NA NA NA NA NA NA NA NA NA NA NA NA NA NA NA NA NA NA NA
NA NA NA NA NA NA NA NA NA NA NA NA NA NA NA NA NA NA NA NA NA NA NA NA NA NA NA NA 65 65 66 66 66 66 66 67 67 67 NA 68 68 68 68 68 69 69 69 69 70 70 70 70 71 71 71 71 72 72 72 72 73 73 73 74 74 74 74 75 75 75 75 76 76 76 76 77 77 77 78 78 78 78 79 79 79 79 80 80 80 81 81 81 81 81 82 82 82 83 83 83 83 84 84 84 84 85 85 85 86 86 86 86 87 87 87 87 88 88 88 89 89 89 89 90 90 90 90 91 91 91 91 92 92 92 92 93 93 93 94 94 94 94 95 95 96 96 96 96 97 97 97 98 98 98 98 99 99 99 99 100 100 100 100 101 101 101 101 102 102 102 102 103 103 103 103 104 104 104 104 105 105 105 105 106 106 106 106 106 107 107 107 107 108 108 109 109 109 109 109 110 110 110 110 110 111 111 111 111 111 112 112 112 112 112 113 113 113 113 113 113 114 114 114 114 114 114 115 115 115 115 115 115 116 116 116 116 116 116 116 117 117 117 118 119 119 119 119 119 120 120 120 120 120 120 120 120 121 121 121 121 121 121 122 122 122 122 122 122 122 122 123 123 123 123 123 123 123 123 123 124 124 124 124 124 124 124 124 125 125 125 125 125 125 125 125 126 126 126 126 126 126 126 126 127 127 127 127 127 127 127 127 NA NA NA NA NA NA NA NA NA NA NA NA NA NA NA NA NA NA NA NA NA NA NA NA NA NA NA NA NA NA NA NA NA NA NA NA NA NA NA NA NA NA NA NA NA NA NA NA NA NA NA NA NA NA NA NA NA NA NA NA NA NA NA NA NA NA NA NA NA NA NA NA NA NA NA NA NA NA NA NA NA NA NA NA NA NA NA NA NA NA NA NA NA NA NA NA NA NA NA NA NA NA NA NA NA NA NA NA NA NA NA NA NA NA NA NA NA NA NA NA NA NA NA NA NA NA NA NA NA NA NA NA NA NA NA NA NA NA NA NA NA NA NA NA NA NA NA NA NA NA NA NA NA NA NA NA NA NA NA NA NA NA NA NA NA NA NA NA NA NA NA NA NA NA NA NA NA NA NA NA NA NA NA NA NA NA NA NA NA NA NA NA
NA NA NA NA NA NA NA NA NA NA NA NA NA NA NA NA NA NA NA NA NA NA NA NA NA NA NA NA NA NA NA NA NA NA 66 67 NA NA NA NA 68 68 68 68 69 69 69 69 70 70 70 70 71 71 71 71 72 72 72 72 73 73 73 73 74 74 74 74 75 75 75 76 76 76 76 77 77 77 77 78 78 78 79 79 79 79 80 80 80 80 81 81 81 81 82 82 82 82 83 83 83 83 84 84 84 85 85 85 85 86 86 86 87 87 87 87 88 88 88 88 89 89 89 90 90 90 90 91 91 91 91 91 92 92 92 93 93 93 94 94 94 94 95 95 96 96 96 96 97 97 97 97 98 98 98 98 99 99 99 100 100 100 100 101 101 101 101 102 102 102 102 103 103 103 103 104 104 104 104 105 105 105 105 106 106 106 106 106 107 107 107 107 108 108 109 109 109 109 109 110 110 110 110 110 111 111 111 111 111 112 112 112 112 112 113 113 113 113 113 113 114 114 114 114 114 114 115 115 115 115 115 115 116 116 116 116 116 116 116 117 117 117 118 119 119 119 119 119 119 120 120 120 120 120 120 121 121 121 121 121 121 121 122 122 122 122 122 122 122 122 123 123 123 123 123 123 123 123 123 123 124 124 124 124 124 124 124 125 125 125 125 125 125 125 125 126 126 126 126 126 126 126 126 126 127 127 127 127 127 127 127 NA NA NA NA NA NA NA NA NA NA NA NA NA NA NA NA NA NA NA NA NA NA NA NA NA NA NA NA NA NA NA NA NA NA NA NA NA NA NA NA NA NA NA NA NA NA NA NA NA NA NA NA NA NA NA NA NA NA NA NA NA NA NA NA NA NA NA NA NA NA NA NA NA NA NA NA NA NA NA NA NA NA NA NA NA NA NA NA NA NA NA NA NA NA NA NA NA NA NA NA NA NA NA NA NA NA NA NA NA NA NA NA NA NA NA NA NA NA NA NA NA NA NA NA NA NA NA NA NA NA NA NA NA NA NA NA NA NA NA NA NA NA NA NA NA NA NA NA NA NA NA NA NA NA NA NA NA NA NA NA NA NA NA NA NA NA NA NA NA NA NA NA NA NA NA NA NA NA NA NA NA NA NA NA NA NA NA NA NA NA NA NA
NA NA NA NA NA NA NA NA NA NA NA NA NA NA NA NA NA NA NA NA NA NA NA NA NA NA NA NA NA NA NA NA NA NA NA NA NA NA NA NA 68 68 68 68 68 69 69 69 69 70 70 70 70 71 71 71 71 72 72 72 73 73 73 73 74 74 74 74 75 75 75 75 76 76 76 77 77 77 77 78 78 78 78 79 79 79 80 80 80 80 81 81 81 81 81 82 82 82 83 83 83 83 84 84 84 85 85 85 85 86 86 86 86 87 87 87 88 88 88 88 89 89 89 89 90 90 90 91 91 91 91 92 92 92 92 93 93 93 94 94 94 94 95 95 96 96 96 96 97 97 97 97 98 98 98 98 99 99 99 99 100 100 100 101 101 101 101 102 102 102 102 103 103 103 103 104 104 104 104 104 105 105 105 106 106 106 106 106 107 107 107 107 108 108 109 109 109 109 109 110 110 110 110 110 111 111 111 111 111 112 112 112 112 112 113 113 113 113 113 113 114 114 114 114 114 114 115 115 115 115 115 115 116 116 116 116 116 116 116 117 117 117 118 118 119 119 119 119 119 120 120 120 120 120 120 120 121 121 121 121 121 121 122 122 122 122 122 122 122 122 123 123 123 123 123 123 123 123 123 123 124 124 124 124 124 124 124 124 125 125 125 125 125 125 125 125 126 126 126 126 126 126 126 126 127 127 127 127 127 127 127 127 127 NA NA NA 128 128 128 NA NA NA NA NA NA NA NA NA NA NA NA NA NA NA NA NA NA NA NA NA NA NA NA NA NA NA NA NA NA NA NA NA NA NA NA NA NA NA NA NA NA NA NA NA NA NA NA NA NA NA NA NA NA NA NA NA NA NA NA NA NA NA NA NA NA NA NA NA NA NA NA NA NA NA NA NA NA NA NA NA NA NA NA NA NA NA NA NA NA NA NA NA NA NA NA NA NA NA NA NA NA NA NA NA NA NA NA NA NA NA NA NA NA NA NA NA NA NA NA NA NA NA NA NA NA NA NA NA NA NA NA NA NA NA NA NA NA NA NA NA NA NA NA NA NA NA NA NA NA NA NA NA NA NA NA NA NA NA NA NA NA NA NA NA NA NA NA NA NA NA NA NA NA NA NA NA NA NA NA NA NA NA NA
NA NA NA NA NA NA NA NA NA NA NA NA NA NA NA NA NA NA NA NA NA NA NA NA NA NA NA NA NA NA NA NA NA NA NA NA NA NA NA NA NA 68 68 68 68 69 69 69 69 70 70 70 70 70 71 71 71 72 72 72 72 73 73 73 73 74 74 74 75 75 75 75 76 76 76 76 77 77 77 78 78 78 78 79 79 79 79 80 80 80 80 81 81 81 81 82 82 82 82 83 83 83 84 84 84 84 85 85 85 86 86 86 86 87 87 87 87 88 88 88 89 89 89 89 90 90 90 90 91 91 91 92 92 92 92 93 93 93 93 94 94 94 95 95 95 96 96 96 97 97 97 97 98 98 98 98 99 99 99 99 100 100 100 100 101 101 101 101 102 102 102 103 103 103 103 103 104 104 104 104 105 105 105 105 106 106 106 106 107 107 107 107 108 108 109 109 109 109 109 110 110 110 110 110 111 111 111 111 111 112 112 112 112 112 113 113 113 113 113 113 114 114 114 114 114 114 115 115 115 115 115 115 115 116 116 116 116 116 116 117 117 117 118 118 119 119 119 119 119 120 120 120 120 120 120 121 121 121 121 121 121 121 121 122 122 122 122 122 122 122 123 123 123 123 123 123 123 123 124 124 124 124 124 124 124 124 124 124 125 125 125 125 125 125 125 125 126 126 126 126 126 126 126 126 126 127 127 127 127 127 127 127 128 128 128 128 128 128 128 128 128 NA NA NA NA NA NA NA NA NA NA NA NA NA NA NA NA NA NA NA NA NA NA NA NA NA NA NA NA NA NA NA NA NA NA NA NA NA NA NA NA NA NA NA NA NA NA NA NA NA NA NA NA NA NA NA NA NA NA NA NA NA NA NA NA NA NA NA NA NA NA NA NA NA NA NA NA NA NA NA NA NA NA NA NA NA NA NA NA NA NA NA NA NA NA NA NA NA NA NA NA NA NA NA NA NA NA NA NA NA NA NA NA NA NA NA NA NA NA NA NA NA NA NA NA NA NA NA NA NA NA NA NA NA NA NA NA NA NA NA NA NA NA NA NA NA NA NA NA NA NA NA NA NA NA NA NA NA NA NA NA NA NA NA NA NA NA NA NA NA NA NA NA NA NA NA NA NA NA NA NA NA NA
NA NA NA NA NA NA NA NA NA NA NA NA NA NA NA NA NA NA NA NA NA NA NA NA NA NA NA NA NA NA NA NA NA NA NA NA NA NA NA 67 67 68 68 68 68 68 69 69 69 69 70 70 70 70 71 71 71 71 72 72 72 72 73 73 73 74 74 74 74 75 75 75 75 76 76 76 77 77 77 77 78 78 78 78 79 79 79 80 80 80 80 81 81 81 81 82 82 82 82 83 83 83 83 84 84 84 85 85 85 85 86 86 86 87 87 87 87 88 88 88 88 89 89 89 90 90 90 90 91 91 91 91 92 92 92 93 93 93 93 94 94 94 95 95 95 96 96 96 96 97 97 97 98 98 98 98 99 99 99 99 100 100 100 100 101 101 101 101 102 102 102 102 103 103 103 103 104 104 104 104 105 105 105 105 106 106 106 106 107 107 107 107 108 108 109 109 109 109 109 110 110 110 110 110 111 111 111 111 111 112 112 112 112 112 113 113 113 113 113 113 114 114 114 114 114 114 115 115 115 115 115 115 115 116 116 116 116 116 116 117 117 117 118 118 119 119 119 119 119 119 120 120 120 120 120 120 121 121 121 121 121 121 121 122 122 122 122 122 122 122 122 123 123 123 123 123 123 123 123 124 124 124 124 124 124 124 124 124 124 125 125 125 125 125 125 125 126 126 126 126 126 126 126 126 126 127 127 127 127 127 127 127 128 128 128 128 128 128 128 128 128 128 128 129 NA NA NA NA NA NA NA NA NA NA NA NA NA NA NA NA NA NA NA NA NA NA NA NA NA NA NA NA NA NA NA NA NA NA NA NA NA NA NA NA NA NA NA NA NA NA NA NA NA NA NA NA NA NA NA NA NA NA NA NA NA NA NA NA NA NA NA NA NA NA NA NA NA NA NA NA NA NA NA NA NA NA NA NA NA NA NA NA NA NA NA NA NA NA NA NA NA NA NA NA NA NA NA NA NA NA NA NA NA NA NA NA NA NA NA NA NA NA NA NA NA NA NA NA NA NA NA NA NA NA NA NA NA NA NA NA NA NA NA NA NA NA NA NA NA NA NA NA NA NA NA NA NA NA NA NA NA NA NA NA NA NA NA NA NA NA NA NA NA NA NA NA NA NA NA NA NA NA NA
NA NA NA NA NA NA NA NA NA NA NA NA NA NA NA NA NA NA NA NA NA NA NA NA NA NA NA NA NA NA NA NA NA NA NA NA NA 67 67 67 67 68 67 68 68 68 69 69 69 69 70 70 70 70 70 71 71 71 72 72 72 72 73 73 73 73 74 74 74 75 75 75 75 76 76 76 76 77 77 77 78 78 78 78 79 79 79 79 80 80 80 81 81 81 81 81 82 82 82 83 83 83 83 84 84 84 84 85 85 85 86 86 86 86 87 87 87 88 88 88 88 89 89 89 89 90 90 90 91 91 91 91 92 92 92 92 93 93 93 94 94 94 95 95 95 96 96 96 96 97 97 97 97 98 98 98 99 99 99 99 100 100 100 100 101 101 101 101 102 102 102 102 103 103 103 103 104 104 104 104 105 105 105 105 106 106 106 106 107 107 107 107 108 108 108 109 109 109 109 110 110 110 110 110 111 111 111 111 111 112 112 112 112 112 112 113 113 113 113 113 114 114 114 114 114 114 115 115 115 115 115 115 115 116 116 116 116 116 116 117 117 117 118 119 119 119 119 119 119 119 119 120 120 120 120 120 121 121 121 121 121 121 121 122 122 122 122 122 122 122 122 123 123 123 123 123 123 123 123 124 124 124 124 124 124 124 124 125 124 125 125 125 125 125 125 125 125 126 126 126 126 126 126 126 126 127 127 127 127 127 127 127 127 128 128 128 128 128 128 128 128 128 128 128 129 129 129 NA NA NA NA NA NA NA NA NA NA NA NA NA NA NA NA NA NA NA NA NA NA NA NA NA NA NA NA NA NA NA NA NA NA NA NA NA NA NA NA NA NA NA NA NA NA NA NA NA NA NA NA NA NA NA NA NA NA NA NA NA NA NA NA NA NA NA NA NA NA NA NA NA NA NA NA NA NA NA NA NA NA NA NA NA NA NA NA NA NA NA NA NA NA NA NA NA NA NA NA NA NA NA NA NA NA NA NA NA NA NA NA NA NA NA NA NA NA NA NA NA NA NA NA NA NA NA NA NA NA NA NA NA NA NA NA NA NA NA NA NA NA NA NA NA NA NA NA NA NA NA NA NA NA NA NA NA NA NA NA NA NA NA NA NA NA NA NA NA NA NA NA NA NA NA NA
NA NA NA NA NA NA NA NA NA NA NA NA NA NA NA NA NA NA NA NA NA NA NA NA NA NA NA NA NA NA NA NA NA NA 66 66 66 66 67 67 67 67 67 68 68 68 68 69 69 69 69 70 70 70 70 71 71 71 71 72 72 72 73 73 73 73 74 74 74 74 75 75 75 75 76 76 76 77 77 77 77 78 78 78 79 79 79 79 80 80 80 80 80 81 81 81 82 82 82 82 83 83 83 84 84 84 84 85 85 85 85 86 86 86 87 87 87 87 88 88 88 89 89 89 89 90 90 90 90 91 91 91 92 92 92 92 93 93 93 93 94 94 95 95 95 95 96 96 96 97 97 97 97 98 98 98 98 99 99 99 100 100 100 100 101 101 101 101 102 102 102 102 103 103 103 103 104 104 104 104 104 105 105 105 106 106 106 106 107 107 107 107 108 108 108 109 109 109 109 110 110 110 110 110 111 111 111 111 111 112 112 112 112 112 112 113 113 113 113 113 114 114 114 114 114 114 115 115 115 115 115 115 115 116 116 116 116 116 116 117 117 117 118 118 119 119 119 119 119 119 119 120 120 120 120 120 121 121 121 121 121 121 121 122 122 122 122 122 122 122 122 123 123 123 123 123 123 123 123 124 124 124 124 124 124 124 124 124 124 124 124 124 125 125 125 125 125 126 126 126 126 126 126 126 127 127 127 127 127 127 127 127 127 128 128 128 128 128 128 128 128 128 128 129 129 129 129 129 NA NA NA NA NA NA NA NA NA NA NA NA NA NA NA NA NA NA NA NA NA NA NA NA NA NA NA NA NA NA NA NA NA NA NA NA NA NA NA NA NA NA NA NA NA NA NA NA NA NA NA NA NA NA NA NA NA NA NA NA NA NA NA NA NA NA NA NA NA NA NA NA NA NA NA NA NA NA NA NA NA NA NA NA NA NA NA NA NA NA NA NA NA NA NA NA NA NA NA NA NA NA NA NA NA NA NA NA NA NA NA NA NA NA NA NA NA NA NA NA NA NA NA NA NA NA NA NA NA NA NA NA NA NA NA NA NA NA NA NA NA NA NA NA NA NA NA NA NA NA NA NA NA NA NA NA NA NA NA NA NA NA NA NA NA NA NA NA NA NA NA NA NA NA NA
NA NA NA NA NA NA NA NA NA NA NA NA NA NA NA NA NA NA NA NA NA NA NA NA 63 63 NA NA NA NA NA NA 65 65 65 66 66 66 66 67 67 67 67 NA NA 68 68 68 69 69 69 69 70 70 70 70 71 71 71 72 72 72 72 73 73 73 74 74 74 74 75 75 75 75 76 76 76 76 77 77 77 78 78 78 78 79 79 79 80 80 80 80 80 81 81 81 81 82 82 82 83 83 83 83 84 84 84 85 85 85 85 86 86 86 86 87 87 87 88 88 88 88 89 89 89 90 90 90 90 91 91 91 91 92 92 92 93 93 93 93 94 94 95 95 95 95 96 96 96 97 97 97 97 98 98 98 98 99 99 99 99 100 100 100 100 101 101 101 102 102 102 102 103 103 103 103 103 104 104 104 104 105 105 105 106 106 106 106 107 107 107 107 108 108 108 109 109 109 109 110 110 110 110 110 111 111 111 111 111 112 112 112 112 112 112 113 113 113 113 113 113 114 114 114 114 114 114 115 115 115 115 115 115 116 116 116 116 116 116 117 117 117 118 118 119 119 119 119 119 119 119 120 120 120 120 120 120 121 121 121 121 121 121 121 122 122 122 122 122 122 122 123 123 123 123 123 123 123 123 124 124 124 124 124 124 124 124 124 124 124 124 124 125 125 125 125 125 125 126 126 126 126 126 126 127 127 127 127 127 127 127 127 127 127 128 128 128 128 128 128 128 128 128 129 129 129 129 129 129 NA NA NA NA NA NA NA NA NA NA NA NA NA NA NA NA NA NA NA NA NA NA NA NA NA NA NA NA NA NA NA NA NA NA NA NA NA NA NA NA NA NA NA NA NA NA NA NA NA NA NA NA NA NA NA NA NA NA NA NA NA NA NA NA NA NA NA NA NA NA NA NA NA NA NA NA NA NA NA NA NA NA NA NA NA NA NA NA NA NA NA NA NA NA NA NA NA NA NA NA NA NA NA NA NA NA NA NA NA NA NA NA NA NA NA NA NA NA NA NA NA NA NA NA NA NA NA NA NA NA NA NA NA NA NA NA NA NA NA NA NA NA NA NA NA NA NA NA NA NA NA NA NA NA NA NA NA NA NA NA NA NA NA NA NA NA NA NA NA NA NA NA NA NA
NA NA NA NA NA NA NA NA NA NA NA NA NA NA NA NA NA NA NA NA NA NA 62 63 63 63 63 NA NA NA NA NA 65 65 65 66 66 66 66 67 67 NA NA NA NA NA 68 68 69 69 69 69 NA 70 70 70 71 71 71 71 72 72 72 73 73 73 73 74 74 74 74 75 75 75 76 76 76 76 77 77 77 78 78 78 78 79 79 79 79 80 80 80 80 81 81 81 81 82 82 82 82 83 83 83 84 84 84 84 85 85 85 86 86 86 86 87 87 87 87 88 88 88 89 89 89 89 90 90 90 91 91 91 91 92 92 92 92 93 93 93 94 94 95 95 95 95 96 96 96 96 97 97 97 98 98 98 98 99 99 99 99 100 100 100 100 101 101 101 101 102 102 102 103 103 103 103 103 104 104 104 105 105 105 105 105 106 106 106 107 107 107 107 108 108 108 109 109 109 109 110 110 110 110 110 111 111 111 111 111 112 112 112 112 112 112 113 113 113 113 113 113 114 114 114 114 114 114 115 115 115 115 115 115 115 116 116 116 116 116 116 117 117 118 118 119 119 119 119 119 119 119 119 120 120 120 120 120 120 121 121 121 121 121 121 122 122 122 122 122 122 122 123 123 123 123 123 123 123 123 124 124 124 124 124 124 124 124 124 124 124 124 124 125 125 125 125 125 125 126 126 126 126 126 126 126 126 127 127 127 127 127 127 127 127 127 127 128 128 128 128 128 128 128 128 129 129 129 129 129 NA NA NA NA NA NA NA NA NA NA NA NA NA NA NA NA NA NA NA NA NA NA NA NA NA NA NA NA NA NA NA NA NA NA NA NA NA NA NA NA NA NA NA NA NA NA NA NA NA NA NA NA NA NA NA NA NA NA NA NA NA NA NA NA NA NA NA NA NA NA NA NA NA NA NA NA NA NA NA NA NA NA NA NA NA NA NA NA NA NA NA NA NA NA NA NA NA NA NA NA NA NA NA NA NA NA NA NA NA NA NA NA NA NA NA NA NA NA NA NA NA NA NA NA NA NA NA NA NA NA NA NA NA NA NA NA NA NA NA NA NA NA NA NA NA NA NA NA NA NA NA NA NA NA NA NA NA NA NA NA NA NA NA NA NA NA NA NA NA NA NA NA NA NA
NA NA NA NA NA NA NA NA NA NA NA NA NA NA NA NA NA NA NA NA NA 62 62 62 63 63 63 63 64 NA NA 64 65 65 65 65 66 66 66 66 NA NA NA NA NA NA NA 68 68 69 NA NA NA NA NA NA NA NA NA NA 72 72 72 72 73 73 73 74 74 74 74 75 75 75 75 76 76 76 77 77 77 77 78 78 78 78 79 79 79 80 80 80 80 80 81 81 81 82 82 82 82 83 83 83 83 84 84 84 85 85 85 85 86 86 86 87 87 87 87 88 88 88 89 89 89 89 90 90 90 90 91 91 91 92 92 92 92 93 93 93 93 94 94 95 95 95 96 96 96 96 97 97 97 97 98 98 98 99 99 99 99 100 100 100 100 101 101 101 101 102 102 102 102 103 103 103 103 104 104 104 104 105 105 105 105 106 106 106 106 107 107 107 108 108 109 109 109 109 109 110 110 110 110 110 111 111 111 111 111 112 112 112 112 112 112 113 113 113 113 113 113 114 114 114 114 114 114 115 115 115 115 115 115 115 116 116 116 116 116 116 117 117 118 118 118 119 119 119 119 119 119 120 120 120 120 120 120 120 121 121 121 121 121 121 122 122 122 122 122 122 122 123 123 123 123 123 123 123 123 124 124 124 124 124 124 124 124 124 124 124 124 124 125 125 125 125 125 125 126 126 126 126 126 126 126 126 126 126 127 127 127 127 127 127 127 127 127 128 128 128 128 128 128 128 128 129 128 129 129 NA NA NA NA NA NA NA NA NA NA NA NA NA NA NA NA NA NA NA NA NA NA NA NA NA NA NA NA NA NA NA NA NA NA NA NA NA NA NA NA NA NA NA NA NA NA NA NA NA NA NA NA NA NA NA NA NA NA NA NA NA NA NA NA NA NA NA NA NA NA NA NA NA NA NA NA NA NA NA NA NA NA NA NA NA NA NA NA NA NA NA NA NA NA NA NA NA NA NA NA NA NA NA NA NA NA NA NA NA NA NA NA NA NA NA NA NA NA NA NA NA NA NA NA NA NA NA NA NA NA NA NA NA NA NA NA NA NA NA NA NA NA NA NA NA NA NA NA NA NA NA NA NA NA NA NA NA NA NA NA NA NA NA NA NA NA NA NA NA NA NA NA NA NA
NA NA NA NA NA NA NA NA NA NA NA NA NA NA NA NA NA NA NA NA NA 62 62 62 63 63 63 63 64 64 64 64 65 65 65 65 66 NA NA NA NA NA NA NA NA NA NA NA NA NA NA NA NA NA NA NA NA NA NA NA NA NA 72 72 73 73 73 73 74 74 74 75 75 75 75 76 76 76 76 77 77 77 78 78 78 78 79 79 79 79 80 80 80 80 81 81 81 81 82 82 82 83 83 83 83 84 84 84 85 85 85 85 86 86 86 86 87 87 87 88 88 88 88 89 89 89 90 90 90 90 91 91 91 91 92 92 92 93 93 93 93 94 94 95 95 95 95 96 96 96 97 97 97 97 98 98 98 99 99 99 99 100 100 100 100 101 101 101 101 102 102 102 102 103 103 103 103 104 104 104 104 105 105 105 105 106 106 106 106 107 107 107 108 108 108 109 109 109 109 110 110 110 110 110 111 111 111 111 111 112 112 112 112 112 112 113 113 113 113 113 113 114 114 114 114 114 114 115 115 115 115 115 115 115 116 116 116 116 116 116 117 117 118 118 118 119 119 119 119 119 119 120 120 120 120 120 120 120 120 121 121 121 121 121 121 122 122 122 122 122 122 122 123 123 123 123 123 123 123 123 124 124 124 124 124 124 124 124 124 124 124 124 125 125 125 125 125 125 126 126 126 126 126 126 126 126 126 127 127 127 127 127 127 127 127 127 127 127 128 128 128 128 128 128 128 129 129 129 129 NA NA NA NA NA NA NA NA NA NA NA NA NA NA NA NA NA NA NA NA NA NA NA NA NA NA NA NA NA NA NA NA NA NA NA NA NA NA NA NA NA NA NA NA NA NA NA NA NA NA NA NA NA NA NA NA NA NA NA NA NA NA NA NA NA NA NA NA NA NA NA NA NA NA NA NA NA NA NA NA NA NA NA NA NA NA NA NA NA NA NA NA NA NA NA NA NA NA NA NA NA NA NA NA NA NA NA NA NA NA NA NA NA NA NA NA NA NA NA NA NA NA NA NA NA NA NA NA NA NA NA NA NA NA NA NA NA NA NA NA NA NA NA NA NA NA NA NA NA NA NA NA NA NA NA NA NA NA NA NA NA NA NA NA NA NA NA NA NA NA NA NA NA NA
NA NA NA NA NA NA NA NA NA NA NA NA NA NA NA NA NA NA NA NA NA NA 62 62 62 63 63 63 63 64 64 64 64 65 65 65 NA NA NA NA NA NA NA NA NA NA NA NA NA NA NA NA NA NA NA NA NA NA NA NA NA NA NA NA 72 73 73 73 74 74 74 74 75 75 75 75 76 76 76 77 77 77 77 78 78 78 79 79 79 79 80 80 80 80 81 81 81 81 82 82 82 82 83 83 83 84 84 84 84 85 85 85 86 86 86 86 87 87 87 87 88 88 88 89 89 89 89 90 90 90 91 91 91 91 92 92 92 93 93 93 93 94 94 95 95 95 95 96 96 96 97 97 97 97 98 98 98 98 99 99 99 100 100 100 100 101 101 101 101 102 102 102 102 103 103 103 103 104 104 104 104 105 105 105 105 106 106 106 106 107 107 107 108 108 108 109 109 109 109 110 110 110 110 110 111 111 111 111 111 111 112 112 112 112 112 113 113 113 113 113 113 114 114 114 114 114 114 115 115 115 115 115 115 115 116 116 116 116 116 116 116 117 118 118 118 119 119 119 119 119 119 119 120 120 120 120 120 120 120 121 121 121 121 121 121 121 122 122 122 122 122 122 123 123 123 123 123 123 123 123 123 124 124 124 124 124 124 124 124 124 124 124 125 125 125 125 125 125 126 126 126 126 126 126 126 126 126 127 127 127 127 127 127 127 127 127 127 128 128 128 128 128 128 128 128 129 NA NA NA NA NA NA NA NA NA NA NA NA NA NA NA NA NA NA NA NA NA NA NA NA NA NA NA NA NA NA NA NA NA NA NA NA NA NA NA NA NA NA NA NA NA NA NA NA NA NA NA NA NA NA NA NA NA NA NA NA NA NA NA NA NA NA NA NA NA NA NA NA NA NA NA NA NA NA NA NA NA NA NA NA NA NA NA NA NA NA NA NA NA NA NA NA NA NA NA NA NA NA NA NA NA NA NA NA NA NA NA NA NA NA NA NA NA NA NA NA NA NA NA NA NA NA NA NA NA NA NA NA NA NA NA NA NA NA NA NA NA NA NA NA NA NA NA NA NA NA NA NA NA NA NA NA NA NA NA NA NA NA NA NA NA NA NA NA NA NA NA NA NA NA NA NA NA
NA NA NA NA NA NA NA NA NA NA NA NA NA NA NA NA NA NA NA NA NA NA NA 62 62 62 63 63 63 64 64 64 64 NA NA NA NA NA NA NA NA NA NA NA NA NA NA NA NA NA NA NA NA NA NA NA NA NA NA NA NA NA NA NA NA NA 73 73 73 74 74 74 75 75 75 75 76 76 76 76 77 77 77 78 78 78 78 79 79 79 80 80 80 80 80 81 81 81 82 82 82 82 83 83 83 84 84 84 84 85 85 85 85 86 86 86 87 87 87 87 88 88 88 89 89 89 89 90 90 90 90 91 91 91 92 92 92 92 93 93 93 94 94 95 95 95 95 96 96 96 96 97 97 97 98 98 98 98 99 99 99 99 100 100 100 100 101 101 101 102 102 102 102 103 103 103 103 104 104 104 104 105 105 105 105 106 106 106 106 107 107 107 108 108 108 109 109 109 109 110 110 110 110 110 111 111 111 111 111 111 112 112 112 112 112 112 113 113 113 113 113 114 114 114 114 114 114 115 115 115 115 115 115 115 116 116 116 116 116 116 116 117 118 118 118 118 119 119 119 119 119 119 120 120 120 120 120 120 120 120 121 121 121 121 121 121 122 122 122 122 122 122 123 123 123 123 123 123 123 123 123 124 124 124 124 124 124 124 124 124 124 125 125 125 125 125 125 125 125 125 125 126 126 126 126 126 126 127 127 127 127 127 127 127 127 127 127 128 128 128 128 128 128 NA NA NA NA NA NA NA NA NA NA NA NA NA NA NA NA NA NA NA NA NA NA NA NA NA NA NA NA NA NA NA NA NA NA NA NA NA NA NA NA NA NA NA NA NA NA NA NA NA NA NA NA NA NA NA NA NA NA NA NA NA NA NA NA NA NA NA NA NA NA NA NA NA NA NA NA NA NA NA NA NA NA NA NA NA NA NA NA NA NA NA NA NA NA NA NA NA NA NA NA NA NA NA NA NA NA NA NA NA NA NA NA NA NA NA NA NA NA NA NA NA NA NA NA NA NA NA NA NA NA NA NA NA NA NA NA NA NA NA NA NA NA NA NA NA NA NA NA NA NA NA NA NA NA NA NA NA NA NA NA NA NA NA NA NA NA NA NA NA NA NA NA NA NA NA NA NA NA NA NA
NA NA NA NA NA NA NA NA NA NA NA NA NA NA NA NA NA NA NA NA NA NA NA NA 62 62 63 63 63 63 64 64 NA NA NA NA NA NA NA NA NA NA NA NA NA NA NA NA NA NA NA NA NA NA NA NA NA NA NA NA NA NA NA NA NA NA 73 73 73 74 74 74 74 75 75 75 76 76 76 76 77 77 77 77 78 78 78 79 79 79 79 80 80 80 80 81 81 81 81 82 82 82 83 83 83 83 84 84 84 84 85 85 85 86 86 86 86 87 87 87 88 88 88 88 89 89 89 90 90 90 90 91 91 91 92 92 92 92 93 93 93 93 94 94 95 95 95 96 96 96 96 97 97 97 97 98 98 98 99 99 99 99 100 100 100 100 101 101 101 102 102 102 102 103 103 103 103 104 104 104 104 105 105 105 105 106 106 106 106 107 107 107 108 108 108 109 109 109 109 110 110 110 110 110 111 111 111 111 111 111 112 112 112 112 112 112 113 113 113 113 113 113 114 114 114 114 114 114 115 115 115 115 115 115 116 116 116 116 116 116 116 117 118 118 118 118 119 119 119 119 119 119 119 120 120 120 120 120 120 120 121 121 121 121 121 121 121 122 122 122 122 122 122 123 123 123 123 123 123 123 123 124 124 124 124 124 124 124 124 124 124 125 125 125 125 125 125 125 125 125 126 126 126 126 126 126 126 126 127 127 127 127 NA 127 127 NA NA 127 NA 127 NA NA NA NA NA NA NA NA NA NA NA NA NA NA NA NA NA NA NA NA NA NA NA NA NA NA NA NA NA NA NA NA NA NA NA NA NA NA NA NA NA NA NA NA NA NA NA NA NA NA NA NA NA NA NA NA NA NA NA NA NA NA NA NA NA NA NA NA NA NA NA NA NA NA NA NA NA NA NA NA NA NA NA NA NA NA NA NA NA NA NA NA NA NA NA NA NA NA NA NA NA NA NA NA NA NA NA NA NA NA NA NA NA NA NA NA NA NA NA NA NA NA NA NA NA NA NA NA NA NA NA NA NA NA NA NA NA NA NA NA NA NA NA NA NA NA NA NA NA NA NA NA NA NA NA NA NA NA NA NA NA NA NA NA NA NA NA NA NA NA NA NA NA NA NA NA NA NA NA NA NA NA NA
NA NA NA NA NA NA NA NA NA NA NA NA NA NA NA NA NA NA NA NA NA NA NA NA 62 62 62 63 63 63 NA NA NA NA NA NA NA NA NA NA NA NA NA NA NA NA NA NA NA NA NA NA NA NA NA NA NA NA NA NA NA NA NA NA NA 72 73 73 73 73 74 74 74 75 75 75 75 76 76 76 77 77 77 77 78 78 78 78 79 79 79 80 80 80 80 81 81 81 81 82 82 82 82 83 83 83 84 84 84 84 85 85 85 86 86 86 86 87 87 87 88 88 88 88 89 89 89 89 90 90 90 91 91 91 91 92 92 92 93 93 93 93 94 94 95 95 95 95 96 96 96 97 97 97 97 98 98 98 99 99 99 99 100 100 100 100 101 101 101 101 102 102 102 103 103 103 103 104 104 104 104 105 105 105 105 106 106 106 106 107 107 107 108 108 108 109 109 109 109 110 110 110 110 110 111 111 111 111 111 111 112 112 112 112 112 112 113 113 113 113 113 113 114 114 114 114 114 114 115 115 115 115 115 115 116 116 116 116 116 116 116 117 118 118 118 118 119 119 119 119 119 119 119 120 120 120 120 120 120 120 121 121 121 121 121 121 121 122 122 122 122 122 122 123 123 123 123 123 123 123 123 123 124 124 124 124 124 124 124 124 124 125 125 125 125 125 125 125 125 125 126 126 126 126 126 126 NA NA NA NA NA NA NA NA NA NA NA NA NA NA NA NA NA NA NA NA NA NA NA NA NA NA NA NA NA NA NA NA NA NA NA NA NA NA NA NA NA NA NA NA NA NA NA NA NA NA NA NA NA NA NA NA NA NA NA NA NA NA NA NA NA NA NA NA NA NA NA NA NA NA NA NA NA NA NA NA NA NA NA NA NA NA NA NA NA NA NA NA NA NA NA NA NA NA NA NA NA NA NA NA NA NA NA NA NA NA NA NA NA NA NA NA NA NA NA NA NA NA NA NA NA NA NA NA NA NA NA NA NA NA NA NA NA NA NA NA NA NA NA NA NA NA NA NA NA NA NA NA NA NA NA NA NA NA NA NA NA NA NA NA NA NA NA NA NA NA NA NA NA NA NA NA NA NA NA NA NA NA NA NA NA NA NA NA NA NA NA NA NA NA NA NA NA
NA NA NA NA NA NA NA NA NA NA NA NA NA NA NA NA NA NA NA NA NA NA NA NA NA NA NA NA NA NA NA NA NA NA NA NA NA NA NA NA NA NA NA NA NA NA NA NA NA NA NA NA NA NA NA NA NA NA NA NA NA NA NA NA 72 72 73 73 73 73 74 74 74 74 75 75 75 76 76 76 76 77 77 77 78 78 78 78 79 79 79 80 80 80 80 80 81 81 81 82 82 82 82 83 83 83 83 84 84 84 85 85 85 85 86 86 86 87 87 87 87 88 88 88 89 89 89 89 90 90 90 91 91 91 91 92 92 92 92 93 93 93 94 94 95 95 95 95 96 96 96 97 97 97 97 98 98 98 98 99 99 99 100 100 100 100 101 101 101 101 102 102 102 102 103 103 103 103 104 104 104 105 105 105 105 106 106 106 106 107 107 107 108 108 108 109 109 109 109 110 110 110 110 110 111 111 111 111 111 111 111 111 112 112 112 112 113 113 113 113 113 113 114 114 114 114 114 114 115 115 115 115 115 115 116 116 116 116 116 116 116 117 118 118 118 118 119 119 119 119 119 119 119 120 120 120 120 120 120 120 121 121 121 121 121 121 121 121 122 122 122 122 122 122 123 123 123 123 123 123 123 123 123 124 124 124 124 124 124 124 125 125 125 125 125 125 125 125 125 125 126 126 126 126 126 NA NA NA NA NA NA NA NA NA NA NA NA NA NA NA NA NA NA NA NA NA NA NA NA NA NA NA NA NA NA NA NA NA NA NA NA NA NA NA NA NA NA NA NA NA NA NA NA NA NA NA NA NA NA NA NA NA NA NA NA NA NA NA NA NA NA NA NA NA NA NA NA NA NA NA NA NA NA NA NA NA NA NA NA NA NA NA NA NA NA NA NA NA NA NA NA NA NA NA NA NA NA NA NA NA NA NA NA NA NA NA NA NA NA NA NA NA NA NA NA NA NA NA NA NA NA NA NA NA NA NA NA NA NA NA NA NA NA NA NA NA NA NA NA NA NA NA NA NA NA NA NA NA NA NA NA NA NA NA NA NA NA NA NA NA NA NA NA NA NA NA NA NA NA NA NA NA NA NA NA NA NA NA NA NA NA NA NA NA NA NA NA NA NA NA NA NA NA
NA NA NA NA NA NA NA NA NA NA NA NA NA NA NA NA NA NA NA NA NA NA NA NA NA NA NA NA NA NA NA NA NA NA NA NA NA NA NA NA NA NA NA NA NA NA NA NA NA NA NA NA NA NA NA NA NA NA NA NA NA NA NA NA 72 72 72 73 73 73 74 74 74 74 75 75 75 75 76 76 76 77 77 77 77 78 78 78 79 79 79 79 79 80 80 80 81 81 81 81 82 82 82 83 83 83 83 84 84 84 84 85 85 85 86 86 86 87 87 87 87 88 88 88 88 89 89 89 90 90 90 90 91 91 91 92 92 92 92 93 93 93 94 94 95 95 95 95 96 96 96 96 97 97 97 98 98 98 98 99 99 99 99 100 100 100 101 101 101 101 102 102 102 102 103 103 103 103 104 104 104 105 105 105 105 106 106 106 106 107 107 107 108 108 108 109 109 109 109 110 110 110 110 110 111 111 111 111 111 111 111 111 111 112 112 112 113 113 113 113 113 113 114 114 114 114 114 114 115 115 115 115 115 115 115 116 116 116 116 116 116 117 118 118 118 118 119 119 119 119 119 119 119 120 120 120 120 120 120 120 121 121 121 121 121 121 121 121 122 122 122 122 122 122 122 123 123 123 123 123 123 123 123 124 124 124 124 124 124 124 124 125 125 125 125 125 125 125 125 126 126 126 126 126 126 NA NA NA NA NA NA NA NA NA NA NA NA NA NA NA NA NA NA NA NA NA NA NA NA NA NA NA NA NA NA NA NA NA NA NA NA NA NA NA NA NA NA NA NA NA NA NA NA NA NA NA NA NA NA NA NA NA NA NA NA NA NA NA NA NA NA NA NA NA NA NA NA NA NA NA NA NA NA NA NA NA NA NA NA NA NA NA NA NA NA NA NA NA NA NA NA NA NA NA NA NA NA NA NA NA NA NA NA NA NA NA NA NA NA NA NA NA NA NA NA NA NA NA NA NA NA NA NA NA NA NA NA NA NA NA NA NA NA NA NA NA NA NA NA NA NA NA NA NA NA NA NA NA NA NA NA NA NA NA NA NA NA NA NA NA NA NA NA NA NA NA NA NA NA NA NA NA NA NA NA NA NA NA NA NA NA NA NA NA NA NA NA NA NA NA NA NA NA
NA NA NA NA NA NA NA NA NA NA NA NA NA NA NA NA NA NA NA NA NA NA NA NA NA NA NA NA NA NA NA NA NA NA NA NA NA NA NA NA NA NA NA NA NA NA NA NA NA NA NA NA NA NA NA NA NA NA NA NA NA NA NA NA 72 72 72 73 73 73 73 74 74 74 75 75 75 75 76 76 76 76 77 77 77 78 78 78 78 79 79 79 79 80 80 80 81 81 81 81 82 82 82 82 83 83 83 84 84 84 84 85 85 85 86 86 86 86 87 87 87 88 88 88 88 89 89 89 89 90 90 90 91 91 91 91 92 92 92 93 93 93 94 94 94 95 95 95 96 96 96 96 97 97 97 97 98 98 98 99 99 99 99 100 100 100 100 101 101 101 101 102 102 102 103 103 103 103 104 104 104 104 105 105 105 106 106 106 106 107 107 107 108 108 108 109 109 109 109 109 110 110 110 110 110 111 111 111 111 111 111 111 111 112 112 112 112 113 113 113 113 113 114 114 114 114 114 114 115 115 115 115 115 115 115 116 116 116 116 116 116 116 118 118 118 118 119 119 119 119 119 119 119 120 120 120 120 120 120 120 121 121 121 121 121 121 121 121 122 122 122 122 122 122 122 122 123 123 123 123 123 123 123 124 124 124 124 124 124 124 124 125 125 125 125 125 125 125 125 125 126 126 126 126 126 NA NA NA NA NA NA NA NA NA NA NA NA NA NA NA NA NA NA NA NA NA NA NA NA NA NA NA NA NA NA NA NA NA NA NA NA NA NA NA NA NA NA NA NA NA NA NA NA NA NA NA NA NA NA NA NA NA NA NA NA NA NA NA NA NA NA NA NA NA NA NA NA NA NA NA NA NA NA NA NA NA NA NA NA NA NA NA NA NA NA NA NA NA NA NA NA NA NA NA NA NA NA NA NA NA NA NA NA NA NA NA NA NA NA NA NA NA NA NA NA NA NA NA NA NA NA NA NA NA NA NA NA NA NA NA NA NA NA NA NA NA NA NA NA NA NA NA NA NA NA NA NA NA NA NA NA NA NA NA NA NA NA NA NA NA NA NA NA NA NA NA NA NA NA NA NA NA NA NA NA NA NA NA NA NA NA NA NA NA NA NA NA NA NA NA NA NA NA
NA NA NA NA NA NA NA NA NA NA NA NA NA NA NA NA NA NA NA NA NA NA NA NA NA NA NA NA NA NA NA NA NA NA NA NA NA NA NA NA NA NA NA NA NA NA NA NA NA NA NA NA NA NA NA NA NA NA NA NA NA NA NA NA 72 72 72 72 73 73 73 74 74 74 74 75 75 75 76 76 76 76 77 77 77 78 78 78 78 79 79 79 79 80 80 80 80 81 81 81 81 82 82 82 83 83 83 83 84 84 84 85 85 85 85 86 86 86 87 87 87 87 88 88 88 89 89 89 89 90 90 90 91 91 91 91 92 92 92 93 93 93 94 94 94 95 95 95 95 96 96 96 97 97 97 97 98 98 98 98 99 99 99 100 100 100 100 101 101 101 101 102 102 102 103 103 103 103 104 104 104 104 105 105 105 105 106 106 106 106 107 107 108 108 108 109 109 109 109 109 109 110 110 110 110 110 110 110 111 111 111 111 111 111 112 112 112 113 113 113 113 113 113 114 114 114 114 114 114 115 115 115 115 115 115 116 116 116 116 116 116 116 118 118 118 118 118 119 119 119 119 119 119 120 120 120 120 120 120 120 120 121 121 121 121 121 121 121 122 122 122 122 122 122 122 122 122 123 123 123 123 123 123 124 124 124 124 124 124 124 124 125 125 125 125 125 125 125 125 125 126 126 126 126 126 NA NA NA NA NA NA NA NA NA NA NA NA NA NA NA NA NA NA NA NA NA NA NA NA NA NA NA NA NA NA NA NA NA NA NA NA NA NA NA NA NA NA NA NA NA NA NA NA NA NA NA NA NA NA NA NA NA NA NA NA NA NA NA NA NA NA NA NA NA NA NA NA NA NA NA NA NA NA NA NA NA NA NA NA NA NA NA NA NA NA NA NA NA NA NA NA NA NA NA NA NA NA NA NA NA NA NA NA NA NA NA NA NA NA NA NA NA NA NA NA NA NA NA NA NA NA NA NA NA NA NA NA NA NA NA NA NA NA NA NA NA NA NA NA NA NA NA NA NA NA NA NA NA NA NA NA NA NA NA NA NA NA NA NA NA NA NA NA NA NA NA NA NA NA NA NA NA NA NA NA NA NA NA NA NA NA NA NA NA NA NA NA NA NA NA NA NA NA
NA NA NA NA NA NA NA NA NA NA NA NA NA NA NA NA NA NA NA NA NA NA NA NA NA NA NA NA NA NA NA NA NA NA NA NA NA NA NA NA NA NA NA NA NA NA NA NA NA NA NA NA NA NA NA NA NA NA NA NA 70 71 71 71 72 72 72 72 73 73 73 73 74 74 74 75 75 75 75 76 76 76 77 77 77 77 78 78 78 79 79 79 79 79 80 80 80 81 81 81 81 82 82 82 83 83 83 83 84 84 84 85 85 85 85 86 86 86 87 87 87 87 88 88 88 88 89 89 89 90 90 90 90 91 91 91 92 92 92 92 93 93 94 94 94 95 95 95 95 96 96 96 97 97 97 97 98 98 98 98 99 99 99 99 100 100 100 101 101 101 101 102 102 102 103 103 103 103 104 104 104 104 105 105 105 105 106 106 106 106 107 107 108 108 108 109 109 109 109 109 109 109 110 110 110 110 110 110 111 111 111 111 111 111 112 112 112 113 113 113 113 113 113 114 114 114 114 114 114 115 115 115 115 115 115 116 116 116 116 116 116 116 118 118 118 118 118 119 119 119 119 119 119 119 120 120 120 120 120 120 120 121 121 121 121 121 121 121 121 122 122 122 122 122 122 122 122 123 123 123 123 123 123 123 124 124 124 124 124 124 124 124 125 125 125 125 125 125 125 125 126 126 125 126 126 126 NA NA NA NA NA NA NA NA NA NA NA NA NA NA NA NA NA NA NA NA NA NA NA NA NA NA NA NA NA NA NA NA NA NA NA NA NA NA NA NA NA NA NA NA NA NA NA NA NA NA NA NA NA NA NA NA NA NA NA NA NA NA NA NA NA NA NA NA NA NA NA NA NA NA NA NA NA NA NA NA NA NA NA NA NA NA NA NA NA NA NA NA NA NA NA NA NA NA NA NA NA NA NA NA NA NA NA NA NA NA NA NA NA NA NA NA NA NA NA NA NA NA NA NA NA NA NA NA NA NA NA NA NA NA NA NA NA NA NA NA NA NA NA NA NA NA NA NA NA NA NA NA NA NA NA NA NA NA NA NA NA NA NA NA NA NA NA NA NA NA NA NA NA NA NA NA NA NA NA NA NA NA NA NA NA NA NA NA NA NA NA NA NA NA NA NA NA
NA NA NA NA NA NA NA NA NA NA NA NA NA NA NA NA NA NA NA NA NA NA NA NA NA NA NA NA NA NA NA NA NA NA NA NA NA NA NA NA NA NA NA NA NA NA NA NA NA NA NA NA NA NA NA NA NA NA NA NA NA 71 71 71 71 72 72 72 73 73 73 73 74 74 74 74 75 75 75 76 76 76 76 77 77 77 78 78 78 78 79 79 79 79 80 80 80 80 81 81 81 82 82 82 82 83 83 83 84 84 84 84 85 85 85 86 86 86 86 87 87 87 88 88 88 88 89 89 89 89 90 90 90 91 91 91 92 92 92 92 93 93 94 94 94 95 95 95 95 96 96 96 96 97 97 97 98 98 98 98 99 99 99 99 100 100 100 101 101 101 101 102 102 102 102 103 103 103 104 104 104 104 105 105 105 105 106 106 106 106 107 107 108 108 108 108 109 109 109 109 109 110 110 110 110 110 110 111 111 111 111 111 111 111 112 112 112 112 113 113 113 113 113 114 114 114 114 114 114 114 115 115 115 115 115 115 116 116 116 116 116 116 118 118 118 118 118 119 119 119 119 119 119 119 120 120 120 120 120 120 120 121 121 121 121 121 121 121 121 122 122 122 122 122 122 122 123 123 123 123 123 123 123 123 124 124 124 124 124 124 124 124 125 125 125 125 125 125 125 125 125 125 126 126 126 126 126 125 NA NA NA NA NA NA NA NA NA NA NA NA NA NA NA NA NA NA NA NA NA NA NA NA NA NA NA NA NA NA NA NA NA NA NA NA NA NA NA NA NA NA NA NA NA NA NA NA NA NA NA NA NA NA NA NA NA NA NA NA NA NA NA NA NA NA NA NA NA NA NA NA NA NA NA NA NA NA NA NA NA NA NA NA NA NA NA NA NA NA NA NA NA NA NA NA NA NA NA NA NA NA NA NA NA NA NA NA NA NA NA NA NA NA NA NA NA NA NA NA NA NA NA NA NA NA NA NA NA NA NA NA NA NA NA NA NA NA NA NA NA NA NA NA NA NA NA NA NA NA NA NA NA NA NA NA NA NA NA NA NA NA NA NA NA NA NA NA NA NA NA NA NA NA NA NA NA NA NA NA NA NA NA NA NA NA NA NA NA NA NA NA NA NA NA
NA NA NA NA NA NA NA NA NA NA NA NA NA NA NA NA NA NA NA NA NA NA NA NA NA NA NA NA NA NA NA NA NA NA NA NA NA NA NA NA NA NA NA NA NA NA NA NA NA NA NA NA NA NA NA NA NA NA NA 70 70 70 71 71 71 72 72 72 72 73 73 73 74 74 74 74 75 75 75 76 76 76 76 77 77 77 77 78 78 78 79 79 79 79 79 80 80 80 81 81 81 81 82 82 82 83 83 83 83 84 84 84 85 85 85 85 86 86 86 87 87 87 87 88 88 88 89 89 89 89 90 90 90 91 91 91 91 92 92 92 93 93 94 94 94 94 95 95 95 96 96 96 96 97 97 97 97 98 98 98 99 99 99 99 100 100 100 100 101 101 101 102 102 102 102 103 103 103 103 104 104 104 104 105 105 105 105 106 106 106 107 107 108 108 108 108 109 109 109 109 109 110 110 110 110 110 111 111 111 111 111 111 111 111 112 112 112 112 113 113 113 113 113 113 114 114 114 114 114 114 115 115 115 115 115 115 116 116 116 116 116 116 118 118 118 118 118 119 119 119 119 119 119 119 120 120 120 120 120 120 120 121 121 121 121 121 121 121 121 122 122 122 122 122 122 122 122 123 123 123 123 123 123 123 123 124 124 124 124 124 124 124 125 125 125 125 125 125 125 125 125 125 125 126 126 126 126 126 NA NA NA NA NA NA NA NA NA NA NA NA NA NA NA NA NA NA NA NA NA NA NA NA NA NA NA NA NA NA NA NA NA NA NA NA NA NA NA NA NA NA NA NA NA NA NA NA NA NA NA NA NA NA NA NA NA NA NA NA NA NA NA NA NA NA NA NA NA NA NA NA NA NA NA NA NA NA NA NA NA NA NA NA NA NA NA NA NA NA NA NA NA NA NA NA NA NA NA NA NA NA NA NA NA NA NA NA NA NA NA NA NA NA NA NA NA NA NA NA NA NA NA NA NA NA NA NA NA NA NA NA NA NA NA NA NA NA NA NA NA NA NA NA NA NA NA NA NA NA NA NA NA NA NA NA NA NA NA NA NA NA NA NA NA NA NA NA NA NA NA NA NA NA NA NA NA NA NA NA NA NA NA NA NA NA NA NA NA NA NA NA NA NA NA
NA NA NA NA NA NA NA NA NA NA NA NA NA NA NA NA NA NA NA NA NA NA NA NA NA NA NA NA NA NA NA NA NA NA NA NA NA NA NA NA NA NA NA NA NA NA NA NA NA NA NA NA NA NA NA NA NA NA NA NA 70 70 71 71 71 71 72 72 72 73 73 73 73 74 74 74 75 75 75 75 76 76 76 77 77 77 77 78 78 78 79 79 79 79 79 80 80 80 81 81 81 81 82 82 82 82 83 83 83 84 84 84 85 85 85 85 86 86 86 87 87 87 87 88 88 88 88 89 89 89 90 90 90 91 91 91 91 92 92 92 92 93 94 94 94 94 95 95 95 95 96 96 96 97 97 97 97 98 98 98 98 99 99 99 100 100 100 100 101 101 101 101 102 102 102 103 103 103 103 104 104 104 104 105 105 105 105 106 106 106 107 107 108 108 108 108 108 109 109 109 109 110 110 110 110 110 110 111 111 111 111 111 111 112 111 112 112 112 113 113 113 113 113 113 114 114 114 114 114 114 115 115 115 115 115 115 116 116 116 116 116 116 118 118 118 118 118 118 119 119 119 119 119 119 120 120 120 120 120 120 120 121 121 121 121 121 121 121 121 122 122 122 122 122 122 122 122 123 123 123 123 123 123 123 123 124 124 124 124 124 124 124 124 125 125 125 125 125 125 125 125 125 125 125 125 126 126 126 126 NA NA NA NA NA NA NA NA NA NA NA NA NA NA NA NA NA NA NA NA NA NA NA NA NA NA NA NA NA NA NA NA NA NA NA NA NA NA NA NA NA NA NA NA NA NA NA NA NA NA NA NA NA NA NA NA NA NA NA NA NA NA NA NA NA NA NA NA NA NA NA NA NA NA NA NA NA NA NA NA NA NA NA NA NA NA NA NA NA NA NA NA NA NA NA NA NA NA NA NA NA NA NA NA NA NA NA NA NA NA NA NA NA NA NA NA NA NA NA NA NA NA NA NA NA NA NA NA NA NA NA NA NA NA NA NA NA NA NA NA NA NA NA NA NA NA NA NA NA NA NA NA NA NA NA NA NA NA NA NA NA NA NA NA NA NA NA NA NA NA NA NA NA NA NA NA NA NA NA NA NA NA NA NA NA NA NA NA NA NA NA NA NA NA
NA NA NA NA NA NA NA NA NA NA NA NA NA NA NA NA NA NA NA NA NA NA NA NA NA NA NA NA NA NA NA NA NA NA NA NA NA NA NA NA NA NA NA NA NA NA NA NA NA NA NA NA NA NA NA NA NA NA 69 70 70 70 71 71 71 71 72 72 72 72 73 73 73 74 74 74 74 75 75 75 76 76 76 76 77 77 77 78 78 78 78 79 79 79 79 80 80 80 80 81 81 81 82 82 82 82 83 83 83 83 84 84 84 85 85 85 86 86 86 86 87 87 87 88 88 88 88 89 89 89 90 90 90 90 91 91 91 92 92 92 92 93 93 94 94 94 95 95 95 95 96 96 96 96 97 97 97 98 98 98 98 99 99 99 100 100 100 100 101 101 101 101 102 102 102 102 103 103 103 103 104 104 104 105 105 105 105 106 106 106 106 107 107 107 108 108 109 109 109 109 109 109 110 110 110 110 110 111 111 111 111 111 111 111 111 111 112 112 112 113 113 113 113 113 114 114 114 114 114 114 115 115 115 115 115 115 115 116 116 116 116 116 118 118 118 118 118 118 119 119 119 119 119 119 120 120 120 120 120 120 120 121 121 121 121 121 121 121 121 121 122 122 122 122 122 122 122 123 123 123 123 123 123 123 123 124 124 124 124 124 124 124 124 125 125 125 125 125 125 125 125 125 125 125 125 125 126 126 126 NA NA NA NA NA NA NA NA NA NA NA NA NA NA NA NA NA NA NA NA NA NA NA NA NA NA NA NA NA NA NA NA NA NA NA NA NA NA NA NA NA NA NA NA NA NA NA NA NA NA NA NA NA NA NA NA NA NA NA NA NA NA NA NA NA NA NA NA NA NA NA NA NA NA NA NA NA NA NA NA NA NA NA NA NA NA NA NA NA NA NA NA NA NA NA NA NA NA NA NA NA NA NA NA NA NA NA NA NA NA NA NA NA NA NA NA NA NA NA NA NA NA NA NA NA NA NA NA NA NA NA NA NA NA NA NA NA NA NA NA NA NA NA NA NA NA NA NA NA NA NA NA NA NA NA NA NA NA NA NA NA NA NA NA NA NA NA NA NA NA NA NA NA NA NA NA NA NA NA NA NA NA NA NA NA NA NA NA NA NA NA NA NA NA
NA NA NA NA NA NA NA NA NA NA NA NA NA NA NA NA NA NA NA NA NA NA NA NA NA NA NA NA NA NA NA NA NA NA NA NA NA NA NA NA NA NA NA NA NA NA NA NA NA NA NA NA NA NA NA NA NA NA NA NA NA 70 70 71 71 71 72 72 72 72 73 73 73 73 74 74 74 75 75 75 75 76 76 76 77 77 77 77 78 78 78 79 79 79 79 79 80 80 80 81 81 81 81 82 82 82 83 83 83 83 84 84 84 85 85 85 85 86 86 86 87 87 87 87 88 88 88 89 89 89 89 90 90 90 91 91 91 91 92 92 92 93 93 94 94 94 94 95 95 95 96 96 96 96 97 97 97 98 98 98 98 99 99 99 99 100 100 100 101 101 101 101 102 102 102 102 103 103 103 103 104 104 104 105 105 105 105 106 106 106 106 106 107 108 108 108 108 109 109 109 109 109 109 110 110 110 111 111 111 111 111 111 112 112 112 111 112 112 112 113 113 113 113 113 114 114 114 114 114 114 114 115 115 115 115 115 115 116 116 116 116 116 118 118 118 118 118 118 119 119 119 119 119 119 119 120 120 120 120 120 120 120 121 121 121 121 121 121 121 122 122 122 122 122 122 122 122 123 123 123 123 123 123 123 124 124 124 124 124 124 124 124 125 125 125 125 125 125 125 125 125 125 125 125 125 125 125 126 126 126 NA NA NA NA NA NA NA NA NA NA NA NA NA NA NA NA NA NA NA NA NA NA NA NA NA NA NA NA NA NA NA NA NA NA NA NA NA NA NA NA NA NA NA NA NA NA NA NA NA NA NA NA NA NA NA NA NA NA NA NA NA NA NA NA NA NA NA NA NA NA NA NA NA NA NA NA NA NA NA NA NA NA NA NA NA NA NA NA NA NA NA NA NA NA NA NA NA NA NA NA NA NA NA NA NA NA NA NA NA NA NA NA NA NA NA NA NA NA NA NA NA NA NA NA NA NA NA NA NA NA NA NA NA NA NA NA NA NA NA NA NA NA NA NA NA NA NA NA NA NA NA NA NA NA NA NA NA NA NA NA NA NA NA NA NA NA NA NA NA NA NA NA NA NA NA NA NA NA NA NA NA NA NA NA NA NA NA NA NA NA NA NA NA
NA NA NA NA NA NA NA NA NA NA NA NA NA NA NA NA NA NA NA NA NA NA NA NA NA NA NA NA NA NA NA NA NA NA NA NA NA NA NA NA NA NA NA NA NA NA NA NA NA NA NA NA NA NA NA NA NA NA 69 69 70 70 70 71 71 71 71 72 72 72 73 73 73 73 74 74 74 75 75 75 75 76 76 76 77 77 77 77 78 78 78 79 79 79 79 79 80 80 80 81 81 81 81 82 82 82 82 83 83 83 84 84 84 84 85 85 85 86 86 86 87 87 87 87 88 88 88 89 89 89 89 90 90 90 91 91 91 91 92 92 92 92 93 93 94 94 94 95 95 95 95 96 96 96 97 97 97 97 98 98 98 99 99 99 99 100 100 100 100 101 101 101 102 102 102 102 103 103 103 103 104 104 104 105 105 105 105 106 106 106 106 106 107 108 107 108 108 109 109 109 109 109 109 110 110 110 110 110 111 111 111 111 111 111 112 111 112 112 112 113 113 113 113 113 113 114 114 114 114 114 114 115 115 115 115 115 115 116 116 116 116 116 118 118 118 118 118 118 119 119 119 119 119 119 119 120 120 120 120 120 120 120 120 121 121 121 121 121 121 121 122 122 122 122 122 122 122 123 123 123 123 123 123 123 123 124 124 124 124 124 124 124 124 125 125 125 125 125 125 125 125 125 125 126 126 125 125 125 126 126 126 126 126 126 126 126 126 127 127 127 127 127 127 127 127 128 128 128 NA NA NA NA NA NA NA NA NA NA NA NA NA NA NA NA NA NA NA NA NA NA NA NA NA NA NA NA NA NA NA NA NA NA NA NA NA NA NA NA NA NA NA NA NA NA NA NA NA NA NA NA NA NA NA NA NA NA NA NA NA NA NA NA NA NA NA NA NA NA NA NA NA NA NA NA NA NA NA NA NA NA NA NA NA NA NA NA NA NA NA NA NA NA NA NA NA NA NA NA NA NA NA NA NA NA NA NA NA NA NA NA NA NA NA NA NA NA NA NA NA NA NA NA NA NA NA NA NA NA NA NA NA NA NA NA NA NA NA NA NA NA NA NA NA NA NA NA NA NA NA NA NA NA NA NA NA NA NA NA NA NA NA NA NA NA NA NA NA NA NA NA NA NA NA
NA NA NA NA NA NA NA NA NA NA NA NA NA NA NA NA NA NA NA NA NA NA NA NA NA NA NA NA NA NA NA NA NA NA NA NA NA NA NA NA NA NA NA NA NA NA NA NA NA NA NA NA NA NA NA NA NA NA NA NA NA 70 70 70 71 71 71 72 72 72 72 73 73 73 74 74 74 74 75 75 75 76 76 76 76 77 77 77 78 78 78 78 78 79 79 79 80 80 80 80 81 81 81 82 82 82 82 83 83 83 84 84 84 84 85 85 85 86 86 86 86 87 87 87 88 88 88 88 89 89 89 90 90 90 90 91 91 91 92 92 92 92 93 93 94 94 94 95 95 95 95 96 96 96 97 97 97 97 98 98 98 98 99 99 99 100 100 100 100 101 101 101 101 102 102 102 103 103 103 103 104 104 104 104 105 105 105 105 106 106 106 106 107 107 108 108 108 108 109 109 109 109 109 110 110 110 110 110 110 111 111 111 111 111 111 111 112 112 112 112 113 113 113 113 113 114 114 114 114 114 114 115 115 115 115 115 115 115 116 116 116 116 118 118 118 118 118 118 118 119 119 119 119 119 119 119 120 120 120 120 120 120 120 121 121 121 121 121 121 121 122 122 122 122 122 122 122 123 123 123 123 123 123 123 123 124 124 124 124 124 124 124 124 125 125 125 125 125 125 125 125 125 126 126 126 126 126 125 126 126 126 126 126 126 126 127 127 127 127 127 127 127 127 127 128 128 128 128 128 128 128 NA NA NA NA NA NA NA NA NA NA NA NA NA NA NA NA NA NA NA NA NA NA NA NA NA NA NA NA NA NA NA NA NA NA NA NA NA NA NA NA NA NA NA NA NA NA NA NA NA NA NA NA NA NA NA NA NA NA NA NA NA NA NA NA NA NA NA NA NA NA NA NA NA NA NA NA NA NA NA NA NA NA NA NA NA NA NA NA NA NA NA NA NA NA NA NA NA NA NA NA NA NA NA NA NA NA NA NA NA NA NA NA NA NA NA NA NA NA NA NA NA NA NA NA NA NA NA NA NA NA NA NA NA NA NA NA NA NA NA NA NA NA NA NA NA NA NA NA NA NA NA NA NA NA NA NA NA NA NA NA NA NA NA NA NA NA NA NA NA NA NA NA
NA NA NA NA NA NA NA NA NA NA NA NA NA NA NA NA NA NA NA NA NA NA NA NA NA NA NA NA NA NA NA NA NA NA NA NA NA NA NA NA NA NA NA NA NA NA NA NA NA NA NA NA NA NA NA NA NA NA NA NA 69 70 70 70 71 71 71 72 72 72 72 73 73 73 73 74 74 74 75 75 75 75 76 76 76 77 77 77 77 78 78 78 78 79 79 79 79 80 80 80 81 81 81 81 82 82 82 83 83 83 83 84 84 84 85 85 85 85 86 86 86 87 87 87 87 88 88 88 89 89 89 89 90 90 90 91 91 91 92 92 92 92 93 93 94 94 94 94 95 95 95 96 96 96 96 97 97 97 98 98 98 98 99 99 99 100 100 100 100 101 101 101 101 102 102 102 102 103 103 103 104 104 104 104 105 105 105 105 105 106 106 106 107 107 108 108 108 108 108 109 109 109 109 110 110 110 110 110 110 110 111 111 111 111 111 111 111 112 112 112 112 113 113 113 113 113 114 114 114 114 114 114 115 115 115 115 115 115 116 116 116 116 118 118 118 118 118 118 118 119 119 119 119 119 119 119 120 120 120 120 120 120 120 121 121 121 121 121 121 121 122 122 122 122 122 122 122 122 123 123 123 123 123 123 123 123 124 124 124 124 124 124 124 124 124 124 125 125 125 125 125 126 126 126 126 125 126 126 126 126 126 126 126 126 127 127 127 127 127 127 127 127 127 127 128 128 128 128 128 128 128 128 128 NA NA NA NA NA NA NA NA NA NA NA NA NA NA NA NA NA NA NA NA NA NA NA NA NA NA NA NA NA NA NA NA NA NA NA NA NA NA NA NA NA NA NA NA NA NA NA NA NA NA NA NA NA NA NA NA NA NA NA NA NA NA NA NA NA NA NA NA NA NA NA NA NA NA NA NA NA NA NA NA NA NA NA NA NA NA NA NA NA NA NA NA NA NA NA NA NA NA NA NA NA NA NA NA NA NA NA NA NA NA NA NA NA NA NA NA NA NA NA NA NA NA NA NA NA NA NA NA NA NA NA NA NA NA NA NA NA NA NA NA NA NA NA NA NA NA NA NA NA NA NA NA NA NA NA NA NA NA NA NA NA NA NA NA NA NA NA NA NA NA
NA NA NA NA NA NA NA NA NA NA NA NA NA NA NA NA NA NA NA NA NA NA NA NA NA NA NA NA NA NA NA NA NA NA NA NA NA NA NA NA NA NA NA NA NA NA NA NA NA NA NA NA NA NA NA NA NA NA NA NA NA 70 70 70 71 71 71 71 72 72 72 73 73 73 73 74 74 74 75 75 75 75 76 76 76 77 77 77 77 78 78 78 78 79 79 79 79 80 80 80 80 81 81 81 82 82 82 82 83 83 83 84 84 84 84 85 85 85 86 86 86 87 87 87 87 88 88 88 89 89 89 89 90 90 90 91 91 91 91 92 92 92 93 93 94 94 94 94 95 95 95 96 96 96 96 97 97 97 97 98 98 98 99 99 99 99 100 100 100 100 101 101 101 102 102 102 102 103 103 103 103 104 104 104 104 105 105 105 105 105 106 106 107 107 107 107 108 108 108 109 109 109 109 110 110 110 110 110 110 110 110 111 111 111 111 111 112 112 112 112 112 112 113 113 113 113 114 114 114 114 114 114 114 115 115 115 115 115 116 116 116 116 117 118 118 118 118 118 118 118 119 119 119 119 119 119 119 120 120 120 120 120 120 121 121 121 121 121 121 121 122 122 122 122 122 122 122 122 123 123 123 123 123 123 123 123 124 124 124 124 124 124 124 124 124 125 125 125 125 125 125 125 126 126 126 126 125 125 125 126 126 126 126 126 127 127 127 127 127 127 127 127 127 127 128 128 128 128 128 128 128 128 128 128 NA NA NA NA NA NA NA NA NA NA NA NA NA NA NA NA NA NA NA NA NA NA NA NA NA NA NA NA NA NA NA NA NA NA NA NA NA NA NA NA NA NA NA NA NA NA NA NA NA NA NA NA NA NA NA NA NA NA NA NA NA NA NA NA NA NA NA NA NA NA NA NA NA NA NA NA NA NA NA NA NA NA NA NA NA NA NA NA NA NA NA NA NA NA NA NA NA NA NA NA NA NA NA NA NA NA NA NA NA NA NA NA NA NA NA NA NA NA NA NA NA NA NA NA NA NA NA NA NA NA NA NA NA NA NA NA NA NA NA NA NA NA NA NA NA NA NA NA NA NA NA NA NA NA NA NA NA NA NA NA NA NA NA NA NA NA NA NA NA
NA NA NA NA NA NA NA NA NA NA NA NA NA NA NA NA NA NA NA NA NA NA NA NA NA NA NA NA NA NA NA NA NA NA NA NA NA NA NA NA NA NA NA NA NA NA NA NA NA NA NA NA NA NA NA NA NA NA NA 69 69 70 70 70 70 71 71 71 72 72 72 72 73 73 73 74 74 74 74 75 75 75 76 76 76 76 77 77 77 78 78 78 78 78 79 79 79 80 80 80 80 81 81 81 81 82 82 82 83 83 83 84 84 84 84 85 85 85 86 86 86 86 87 87 87 88 88 88 88 89 89 89 90 90 90 90 91 91 91 92 92 92 93 93 93 94 94 94 95 95 95 95 96 96 96 97 97 97 97 98 98 98 98 99 99 99 100 100 100 100 101 101 101 102 102 102 102 103 103 103 103 103 104 104 104 104 105 105 105 105 106 106 107 107 107 107 108 108 108 108 109 109 109 110 110 109 109 110 110 110 110 110 111 111 111 111 111 112 112 112 112 112 112 113 113 113 114 114 114 114 114 114 114 115 115 115 115 115 115 116 116 116 117 118 118 118 118 118 118 118 119 119 119 119 119 119 119 120 120 120 120 120 120 121 121 121 121 121 121 121 121 122 122 122 122 122 122 122 123 123 123 123 123 123 123 123 123 124 124 124 124 124 124 124 124 125 125 125 125 125 125 125 125 126 126 126 125 125 125 126 126 126 126 126 126 127 127 127 126 127 127 127 127 127 127 128 128 128 128 128 128 128 128 128 128 NA NA NA NA NA NA NA NA NA NA NA NA NA NA NA NA NA NA NA NA NA NA NA NA NA NA NA NA NA NA NA NA NA NA NA NA NA NA NA NA NA NA NA NA NA NA NA NA NA NA NA NA NA NA NA NA NA NA NA NA NA NA NA NA NA NA NA NA NA NA NA NA NA NA NA NA NA NA NA NA NA NA NA NA NA NA NA NA NA NA NA NA NA NA NA NA NA NA NA NA NA NA NA NA NA NA NA NA NA NA NA NA NA NA NA NA NA NA NA NA NA NA NA NA NA NA NA NA NA NA NA NA NA NA NA NA NA NA NA NA NA NA NA NA NA NA NA NA NA NA NA NA NA NA NA NA NA NA NA NA NA NA NA NA NA NA NA NA
NA NA NA NA NA NA NA NA NA NA NA NA NA NA NA NA NA NA NA NA NA NA NA NA NA NA NA NA NA NA NA NA NA NA NA NA NA NA NA NA NA NA NA NA NA NA NA NA NA NA NA NA NA NA NA NA NA NA 69 69 69 70 70 70 70 71 71 71 71 72 72 72 73 73 73 73 74 74 74 75 75 75 75 76 76 76 77 77 77 77 78 78 78 78 79 79 79 79 80 80 80 81 81 81 81 82 82 82 83 83 83 83 84 84 84 85 85 85 85 86 86 86 87 87 87 88 88 88 88 89 89 89 90 90 90 90 91 91 91 92 92 92 93 93 93 94 94 94 95 95 95 95 96 96 96 96 97 97 97 97 98 98 98 99 99 99 99 100 100 100 101 101 101 101 102 102 102 102 103 103 103 103 104 104 104 104 105 105 105 105 106 106 107 107 107 107 108 108 108 108 109 109 109 109 109 109 109 110 110 110 110 110 111 111 111 111 111 112 112 112 112 112 112 112 113 113 113 114 114 114 114 114 114 115 115 115 115 115 115 116 116 116 117 117 118 118 118 118 118 118 119 119 119 119 119 119 119 120 120 120 120 120 120 120 121 121 121 121 121 121 121 122 122 122 122 122 122 122 123 123 123 123 123 123 123 123 123 124 124 124 124 124 124 124 124 125 125 125 125 125 125 125 125 125 126 126 126 125 125 125 126 126 126 126 126 126 126 126 126 127 127 127 127 127 127 128 128 128 128 128 128 128 128 128 128 NA NA NA NA NA NA NA NA NA NA NA NA NA NA NA NA NA NA NA NA NA NA NA NA NA NA NA NA NA NA NA NA NA NA NA NA NA NA NA NA NA NA NA NA NA NA NA NA NA NA NA NA NA NA NA NA NA NA NA NA NA NA NA NA NA NA NA NA NA NA NA NA NA NA NA NA NA NA NA NA NA NA NA NA NA NA NA NA NA NA NA NA NA NA NA NA NA NA NA NA NA NA NA NA NA NA NA NA NA NA NA NA NA NA NA NA NA NA NA NA NA NA NA NA NA NA NA NA NA NA NA NA NA NA NA NA NA NA NA NA NA NA NA NA NA NA NA NA NA NA NA NA NA NA NA NA NA NA NA NA NA NA NA NA NA NA NA NA
NA NA NA NA NA NA NA NA NA NA NA NA NA NA NA NA NA NA NA NA NA NA NA NA NA NA NA NA NA NA NA NA NA NA NA NA NA NA NA NA NA NA NA NA NA NA NA NA NA NA NA NA NA NA NA NA NA NA NA NA 69 69 70 70 70 71 71 71 71 72 72 72 73 73 73 73 74 74 74 75 75 75 75 76 76 76 77 77 77 77 78 78 78 78 79 79 79 79 80 80 80 80 81 81 81 82 82 82 82 83 83 83 84 84 84 84 85 85 85 86 86 86 86 87 87 87 88 88 88 89 89 89 89 90 90 90 91 91 91 91 92 92 93 93 93 94 94 94 94 95 95 95 96 96 96 96 97 97 97 97 98 98 98 99 99 99 99 100 100 100 101 101 101 101 102 102 102 102 102 103 103 103 104 104 104 104 104 105 105 105 106 106 107 107 107 107 107 108 108 108 108 109 109 109 109 109 109 109 110 110 110 110 111 111 111 111 111 111 111 112 112 113 112 112 112 113 113 113 114 114 114 114 114 115 115 115 115 115 115 115 116 116 117 117 118 118 118 118 118 118 118 119 119 119 119 119 119 120 120 120 120 120 120 120 121 121 121 121 121 121 121 122 122 122 122 122 122 122 122 123 123 123 123 123 123 123 123 123 124 124 124 124 124 124 124 125 125 125 125 125 125 125 125 125 125 126 126 126 125 125 126 126 126 126 126 126 126 126 127 127 127 127 127 127 127 127 128 128 128 128 128 128 128 128 128 NA NA NA NA NA NA NA NA NA NA NA NA NA NA NA NA NA NA NA NA NA NA NA NA NA NA NA NA NA NA NA NA NA NA NA NA NA NA NA NA NA NA NA NA NA NA NA NA NA NA NA NA NA NA NA NA NA NA NA NA NA NA NA NA NA NA NA NA NA NA NA NA NA NA NA NA NA NA NA NA NA NA NA NA NA NA NA NA NA NA NA NA NA NA NA NA NA NA NA NA NA NA NA NA NA NA NA NA NA NA NA NA NA NA NA NA NA NA NA NA NA NA NA NA NA NA NA NA NA NA NA NA NA NA NA NA NA NA NA NA NA NA NA NA NA NA NA NA NA NA NA NA NA NA NA NA NA NA NA NA NA NA NA NA NA NA NA NA
NA NA NA NA NA NA NA NA NA NA NA NA NA NA NA NA NA NA NA NA NA NA NA NA NA NA NA NA NA NA NA NA NA NA NA NA NA NA NA NA NA NA NA NA NA NA NA NA NA NA NA NA NA NA NA NA NA NA 68 69 69 69 70 70 70 70 71 71 71 72 72 72 72 73 73 73 74 74 74 74 75 75 75 76 76 76 76 77 77 77 78 78 78 78 78 79 79 79 79 80 80 80 81 81 81 82 82 82 82 83 83 83 84 84 84 84 85 85 85 85 86 86 86 87 87 87 88 88 88 88 89 89 89 90 90 90 91 91 91 91 92 92 93 93 93 94 94 94 94 95 95 95 95 96 96 96 97 97 97 97 98 98 98 98 99 99 99 100 100 100 100 101 101 101 102 102 102 102 102 103 103 103 103 104 104 104 104 105 105 105 106 106 107 107 107 107 107 108 108 108 108 108 109 109 109 109 109 109 110 110 110 110 111 111 111 111 111 111 111 112 112 112 112 112 112 113 113 113 114 114 114 114 114 114 115 115 115 115 115 115 116 116 117 117 118 118 118 118 118 118 118 119 119 119 119 119 119 120 120 120 120 120 120 120 121 121 121 121 121 121 121 122 122 122 122 122 122 122 122 123 123 123 123 123 123 123 123 123 123 124 124 124 124 124 124 125 125 125 125 125 125 125 125 125 125 125 126 126 126 126 126 126 126 126 126 126 126 127 127 127 127 127 127 127 127 127 128 128 128 128 128 128 128 128 128 128 NA NA NA NA NA NA NA NA NA NA NA NA NA NA NA NA NA NA NA NA NA NA NA NA NA NA NA NA NA NA NA NA NA NA NA NA NA NA NA NA NA NA NA NA NA NA NA NA NA NA NA NA NA NA NA NA NA NA NA NA NA NA NA NA NA NA NA NA NA NA NA NA NA NA NA NA NA NA NA NA NA NA NA NA NA NA NA NA NA NA NA NA NA NA NA NA NA NA NA 133 133 133 133 NA NA NA NA NA NA NA NA NA NA NA NA NA NA NA NA NA NA NA NA NA NA NA NA NA NA NA NA NA NA NA NA NA NA NA NA NA NA NA NA NA NA NA NA NA NA NA NA NA NA NA NA NA NA NA NA NA NA NA NA NA NA NA NA
NA NA NA NA NA NA NA NA NA NA NA NA NA NA NA NA NA NA NA NA NA NA NA NA NA NA NA NA NA NA NA NA NA NA NA NA NA NA NA NA NA NA NA NA NA NA NA NA NA NA NA NA NA NA NA NA NA NA NA 69 69 69 69 70 70 70 71 71 71 71 72 72 72 73 73 73 73 74 74 74 75 75 75 75 76 76 76 77 77 77 77 78 78 78 78 79 79 79 79 80 80 80 81 81 81 81 82 82 82 83 83 83 84 84 84 84 85 85 85 85 86 86 86 86 87 87 87 88 88 88 89 89 89 90 90 90 90 91 91 91 92 92 93 93 93 93 94 94 94 95 95 95 95 96 96 96 96 97 97 97 98 98 98 98 99 99 99 100 100 100 100 101 101 101 101 102 102 102 102 102 103 103 103 104 104 104 104 105 105 105 105 106 107 107 107 107 107 107 108 108 108 108 108 109 109 109 109 109 110 110 110 110 110 111 111 111 112 112 112 112 112 112 112 112 112 112 113 113 113 114 114 114 114 114 115 115 115 115 115 115 116 116 117 117 118 118 118 118 118 118 118 119 119 119 119 119 119 119 120 120 120 120 120 120 120 121 121 121 121 121 121 121 122 122 122 122 122 122 122 123 123 123 123 123 123 123 123 123 123 123 124 124 124 124 124 125 125 125 125 125 125 125 125 126 125 125 126 126 126 126 126 126 126 126 126 127 127 127 127 127 127 127 127 127 127 127 127 128 128 128 128 128 128 128 128 128 NA NA NA NA NA NA NA NA NA NA NA NA NA NA NA NA NA NA NA NA NA NA NA NA NA NA NA NA NA NA NA NA NA NA NA NA NA NA NA NA NA NA NA NA NA NA NA NA NA NA NA NA NA NA NA NA NA NA NA NA NA NA NA NA NA NA NA NA NA NA NA NA NA NA NA NA NA NA NA NA NA NA NA NA NA NA NA NA NA NA NA NA NA NA NA NA 133 133 133 133 134 133 133 133 NA NA NA NA NA NA NA NA NA NA NA NA NA NA NA NA NA NA NA NA NA NA NA NA NA NA NA NA NA NA NA NA NA NA NA NA NA NA NA NA NA NA NA NA NA NA NA NA NA NA NA NA NA NA NA NA NA NA NA NA NA NA NA
NA NA NA NA NA NA NA NA NA NA NA NA NA NA NA NA NA NA NA NA NA NA NA NA NA NA NA NA NA NA NA NA NA NA NA NA NA NA NA NA NA NA NA NA NA NA NA NA NA NA NA NA NA NA NA NA NA NA 68 68 69 69 69 70 70 70 70 71 71 71 72 72 72 72 73 73 73 74 74 74 74 75 75 75 76 76 76 76 77 77 77 77 77 78 78 78 79 79 79 80 80 80 81 81 81 81 82 82 82 83 83 83 83 84 84 84 84 85 85 85 86 86 86 86 87 87 87 87 88 88 88 89 89 89 90 90 90 91 91 91 92 92 92 93 93 93 94 94 94 95 95 95 95 96 96 96 96 97 97 97 97 98 98 98 99 99 99 99 100 100 100 101 101 101 101 102 102 102 102 102 102 103 103 104 104 104 104 105 105 105 105 106 106 107 107 107 107 107 108 108 108 108 108 109 109 109 109 109 110 110 110 110 110 110 111 111 111 111 112 112 112 112 112 113 112 112 113 113 113 114 114 114 114 114 114 115 115 115 115 115 115 116 117 117 117 118 118 118 118 118 118 118 119 119 119 119 119 119 120 120 120 120 120 120 120 121 121 121 121 121 121 121 122 122 122 122 122 122 122 123 123 123 123 123 123 123 123 123 123 124 124 124 124 124 124 125 125 125 125 125 125 125 125 126 126 126 126 126 126 126 126 126 126 126 126 127 127 127 127 127 127 127 127 127 127 127 127 127 127 128 128 128 128 128 128 NA NA NA NA NA NA NA NA NA NA NA NA NA NA NA NA NA NA NA NA NA NA NA NA NA NA NA NA NA NA NA NA NA NA NA NA NA NA NA NA NA NA NA NA NA NA NA NA NA NA NA NA NA NA NA NA NA NA NA NA NA NA NA NA NA NA NA NA NA NA NA NA NA NA NA NA NA NA NA NA NA NA NA NA NA NA NA NA NA NA NA NA NA NA NA NA 133 133 134 134 134 134 134 134 133 133 NA NA NA NA NA NA NA NA NA NA NA NA NA NA NA NA NA NA NA NA NA NA NA NA NA NA NA NA NA NA NA NA NA NA NA NA NA NA NA NA NA NA NA NA NA NA NA NA NA NA NA NA NA NA NA NA NA NA NA NA NA NA
NA NA NA NA NA NA NA NA NA NA NA NA NA NA NA NA NA NA NA NA NA NA NA NA NA NA NA NA NA NA NA NA NA NA NA NA NA NA NA NA NA NA NA NA NA NA NA NA NA NA NA NA NA NA NA NA 68 68 68 68 69 69 69 70 70 70 70 71 71 71 71 72 72 72 73 73 73 73 74 74 74 75 75 75 75 76 76 76 76 77 77 77 77 78 78 78 79 79 79 80 80 80 80 81 81 81 82 82 82 82 83 83 83 83 84 84 84 85 85 85 86 86 86 86 87 87 87 87 88 88 88 89 89 89 90 90 90 91 91 91 91 92 92 93 93 93 94 94 94 94 95 95 95 95 96 96 96 97 97 97 97 98 98 98 99 99 99 99 100 100 100 100 101 101 101 102 102 102 102 102 102 103 103 103 104 104 104 105 105 105 105 106 106 107 107 107 107 107 107 108 108 108 108 109 109 109 109 109 109 110 110 110 110 110 111 111 111 112 112 112 112 112 112 112 113 113 113 113 113 113 114 114 114 114 114 115 115 115 115 115 115 116 117 117 117 118 118 118 118 118 118 118 119 119 119 119 119 119 120 120 120 120 120 120 120 121 121 121 121 121 121 121 122 122 122 122 122 122 122 123 123 123 123 123 123 123 123 123 123 124 124 124 124 124 124 125 125 125 125 125 125 125 125 126 126 126 126 126 126 126 126 126 126 126 126 127 127 127 127 127 127 127 127 127 127 127 127 127 128 128 128 128 128 128 128 NA NA NA NA NA NA NA NA NA NA NA NA NA NA NA NA NA NA NA NA NA NA NA NA NA NA NA NA NA NA NA NA NA NA NA NA NA NA NA NA NA NA NA NA NA NA NA NA NA NA NA NA NA NA NA NA NA NA NA NA NA NA NA NA NA NA NA NA NA NA NA NA NA NA NA NA NA NA NA NA NA NA NA NA NA NA NA NA NA NA NA NA NA NA NA 133 133 133 133 134 134 134 134 134 134 133 133 133 NA NA NA NA NA NA NA NA NA NA NA NA NA NA NA NA NA NA NA NA NA NA NA NA NA NA NA NA NA NA NA NA NA NA NA NA NA NA NA NA NA NA NA NA NA NA NA NA NA NA NA NA NA NA NA NA NA NA NA NA
NA NA NA NA NA NA NA NA NA NA NA NA NA NA NA NA NA NA NA NA NA NA NA NA NA NA NA NA NA NA NA NA NA NA NA NA NA NA NA NA NA NA NA NA NA NA NA NA NA NA NA NA NA NA NA NA 67 68 68 68 69 69 69 69 70 70 70 70 71 71 71 72 72 72 72 73 73 73 73 74 74 74 75 75 75 76 76 76 76 77 77 77 77 78 78 78 78 79 79 79 80 80 80 81 81 81 82 82 82 82 83 83 83 83 84 84 84 85 85 85 86 86 86 86 87 87 87 87 88 88 88 88 89 89 90 90 90 91 91 91 91 92 92 93 93 93 93 94 94 94 95 95 95 95 96 96 96 97 97 97 97 98 98 98 98 99 99 99 100 100 100 100 101 101 101 101 102 102 102 102 102 103 103 103 104 104 104 105 105 105 105 105 106 107 107 107 107 107 107 107 107 108 108 108 108 109 109 109 109 109 109 110 110 111 111 111 111 111 112 112 112 112 112 112 113 113 113 113 113 113 113 114 114 114 114 114 115 115 115 115 115 115 117 117 117 117 118 118 118 118 118 118 118 119 119 119 119 119 120 120 120 120 120 120 120 121 121 121 121 121 121 121 122 122 122 122 122 122 122 122 123 123 123 123 123 123 123 123 123 124 124 124 124 124 124 125 125 125 125 125 125 125 125 125 125 126 126 126 126 126 126 126 126 126 126 127 127 127 127 127 127 127 127 127 127 127 127 128 128 128 128 128 128 128 128 128 NA NA NA NA NA NA NA NA NA NA NA NA NA NA NA NA NA NA NA NA NA NA NA NA NA NA NA NA NA NA NA NA NA NA NA NA NA NA NA NA NA NA NA NA NA NA NA NA NA NA NA NA NA NA NA NA NA NA NA NA NA NA NA NA NA NA NA NA NA NA NA NA NA NA NA NA NA NA NA NA NA NA NA NA NA NA NA NA NA NA NA NA NA 133 133 134 134 134 134 134 134 134 134 134 134 133 133 133 NA NA NA NA NA NA NA NA NA NA NA NA NA NA NA NA NA NA NA NA NA NA NA NA NA NA NA NA NA NA NA NA NA NA NA NA NA NA NA NA NA NA NA NA NA NA NA NA NA NA NA NA NA NA NA NA NA NA NA
NA NA NA NA NA NA NA NA NA NA NA NA NA NA NA NA NA NA NA NA NA NA NA NA NA NA NA NA NA NA NA NA NA NA NA NA NA NA NA NA NA NA NA NA NA NA NA NA NA NA NA NA NA NA NA 67 67 68 68 68 68 69 69 69 69 70 70 70 70 71 71 71 72 72 72 72 73 73 73 74 74 74 74 75 75 75 76 76 76 77 77 77 77 78 78 78 79 79 79 79 80 80 80 81 81 81 81 82 82 82 83 83 83 83 84 84 84 85 85 85 85 86 86 86 87 87 87 87 88 88 88 88 89 89 90 90 90 90 91 91 91 92 92 93 93 93 93 94 94 94 94 95 95 95 96 96 96 96 97 97 97 98 98 98 98 99 99 99 99 100 100 100 101 101 101 101 101 101 102 102 102 103 103 103 104 104 104 104 105 105 105 105 106 106 107 107 107 107 107 107 107 108 108 108 108 109 109 109 109 109 109 110 110 110 110 111 111 111 111 111 112 112 112 112 112 112 113 113 113 113 113 113 114 114 114 114 114 115 115 115 115 115 117 117 117 117 117 118 118 118 118 118 118 118 119 119 119 119 119 120 120 120 120 120 120 120 121 121 121 121 121 121 121 122 122 122 122 122 122 122 122 123 123 123 123 123 123 123 123 124 124 124 124 124 124 125 125 125 125 125 125 125 125 125 126 126 126 126 126 126 126 126 126 126 126 126 127 127 127 127 127 127 127 127 127 127 127 128 128 128 128 128 128 128 128 128 128 NA NA NA NA NA NA NA NA NA NA NA NA NA NA NA NA NA NA NA NA NA NA NA NA NA NA NA NA NA NA NA NA NA NA NA NA NA NA NA NA NA NA NA NA NA NA NA NA NA NA NA NA NA NA NA NA NA NA NA NA NA NA NA NA NA NA NA NA NA NA NA NA NA NA NA NA NA NA NA NA NA NA NA NA NA 133 133 133 133 133 133 133 133 133 133 134 134 135 134 134 134 134 134 134 133 133 133 133 NA NA NA NA NA NA NA NA NA NA NA NA NA NA NA NA NA NA NA NA NA NA NA NA NA NA NA NA NA NA NA NA NA NA NA NA NA NA NA NA NA NA NA NA NA NA NA NA NA NA NA NA NA NA NA NA NA NA
NA NA NA NA NA NA NA NA NA NA NA NA NA NA NA NA NA NA NA NA NA NA NA NA NA NA NA NA NA NA NA NA NA NA NA NA NA NA NA NA NA NA NA NA NA NA NA NA NA NA NA NA NA NA NA NA 67 68 68 68 68 68 69 69 69 69 70 70 70 71 71 71 71 72 72 72 73 73 73 74 74 74 74 75 75 75 76 76 76 77 77 77 77 78 78 78 78 79 79 79 80 80 80 80 81 81 81 82 82 82 82 83 83 83 84 84 84 84 85 85 85 86 86 86 87 87 87 87 88 88 88 88 89 89 89 90 90 90 91 91 91 92 92 92 93 93 93 94 94 94 94 95 95 95 96 96 96 96 97 97 97 97 98 98 98 99 99 99 99 100 100 100 100 100 101 101 101 101 102 102 102 103 103 103 104 104 104 104 105 105 105 105 106 107 107 107 107 107 107 107 107 108 108 108 108 109 109 109 109 109 109 110 110 110 110 110 111 111 111 112 112 112 112 112 112 112 112 113 113 113 113 113 113 114 114 114 114 114 115 115 115 115 117 117 117 117 117 117 117 118 118 118 118 118 118 119 119 119 119 120 120 120 120 120 120 120 121 121 121 121 121 121 121 122 122 122 122 122 122 122 123 123 123 123 123 123 123 123 123 124 124 124 124 124 124 124 125 125 125 125 125 125 125 125 126 126 126 126 126 126 126 126 126 126 126 127 127 127 127 127 127 127 127 127 127 127 128 128 128 128 128 128 128 128 128 128 128 128 128 NA 128 128 128 128 128 128 NA NA NA NA NA NA NA NA NA NA NA NA NA NA NA NA NA NA NA NA NA NA NA NA NA NA NA NA NA NA NA NA NA NA NA NA NA NA NA NA NA NA NA NA NA NA NA NA NA NA NA NA NA NA NA NA NA NA NA NA NA NA NA NA NA NA NA NA NA NA NA NA NA 133 133 133 133 133 133 133 133 133 134 133 134 134 134 134 134 135 134 135 135 135 134 134 134 134 134 134 134 NA NA NA NA NA NA NA NA NA NA NA NA NA NA NA NA NA NA NA NA NA NA NA NA NA NA NA NA NA NA NA NA NA NA NA NA NA NA NA NA NA NA NA NA NA NA NA NA NA NA NA NA NA NA NA NA
NA NA NA NA NA NA NA NA NA NA NA NA NA NA NA NA NA NA NA NA NA NA NA NA NA NA NA NA NA NA NA NA NA NA NA NA NA NA NA NA NA NA NA NA NA NA NA NA NA NA NA NA NA 66 67 67 67 67 68 68 68 68 68 69 69 69 70 70 70 71 71 71 71 72 72 72 72 73 73 73 74 74 74 75 75 75 76 76 76 77 77 77 77 77 78 78 78 78 79 79 80 80 80 80 81 81 81 81 82 82 82 83 83 83 83 84 84 84 85 85 85 86 86 86 87 87 87 87 88 88 88 88 89 89 89 90 90 90 91 91 91 91 92 92 93 93 93 94 94 94 94 95 95 95 95 96 96 96 97 97 97 97 98 98 98 99 99 99 99 99 100 100 100 100 101 101 101 102 102 102 102 103 103 103 103 104 104 104 104 105 105 105 106 106 107 107 107 107 107 107 107 108 108 108 108 108 109 109 109 109 109 109 110 110 110 110 111 111 111 111 111 112 112 112 112 112 112 113 113 113 113 113 113 114 114 114 114 114 114 115 115 115 116 117 117 117 117 117 117 118 118 118 118 118 118 118 119 119 119 120 120 120 120 120 120 120 121 121 121 121 121 121 121 122 122 122 122 122 122 122 123 123 123 123 123 123 123 123 123 124 124 124 124 124 124 124 125 125 125 125 125 125 125 125 126 126 126 126 126 126 126 126 126 126 126 127 127 127 127 127 127 127 127 127 127 127 127 128 128 128 128 128 128 128 128 128 128 128 128 128 128 128 128 128 128 129 128 128 128 NA 128 128 129 129 129 129 129 129 129 NA NA 129 129 130 NA NA NA NA NA NA NA NA NA NA NA NA NA NA NA NA NA NA NA NA NA NA NA NA NA NA NA NA NA NA NA NA NA NA NA NA NA NA NA NA NA NA NA NA NA NA NA NA NA NA NA NA NA NA NA 133 133 134 134 134 134 134 134 134 134 134 134 134 134 134 135 135 135 135 135 135 135 134 134 134 134 134 134 134 NA NA NA NA NA NA NA NA NA NA NA NA NA NA NA NA NA NA NA NA NA NA NA NA NA NA NA NA NA NA NA NA NA NA NA NA NA NA NA NA NA NA NA NA NA NA NA NA NA NA NA NA NA NA NA
NA NA NA NA NA NA NA NA NA NA NA NA NA NA NA NA NA NA NA NA NA NA NA NA NA NA NA NA NA NA NA NA NA NA NA NA NA NA NA NA NA NA NA NA NA NA NA NA NA NA NA NA NA NA 66 67 67 67 67 68 68 68 68 69 69 69 70 70 70 70 71 71 71 71 72 72 72 73 73 73 73 74 74 75 75 75 76 76 76 77 77 77 77 77 78 78 78 79 79 79 79 80 80 80 81 81 81 81 82 82 82 83 83 83 83 84 84 84 85 85 85 86 86 86 86 87 87 87 87 88 88 88 88 89 89 90 90 90 91 91 91 91 92 92 93 93 93 93 94 94 94 95 95 95 95 96 96 96 96 97 97 97 98 98 98 98 99 99 99 99 99 100 100 100 100 101 101 102 102 102 102 102 103 103 103 103 104 104 104 104 105 105 106 106 107 107 107 107 107 107 107 108 108 108 108 108 109 109 109 109 109 109 110 110 110 111 111 111 111 111 112 112 112 112 112 112 112 113 113 113 113 113 114 114 114 114 114 114 114 115 115 115 117 117 117 117 117 118 118 118 118 118 118 118 119 118 119 119 119 119 120 120 120 120 120 120 121 121 121 121 121 121 121 122 122 122 122 122 122 122 123 123 123 123 123 123 123 123 123 124 124 124 124 124 124 124 125 125 125 125 125 125 125 125 126 126 126 126 126 126 126 126 126 127 127 127 127 127 127 127 126 127 127 127 127 127 127 128 128 128 128 128 128 128 128 128 128 128 128 128 128 128 128 128 129 129 129 129 129 129 129 129 129 129 129 129 129 130 129 129 129 129 129 130 130 130 130 130 130 130 NA NA NA NA NA NA NA NA NA NA NA NA NA NA NA NA NA NA NA NA NA NA NA NA NA NA NA NA NA NA NA NA NA NA NA NA NA NA NA NA NA NA NA NA NA NA NA NA 132 133 134 134 134 134 134 134 134 135 134 135 134 135 135 135 135 135 135 135 135 135 134 134 135 135 134 134 134 134 134 NA NA NA NA NA NA NA NA NA NA NA NA NA NA NA NA NA NA NA NA NA NA NA NA NA NA NA NA NA NA NA NA NA NA NA NA NA NA NA NA NA NA NA NA NA NA NA NA NA NA NA NA NA NA
NA NA NA NA NA NA NA NA NA NA NA NA NA NA NA NA NA NA NA NA NA NA NA NA NA NA NA NA NA NA NA NA NA NA NA NA NA NA NA NA NA NA NA NA NA NA NA NA NA NA NA NA NA 66 66 67 67 67 67 67 68 68 69 69 69 69 69 70 70 70 70 71 71 71 72 72 72 72 73 73 73 74 74 75 75 75 76 76 76 76 77 77 77 77 78 78 78 78 79 79 79 80 80 80 81 81 81 81 82 82 82 82 83 83 83 84 84 84 84 85 85 85 86 86 86 87 87 87 87 88 88 88 88 89 89 89 90 90 90 91 91 91 92 92 92 93 93 93 94 94 94 94 95 95 95 96 96 96 96 97 97 97 98 98 98 98 98 98 99 99 100 100 100 100 100 101 101 101 101 102 102 102 103 103 103 103 104 104 104 104 105 105 106 106 106 107 107 107 107 107 107 107 108 108 108 108 109 109 109 109 109 109 110 110 110 111 111 111 111 111 111 112 112 112 112 112 112 112 113 113 113 113 114 114 114 114 114 114 114 115 115 115 117 117 117 117 117 118 118 118 118 118 118 118 118 118 119 119 119 119 120 120 120 120 120 120 120 121 121 121 121 121 121 121 122 122 122 122 122 122 123 123 123 123 123 123 123 123 123 123 124 124 124 124 124 124 125 125 125 125 125 125 125 125 126 126 126 126 126 126 126 126 126 126 127 127 127 127 127 127 127 127 127 127 127 127 127 128 128 128 128 128 128 128 128 128 128 128 128 128 128 129 129 129 129 129 129 129 129 129 129 128 128 129 129 129 130 130 130 129 130 130 129 130 130 130 130 130 130 130 130 130 130 130 130 130 NA NA NA NA NA NA NA NA NA NA NA NA NA NA NA NA NA NA NA NA NA NA NA NA NA NA NA NA NA NA NA NA NA NA NA NA NA NA NA NA NA NA 132 134 134 134 134 134 134 134 134 135 135 135 135 135 135 135 135 135 135 135 135 135 134 135 135 134 134 134 134 134 134 134 134 NA NA NA NA NA NA NA NA NA NA NA NA NA NA NA NA NA NA NA NA NA NA NA NA NA NA NA NA NA NA NA NA NA NA NA NA NA NA NA NA NA NA NA NA NA NA NA NA NA NA NA NA
NA NA NA NA NA NA NA NA NA NA NA NA NA NA NA NA NA NA NA NA NA NA NA NA NA NA NA NA NA NA NA NA NA NA NA NA NA NA NA NA NA NA NA NA NA NA NA NA NA NA NA 65 66 66 66 67 67 67 67 67 68 68 69 69 69 69 69 69 70 70 70 71 71 72 72 72 72 72 73 73 73 73 74 74 75 75 76 76 76 76 77 77 77 77 78 78 78 78 78 79 79 80 80 80 80 81 81 81 81 82 82 82 83 83 83 83 84 84 84 85 85 85 86 86 86 87 87 87 88 88 88 88 88 89 89 89 90 90 90 91 91 91 92 92 92 93 93 93 94 94 94 94 95 95 95 95 96 96 96 97 97 97 97 98 98 98 98 98 99 99 99 100 100 100 100 101 101 101 101 102 102 102 103 103 103 103 103 104 104 104 105 105 106 106 106 106 107 107 107 107 107 107 108 108 108 108 108 109 109 109 109 109 110 110 110 111 111 111 111 111 111 111 111 112 112 112 112 112 113 113 113 113 114 114 114 114 114 114 114 115 115 115 117 117 117 117 117 118 118 118 118 118 118 118 118 119 119 119 119 119 119 120 120 120 120 120 120 121 121 121 121 121 121 121 122 122 122 122 122 122 122 123 123 123 123 123 123 123 123 123 124 124 124 124 124 124 124 125 125 125 125 125 125 125 126 126 126 126 126 126 126 126 126 126 126 126 126 126 127 127 127 127 127 127 127 127 127 128 128 128 128 127 128 128 128 128 128 128 128 128 129 129 129 129 129 129 129 128 128 129 129 129 129 129 129 129 129 129 130 130 130 129 130 130 130 130 131 130 131 131 130 130 131 131 130 131 130 130 131 131 130 130 NA NA NA NA NA NA NA NA NA NA NA NA NA NA NA NA NA NA NA NA NA NA NA NA NA NA NA NA NA NA NA NA NA NA 133 133 134 134 134 134 134 134 134 134 135 135 135 134 134 135 135 135 135 135 135 135 135 135 134 134 135 134 134 134 134 134 134 134 134 134 134 NA NA NA NA NA NA NA NA NA NA NA NA NA NA NA NA NA NA NA NA NA NA NA NA NA NA NA NA NA NA NA NA NA NA NA NA NA NA NA NA NA NA NA NA NA NA NA NA NA NA
NA NA NA NA NA NA NA NA NA NA NA NA NA NA NA NA NA NA NA NA NA NA NA NA NA NA NA NA NA NA NA NA NA NA NA NA NA NA NA NA NA NA NA NA NA NA NA NA NA 65 65 65 66 66 66 66 67 67 67 67 67 68 68 69 69 69 69 70 70 71 71 71 72 72 72 72 72 73 73 73 73 73 74 74 74 75 75 76 76 76 77 77 77 77 77 78 78 78 78 79 79 79 80 80 80 81 81 81 81 82 82 82 83 83 83 83 84 84 84 85 85 85 85 86 86 87 87 87 87 88 88 88 88 89 89 89 90 90 90 91 91 91 92 92 92 93 93 93 93 94 94 94 95 95 95 95 96 96 96 96 97 97 97 98 98 98 98 99 99 99 99 100 100 100 101 101 101 101 101 102 102 102 102 102 103 103 103 104 104 104 105 105 105 106 106 106 106 107 107 107 107 107 108 108 108 108 108 109 109 109 109 109 110 110 110 111 111 111 111 111 111 111 111 112 112 112 112 113 113 113 113 113 113 114 114 114 114 114 114 115 115 115 117 117 117 117 117 117 118 118 118 118 118 118 118 119 119 119 119 119 119 120 120 120 120 120 120 121 121 121 121 121 121 121 122 122 122 122 122 122 122 123 123 123 123 123 123 123 123 123 123 124 124 124 124 124 125 125 125 125 125 125 125 125 125 126 126 126 126 126 126 126 126 126 126 126 126 126 127 127 127 127 127 127 127 127 127 128 128 128 128 127 128 128 128 128 128 128 128 128 128 129 129 129 129 129 129 128 129 130 130 129 129 130 130 130 130 130 130 130 129 129 130 130 130 130 131 131 131 130 130 131 131 131 130 131 131 130 131 132 131 130 NA NA NA NA NA NA NA NA NA NA NA NA NA NA NA NA NA NA NA NA NA NA NA NA NA NA NA NA NA NA NA NA NA 133 133 133 133 134 134 134 134 134 134 135 135 135 135 134 134 135 135 135 135 135 135 135 135 135 134 134 134 134 134 134 135 135 135 135 135 135 135 135 135 NA NA NA NA NA NA NA NA NA NA NA NA NA NA NA NA NA NA NA NA NA NA NA NA NA NA NA NA NA NA NA NA NA NA NA NA NA NA NA NA NA NA NA NA NA NA NA NA
NA NA NA NA NA NA NA NA NA NA NA NA NA NA NA NA NA NA NA NA NA NA NA NA NA NA NA NA NA NA NA NA NA NA NA NA NA NA NA NA NA NA NA NA NA NA NA NA NA 65 65 65 66 66 66 66 67 67 67 67 67 68 68 68 69 69 69 69 70 70 71 71 71 72 72 72 72 73 73 73 74 74 74 74 74 74 75 76 76 76 77 77 77 77 77 78 78 78 78 79 79 79 79 80 80 81 81 81 81 82 82 82 83 83 83 83 84 84 84 85 85 85 85 86 86 86 87 87 87 88 88 88 88 89 89 89 89 90 90 90 91 91 92 92 92 93 93 93 93 94 94 94 94 95 95 95 95 96 96 96 97 97 97 98 98 98 98 98 99 99 99 99 100 100 100 101 101 101 101 101 102 102 102 103 103 103 103 103 104 104 104 105 105 105 106 106 106 106 107 107 107 108 108 108 108 108 108 108 109 109 109 109 110 110 110 110 111 111 111 111 111 112 112 112 112 112 112 113 113 113 113 113 113 113 114 114 114 114 114 115 115 115 116 117 117 117 117 117 117 118 118 118 118 118 118 118 118 119 119 119 119 120 120 120 120 120 120 121 121 121 121 121 121 121 122 122 122 122 122 122 122 123 123 123 123 123 123 123 123 123 123 124 124 124 124 124 124 125 125 125 125 125 125 125 125 126 126 126 126 126 126 126 126 126 126 126 127 127 127 127 127 127 127 127 127 127 127 127 128 127 127 127 128 128 128 128 128 128 128 128 129 129 129 129 129 128 129 129 129 129 130 130 130 130 130 130 130 131 131 130 129 129 130 131 131 131 130 131 130 130 130 130 131 131 131 131 131 130 131 131 131 131 NA NA NA NA NA NA NA NA NA NA NA NA NA NA NA NA NA NA NA NA NA NA NA NA NA NA NA NA NA NA NA NA NA 133 133 133 133 134 134 134 134 134 135 135 135 135 135 135 134 134 134 134 135 135 135 135 135 135 134 134 134 134 135 135 135 135 135 135 135 135 135 135 135 135 135 135 135 135 135 135 135 135 NA NA NA NA NA NA NA NA NA NA NA NA NA NA NA NA NA NA NA NA NA NA NA NA NA NA NA NA NA NA NA NA NA NA NA NA NA NA NA
NA NA NA NA NA NA NA NA NA NA NA NA NA NA NA NA NA NA NA NA NA NA NA NA NA NA NA NA NA NA NA NA NA NA NA NA NA NA NA NA NA NA NA NA NA NA NA NA NA 65 65 65 65 66 66 66 67 67 67 67 67 68 68 68 69 69 69 69 70 70 70 70 71 71 72 72 72 72 72 73 74 74 74 74 74 74 75 75 76 76 76 77 77 77 77 78 78 78 78 79 79 79 79 80 80 80 81 81 81 81 82 82 82 83 83 83 84 84 84 85 85 85 85 86 86 86 87 87 87 88 88 88 88 89 89 89 89 90 90 90 91 91 92 92 92 92 93 93 93 93 94 94 94 95 95 95 95 96 96 96 97 97 97 97 98 98 98 98 99 99 99 99 100 100 100 101 101 101 101 101 102 102 102 103 103 103 103 103 103 104 104 104 105 105 105 106 106 106 107 107 107 108 108 108 108 108 108 108 109 109 109 109 109 110 110 110 110 110 111 111 111 111 111 112 112 112 112 113 113 113 113 113 113 113 113 114 114 114 114 114 114 115 116 116 117 117 117 117 117 117 118 118 118 118 118 118 118 119 119 119 119 120 120 120 120 120 120 121 121 121 121 121 121 121 121 122 122 122 122 122 122 122 123 123 123 123 123 123 123 123 123 124 124 124 124 124 124 125 125 125 125 125 125 125 125 125 126 126 126 126 126 126 126 126 126 126 127 127 127 127 127 127 127 127 127 127 127 127 128 127 127 128 128 128 128 128 128 128 128 128 129 129 129 129 129 129 129 130 130 129 129 130 130 130 130 130 130 131 131 130 129 130 130 131 130 130 130 130 130 130 130 130 131 131 131 131 131 130 131 131 131 132 130 NA NA NA NA NA NA NA NA NA NA NA NA NA NA NA NA NA NA NA NA NA NA NA NA NA NA NA NA NA NA NA 132 132 133 134 134 134 134 134 134 134 135 135 135 134 134 135 135 135 135 135 135 134 134 134 134 134 134 134 134 135 135 135 135 135 135 135 135 135 135 135 135 135 135 135 135 135 135 135 135 135 135 135 NA NA NA NA NA NA NA NA NA NA NA NA NA NA NA NA NA NA NA NA NA NA NA NA NA NA NA NA NA NA NA NA NA NA NA NA NA
NA NA NA NA NA NA NA NA NA NA NA NA NA NA NA NA NA NA NA NA NA NA NA NA NA NA NA NA NA NA NA NA NA NA NA NA NA NA NA NA NA NA NA NA NA NA NA NA 64 64 65 65 65 66 66 66 66 67 67 67 67 68 68 68 69 69 69 69 70 70 70 70 71 71 71 72 72 72 72 73 73 74 74 75 74 74 75 75 76 76 76 77 77 77 77 77 78 78 78 78 79 79 79 80 80 80 81 81 81 81 82 82 82 83 83 83 83 84 84 84 85 85 85 86 86 86 87 87 87 87 88 88 88 89 89 89 89 90 90 90 91 91 91 92 92 92 93 93 93 93 94 94 94 95 95 95 95 96 96 96 96 97 97 97 98 98 98 98 98 99 99 99 100 100 100 100 100 101 101 102 102 102 102 103 103 103 103 103 103 104 104 104 105 105 106 106 106 106 107 107 107 108 108 108 108 108 108 108 109 109 109 109 109 109 110 110 110 110 110 111 111 111 111 111 112 112 112 112 112 112 113 113 113 113 113 113 114 114 114 114 114 114 116 116 116 117 117 117 117 117 117 118 118 118 118 118 118 119 119 119 119 119 120 120 120 120 120 120 121 121 121 121 121 121 121 122 122 122 122 122 122 122 123 123 123 123 123 123 123 123 123 123 124 124 124 124 124 125 125 125 125 125 125 125 125 125 126 126 126 126 126 126 126 126 126 126 126 127 127 127 127 127 127 127 127 127 127 127 127 128 128 128 128 128 128 128 128 128 128 128 129 129 128 129 129 129 130 129 130 129 129 130 130 130 130 130 130 130 131 130 130 130 131 131 130 130 130 130 131 131 130 130 131 131 131 131 131 131 131 131 132 132 131 130 NA NA NA NA NA NA NA NA NA NA NA NA NA NA NA NA NA NA NA NA NA NA NA NA NA NA NA NA NA NA 132 133 134 134 134 134 134 134 134 134 135 135 134 134 134 134 134 134 134 135 135 135 134 134 134 134 134 134 134 135 135 135 135 135 135 135 135 135 135 135 135 135 135 135 135 135 135 135 135 135 135 135 135 135 NA NA NA NA NA NA NA NA NA NA NA NA NA NA NA NA NA NA NA NA NA NA NA NA NA NA NA NA NA NA NA NA NA NA NA
NA NA NA NA NA NA NA NA NA NA NA NA NA NA NA NA NA NA NA NA NA NA NA NA NA NA NA NA NA NA NA NA NA NA NA NA NA NA NA NA NA NA NA NA NA NA NA 64 64 64 65 65 65 65 66 66 66 67 67 67 67 67 68 68 68 69 69 69 69 70 70 70 70 71 71 72 72 72 72 73 73 73 74 74 75 75 75 75 75 76 76 77 76 77 77 77 77 78 78 78 79 79 79 80 80 80 80 81 81 81 82 82 82 83 83 83 83 84 84 84 85 85 85 85 86 86 86 87 87 87 88 88 88 89 89 89 89 90 90 90 90 91 91 92 92 92 93 93 93 93 94 94 94 95 95 95 95 96 96 96 96 97 97 97 98 98 98 98 98 99 99 99 99 100 100 100 101 101 101 101 102 102 102 103 103 103 103 103 103 104 104 104 105 105 105 106 106 106 107 107 107 108 108 108 108 108 108 108 109 109 109 109 109 109 110 110 110 110 110 111 111 111 111 111 111 112 112 112 112 112 112 113 113 113 113 113 113 114 114 114 114 114 116 116 116 116 117 117 117 117 117 118 118 118 118 118 118 118 119 119 119 119 120 120 120 120 120 120 121 121 121 121 121 121 121 122 122 122 122 122 122 122 123 123 123 123 123 123 123 123 123 123 124 124 124 124 124 125 125 125 125 125 125 125 125 125 125 126 126 126 126 126 126 126 126 126 127 127 127 127 127 127 127 127 127 127 127 127 127 128 128 128 128 128 128 128 128 128 128 128 128 128 128 129 129 129 129 129 129 129 129 130 130 130 130 130 130 130 131 130 131 131 131 131 130 131 131 130 131 131 131 130 131 131 132 132 131 131 131 131 131 131 132 131 130 NA NA NA NA NA NA NA NA NA NA NA NA NA NA NA NA NA NA NA NA NA NA NA NA NA NA NA NA 132 133 134 134 134 134 134 134 134 134 134 135 135 134 134 134 134 134 134 134 135 135 135 134 134 134 134 134 134 134 135 135 135 135 135 135 135 135 135 135 135 135 135 135 135 135 135 135 135 135 135 135 135 135 135 135 NA NA NA NA NA NA NA NA NA NA NA NA NA NA NA NA NA NA NA NA NA NA NA NA NA NA NA NA NA NA NA NA NA NA
NA NA NA NA NA NA NA NA NA NA NA NA NA NA NA NA NA NA NA NA NA NA NA NA NA NA NA NA NA NA NA NA NA NA NA NA NA NA NA NA NA NA NA NA NA NA NA 64 64 64 65 65 65 66 66 66 66 66 67 67 67 67 68 68 68 68 69 69 69 69 70 70 70 70 71 71 71 72 72 72 73 73 73 74 74 75 74 75 75 75 76 76 76 76 77 77 77 77 78 78 78 79 79 79 80 80 80 81 81 81 81 82 82 82 82 83 83 83 84 84 84 84 85 85 86 86 86 86 86 87 87 87 88 88 88 89 89 89 89 90 90 90 91 91 91 92 92 92 92 93 93 93 94 94 94 94 95 95 95 95 96 96 96 97 97 97 97 97 98 98 98 98 99 99 99 100 100 100 100 101 101 101 101 101 102 102 102 102 103 103 103 103 104 104 105 105 105 105 106 106 106 107 107 107 107 107 107 107 107 107 108 108 108 108 109 109 109 109 109 109 110 110 110 110 110 111 111 111 111 111 111 111 112 112 112 112 112 113 113 113 113 113 114 115 115 115 115 115 115 116 116 116 116 116 116 116 117 117 117 117 117 118 118 118 118 118 119 119 119 119 119 119 119 120 120 120 120 120 120 120 121 121 121 121 121 121 121 121 121 122 122 122 123 123 124 124 124 124 124 124 125 125 125 125 125 125 125 125 126 126 126 126 126 126 126 126 126 126 127 127 126 126 126 126 127 127 127 127 127 127 127 127 127 128 128 128 128 128 128 128 128 128 128 129 129 129 129 130 130 129 129 129 130 130 130 130 130 130 130 130 131 131 131 131 131 131 131 131 131 131 130 130 131 131 131 132 132 131 131 131 131 132 132 131 130 NA NA NA NA NA NA NA NA NA NA NA NA NA NA NA NA NA NA NA NA NA NA NA NA NA NA NA 132 133 133 134 134 134 134 134 134 134 134 135 135 135 134 134 134 134 134 134 134 134 134 135 135 135 135 135 134 134 134 134 134 134 135 135 135 135 135 135 135 135 135 135 135 135 135 135 135 135 135 135 135 135 135 135 135 135 135 NA NA NA NA NA NA NA NA NA NA NA NA NA NA NA NA NA NA NA NA NA NA NA NA NA NA NA NA NA NA NA NA
NA NA NA NA NA NA NA NA NA NA NA NA NA NA NA NA NA NA NA NA NA NA NA NA NA NA NA NA NA NA NA NA NA NA NA NA NA NA NA NA NA NA NA NA 62 63 63 64 64 64 65 65 65 65 66 66 66 66 67 67 67 68 68 68 68 69 69 69 69 70 70 70 70 71 71 71 72 72 72 72 73 73 73 73 74 74 75 75 75 75 76 76 76 76 76 77 77 77 78 78 78 79 79 79 80 80 80 80 81 81 81 82 82 82 82 83 83 83 84 84 84 84 85 85 85 86 86 86 86 87 87 87 88 88 88 88 89 89 89 89 90 90 91 91 91 92 92 92 92 93 93 93 94 94 94 94 95 95 95 95 95 96 96 96 97 97 97 97 98 98 98 98 99 99 99 99 99 100 100 101 101 101 101 101 102 102 102 102 102 103 103 103 104 104 105 105 105 105 105 106 106 107 107 107 107 107 107 107 107 107 108 108 108 108 108 109 109 109 109 109 110 110 110 110 110 110 110 111 111 111 111 111 112 112 112 112 112 113 113 113 113 114 115 115 115 115 115 115 115 116 116 116 116 116 116 117 117 117 117 117 117 118 118 118 118 118 118 119 119 119 119 119 119 120 120 120 120 120 120 120 121 121 121 121 121 121 121 121 122 122 122 122 123 123 124 124 124 124 124 124 124 125 125 125 125 125 125 125 125 125 126 126 126 126 126 126 126 126 127 127 127 126 126 126 127 127 127 127 127 127 127 127 127 127 128 128 128 129 128 129 129 128 128 128 128 128 129 129 129 129 129 129 129 130 130 130 130 130 130 130 131 131 131 131 131 131 131 131 131 131 130 131 130 131 131 132 132 131 131 131 131 132 131 131 130 NA NA NA NA NA NA NA NA NA NA NA NA NA NA NA NA NA NA NA NA NA NA NA NA NA NA 132 133 133 133 134 134 134 134 134 134 134 134 134 135 135 135 134 134 134 134 134 134 134 134 134 134 135 134 134 134 134 134 134 134 134 134 135 135 135 135 135 135 135 135 135 135 135 135 135 135 135 135 135 135 135 135 135 135 135 135 135 NA NA NA NA NA NA NA NA NA NA NA NA NA NA NA NA NA NA NA NA NA NA NA NA NA NA NA NA NA NA NA
NA NA NA NA NA NA NA NA NA NA NA NA NA NA NA NA NA NA NA NA NA NA NA NA NA NA NA NA NA NA NA NA NA NA NA NA NA NA NA NA NA NA NA NA 62 63 63 64 64 64 64 65 65 65 65 66 66 66 66 67 67 67 68 68 68 69 69 69 69 70 70 70 71 71 71 71 72 72 72 72 73 73 73 73 74 74 74 75 75 75 75 76 76 76 76 77 77 77 78 78 78 79 79 79 79 80 80 80 81 81 81 81 82 82 82 82 83 83 83 84 84 85 85 85 85 86 86 86 86 87 87 87 87 88 88 88 89 89 89 89 90 90 91 91 91 91 92 92 92 93 93 93 93 94 94 94 94 95 95 95 95 96 96 96 97 97 97 97 98 98 98 98 98 99 99 99 99 100 100 100 101 101 101 101 101 102 102 102 102 102 103 103 104 104 104 105 105 105 105 106 106 106 106 107 107 107 107 107 107 107 108 108 108 108 109 109 109 109 109 109 109 110 110 110 110 110 111 111 111 111 111 111 112 112 112 112 112 113 113 113 113 113 114 115 115 115 115 115 115 116 116 116 116 116 117 117 117 117 117 117 117 117 118 118 118 118 118 119 119 119 119 119 119 120 120 120 120 120 120 120 121 121 121 121 121 121 121 121 122 122 122 122 123 123 123 124 124 124 124 124 124 125 125 125 125 125 125 125 125 125 126 126 126 126 126 126 126 127 127 127 126 127 126 127 127 127 127 127 127 127 127 127 127 127 127 128 128 128 128 128 128 128 127 127 128 128 129 129 129 129 129 129 129 130 130 130 130 130 130 130 131 131 130 131 131 131 131 131 131 131 131 131 130 131 131 132 132 132 131 131 131 131 131 131 131 130 NA NA NA NA NA NA NA NA NA NA NA NA NA NA NA NA NA NA NA NA NA NA NA NA 132 132 133 133 133 134 134 134 134 134 134 134 134 134 135 135 135 135 134 134 134 134 134 134 134 134 134 134 134 134 134 134 134 134 135 135 134 134 134 134 135 134 135 134 134 135 135 135 135 135 135 135 135 135 135 135 135 135 135 135 135 135 135 NA NA NA NA NA NA NA NA NA NA NA NA NA NA NA NA NA NA NA NA NA NA NA NA NA NA NA NA NA NA
NA NA NA NA NA NA NA NA NA NA NA NA NA NA NA NA NA NA NA NA NA NA NA NA NA NA NA NA NA NA NA NA NA NA NA NA NA NA NA NA NA NA NA NA NA 63 63 63 64 64 64 65 65 65 65 66 66 66 66 66 67 67 67 68 68 68 69 69 69 69 70 70 70 71 71 71 72 72 72 72 73 73 73 73 74 74 75 75 75 75 76 76 76 76 76 77 77 77 78 78 78 79 79 79 79 80 80 80 81 81 81 81 82 82 82 82 83 83 83 84 84 84 85 85 85 85 86 86 86 87 87 87 87 88 88 88 88 89 89 89 90 90 91 91 91 91 92 92 92 93 93 93 93 94 94 94 94 95 95 95 95 96 96 96 97 97 97 97 98 98 98 98 98 99 99 99 99 100 100 100 101 101 101 101 102 102 102 102 102 102 103 103 104 104 104 105 105 105 105 106 106 106 106 107 107 107 107 107 107 107 107 108 108 108 108 109 109 109 109 109 109 109 110 110 110 110 110 111 111 111 111 111 112 112 112 112 113 113 113 113 113 113 114 115 115 115 115 115 115 116 116 116 116 116 117 117 117 117 117 117 117 117 118 118 118 118 118 119 119 119 119 119 119 119 120 120 120 120 120 120 120 121 121 121 121 121 121 121 122 122 122 122 123 123 123 124 124 124 124 124 124 125 125 125 125 125 125 125 125 125 126 126 126 126 126 126 127 127 127 127 127 127 127 127 127 127 127 127 127 127 127 127 127 127 128 127 128 128 128 128 128 128 127 128 128 129 129 129 130 130 130 130 130 130 129 129 129 130 130 130 131 131 130 131 130 131 131 131 131 131 131 131 131 131 131 131 132 132 132 131 131 131 130 131 131 130 NA NA NA NA NA NA NA NA NA NA NA NA NA NA NA NA NA NA NA NA NA NA NA 132 132 133 133 133 133 134 134 134 134 134 134 134 134 134 134 134 134 134 135 135 135 134 135 134 134 134 134 134 134 134 134 134 134 134 134 134 134 134 134 134 134 134 134 134 134 134 134 135 135 135 135 135 135 135 135 135 135 135 135 135 135 135 135 NA NA NA NA NA NA NA NA NA NA NA NA NA NA NA NA NA NA NA NA NA NA NA NA NA NA NA NA NA NA
NA NA NA NA NA NA NA NA NA NA NA NA NA NA NA NA NA NA NA NA NA NA NA NA NA NA NA NA NA NA NA NA NA NA NA NA NA NA NA NA NA NA NA NA NA 63 63 63 64 64 64 64 65 65 65 65 66 66 66 66 67 67 67 67 68 68 68 69 69 69 70 70 70 70 71 71 71 72 72 72 73 73 73 73 74 74 74 75 75 75 75 76 76 76 76 77 77 77 78 78 78 78 79 79 79 80 80 80 80 81 81 81 82 82 82 82 82 83 83 84 84 84 84 85 85 85 85 86 86 87 87 87 87 88 88 88 89 89 89 89 90 90 91 91 91 91 92 92 92 92 93 93 93 94 94 94 94 94 95 95 95 96 96 96 96 97 97 97 97 98 98 98 98 99 99 99 99 100 100 100 100 101 101 101 101 101 102 102 102 103 103 103 104 104 104 105 105 105 105 105 106 106 106 107 107 107 107 107 107 107 107 107 108 108 108 109 109 109 109 109 110 110 109 110 110 110 110 111 111 111 111 111 112 112 112 112 113 113 113 113 113 114 114 115 115 115 115 115 115 116 116 116 116 116 116 117 117 117 117 117 117 117 118 118 118 118 118 118 119 119 119 119 119 119 120 120 120 120 120 120 120 121 121 121 121 121 121 121 122 122 122 122 123 123 123 123 124 124 124 124 124 124 125 125 125 125 125 125 125 125 126 126 126 126 126 126 126 126 127 127 127 127 127 127 127 127 127 127 127 127 127 127 127 127 127 127 128 128 128 128 128 128 127 128 128 129 129 129 129 129 129 129 129 129 129 129 130 130 130 130 131 130 131 130 130 130 131 131 131 131 131 131 132 132 132 132 132 132 132 132 131 131 130 130 131 131 130 NA NA NA NA NA NA NA NA NA NA NA NA NA NA NA NA NA NA NA NA NA NA 132 133 133 133 133 133 134 134 134 134 134 135 135 134 134 134 134 134 134 134 134 134 134 134 134 134 134 134 134 134 134 134 134 134 134 134 134 134 134 134 134 134 NA NA NA NA NA NA NA NA 135 135 135 135 135 135 135 135 135 135 135 135 135 135 135 NA NA NA NA NA NA NA NA NA NA NA NA NA NA NA NA NA NA NA NA NA NA NA NA NA NA NA NA NA
NA NA NA NA NA NA NA NA NA NA NA NA NA NA NA NA NA NA NA NA NA NA NA NA NA NA NA NA NA NA NA NA NA NA NA NA NA NA NA NA NA NA NA 62 62 62 63 63 63 64 64 64 64 65 65 65 66 66 66 66 67 67 67 67 68 68 68 69 69 69 70 70 70 70 71 71 71 71 72 72 73 73 73 73 74 74 74 74 75 75 75 75 75 76 76 77 77 77 78 78 78 78 79 79 79 79 80 80 80 81 81 81 82 82 82 82 83 83 83 84 84 84 84 85 85 85 86 86 86 86 87 87 87 88 88 88 88 89 89 89 90 90 90 91 91 91 92 92 92 92 93 93 93 93 94 94 94 94 95 95 95 96 96 96 96 97 97 97 97 98 98 98 98 98 99 99 99 100 100 100 100 101 101 101 101 101 102 102 102 102 103 103 104 104 104 104 105 105 105 105 105 106 106 106 106 107 107 107 107 107 107 107 108 108 108 108 109 109 109 109 109 110 110 110 110 110 110 111 111 111 111 111 112 112 112 112 112 113 113 113 113 114 114 114 115 115 115 115 115 115 116 116 116 116 116 116 117 117 117 117 117 117 118 118 118 118 118 118 119 119 119 119 119 119 120 120 120 120 120 120 120 121 121 121 121 121 121 121 121 122 122 122 123 123 123 123 124 124 124 124 124 124 125 125 125 125 125 125 125 126 126 126 126 126 126 126 126 126 127 127 127 127 127 127 127 127 127 127 127 127 127 127 127 127 127 128 128 128 128 127 128 128 128 128 128 129 129 129 129 129 129 129 129 129 129 129 130 130 130 130 131 131 130 130 130 130 130 131 131 131 131 131 131 132 132 132 132 131 132 132 132 131 131 131 131 131 131 131 NA NA NA NA NA NA NA NA NA NA NA NA NA NA NA NA NA NA NA NA 132 132 132 133 133 134 134 134 134 134 134 134 134 134 134 134 134 134 134 134 134 134 134 134 134 135 134 134 134 134 134 134 134 134 134 134 134 134 134 134 134 134 NA NA NA NA NA NA NA NA NA NA 135 135 135 135 135 135 135 135 135 135 135 135 135 NA NA NA NA NA NA NA NA NA NA NA NA NA NA NA NA NA NA NA NA NA NA NA NA NA NA NA NA NA NA
NA NA NA NA NA NA NA NA NA NA NA NA NA NA NA NA NA NA NA NA NA NA NA NA NA NA NA NA NA NA NA NA NA NA NA NA NA NA NA NA NA NA NA 62 62 62 62 63 63 63 64 64 64 65 65 65 66 66 66 67 67 67 67 67 68 68 68 68 69 69 69 70 70 70 71 71 71 71 72 72 72 73 73 73 73 74 74 74 75 75 75 75 76 76 76 77 77 77 78 78 78 78 79 79 79 79 80 80 80 81 81 81 82 82 82 82 83 83 83 83 84 84 84 85 85 85 86 86 86 86 87 87 87 87 88 88 88 89 89 89 89 90 90 91 91 91 91 92 92 92 93 93 93 93 94 94 94 94 95 95 95 95 96 96 96 96 97 97 97 98 98 98 98 98 99 99 99 100 100 100 100 100 101 101 101 101 101 102 102 102 102 103 104 104 104 104 104 105 105 105 105 106 106 106 106 107 107 107 107 107 107 107 107 108 108 108 108 109 109 109 109 109 110 110 110 110 110 111 110 111 111 112 112 112 112 112 112 112 113 113 113 113 114 114 114 115 115 115 115 115 115 116 116 116 116 116 116 117 117 117 117 117 117 118 118 118 118 118 119 119 119 119 119 119 119 120 120 120 120 120 120 120 121 121 121 121 121 121 121 122 122 122 123 123 123 123 123 124 124 124 124 124 124 125 125 125 125 125 125 125 126 125 126 126 126 126 126 126 127 127 127 127 127 127 127 127 127 127 127 127 127 127 127 127 127 127 127 127 127 128 127 127 127 128 129 129 129 129 129 129 129 129 129 129 129 129 130 130 130 131 131 130 130 131 130 130 130 131 131 131 131 131 131 131 132 132 131 131 131 131 132 132 131 131 131 131 131 132 131 131 NA NA NA NA NA NA NA NA NA NA NA NA NA NA NA NA NA NA 132 132 133 133 134 134 134 134 134 135 135 134 134 134 134 134 134 134 134 134 134 134 134 134 134 134 134 134 134 134 134 134 134 134 134 134 134 134 134 134 134 134 NA NA NA NA NA NA NA NA NA NA NA NA 135 135 135 135 135 135 135 135 135 NA NA NA NA NA NA NA NA NA NA NA NA NA NA NA NA NA NA NA NA NA NA NA NA NA NA NA NA NA NA NA NA
NA NA NA NA NA NA NA NA NA NA NA NA NA NA NA NA NA NA NA NA NA NA NA NA NA NA NA NA NA NA NA NA NA NA NA NA NA 60 60 61 61 61 61 61 62 62 62 63 63 63 64 64 65 65 65 65 66 66 66 67 67 67 67 67 68 68 68 68 69 69 69 70 70 70 71 71 71 71 72 72 72 73 73 73 73 74 74 74 75 75 76 76 75 76 76 77 77 77 78 78 78 78 79 79 79 80 80 80 80 81 81 81 81 82 82 82 83 83 83 83 84 84 84 85 85 85 85 86 86 86 86 87 87 87 88 88 88 89 89 89 89 90 90 91 91 91 91 92 92 92 92 93 93 93 93 94 94 94 95 95 95 95 95 96 96 96 97 97 97 97 98 98 98 98 99 99 99 99 100 100 100 100 100 101 101 101 101 101 102 102 102 102 103 104 104 104 105 105 105 105 105 106 106 106 106 107 107 107 107 107 107 107 107 108 108 108 108 108 109 109 109 109 109 110 110 110 110 110 110 111 111 112 112 112 112 112 112 112 113 113 113 113 114 114 114 115 115 115 115 115 115 116 116 116 116 116 116 116 117 117 117 117 117 117 118 118 118 118 119 119 119 119 119 119 119 120 120 120 120 120 120 120 121 121 121 121 121 121 121 121 122 122 123 123 123 123 123 124 124 124 124 124 124 125 125 125 125 125 125 125 125 125 125 126 126 126 126 126 126 126 127 127 127 127 127 127 127 127 127 127 127 127 127 127 127 127 127 127 127 127 127 127 127 128 128 128 129 129 128 129 129 129 130 129 129 130 130 130 130 130 130 130 130 130 130 130 131 131 131 131 131 131 131 131 132 132 131 131 131 131 131 131 131 131 131 131 131 131 131 131 131 NA NA NA NA NA NA NA NA NA NA NA NA NA NA NA NA 132 133 132 133 133 134 134 134 134 134 134 134 134 134 134 134 134 134 134 134 134 134 134 134 134 134 134 134 134 134 134 134 134 134 134 134 134 134 134 134 134 134 NA NA NA NA NA NA NA NA NA NA NA NA NA NA NA 135 135 135 135 NA NA NA NA NA NA NA NA NA NA NA NA NA NA NA NA NA NA NA NA NA NA NA NA NA NA NA NA NA NA NA NA NA NA NA
NA NA NA NA NA NA NA NA NA NA NA NA NA NA NA NA NA NA NA NA NA NA NA NA NA NA NA NA NA NA NA NA NA NA NA NA NA 60 60 60 61 61 61 61 62 62 62 63 63 63 64 64 64 65 65 65 65 66 66 67 67 67 67 67 68 68 68 68 69 69 69 69 70 70 70 71 71 71 72 72 72 72 73 73 73 73 74 74 74 75 75 76 75 76 76 77 77 77 77 78 78 78 78 79 79 79 80 80 80 81 81 81 81 81 82 82 82 83 83 83 84 84 84 84 85 85 85 86 86 86 86 87 87 87 88 88 88 88 89 89 89 90 90 90 91 91 91 91 92 92 92 93 93 93 93 94 94 94 94 95 95 95 95 96 96 96 96 97 97 97 98 98 98 98 98 99 99 99 99 100 100 100 100 101 101 101 101 101 102 102 102 102 103 104 104 104 104 105 105 105 105 105 106 106 106 106 107 107 107 107 107 107 107 108 108 108 108 108 108 109 109 109 109 109 110 110 110 110 111 111 111 111 112 112 112 112 112 112 113 113 113 113 114 114 114 115 115 115 115 115 115 116 116 116 116 116 116 116 116 117 117 117 117 117 117 118 118 118 118 119 119 119 119 119 119 120 120 120 120 120 120 120 121 121 121 121 121 121 121 121 122 122 123 123 123 123 123 124 124 124 124 124 124 124 124 125 125 125 125 125 125 125 125 125 126 126 126 126 126 126 127 127 127 127 127 127 127 127 127 127 127 127 127 127 127 127 128 127 127 127 128 128 128 129 128 128 129 129 129 129 129 129 130 129 130 130 130 130 130 130 130 130 130 130 131 131 131 131 131 131 131 132 131 131 132 132 131 131 131 131 131 131 131 131 132 132 131 131 131 131 131 NA NA NA NA NA NA NA NA NA NA NA NA NA NA NA 131 132 132 133 133 133 134 134 134 134 134 134 134 134 134 134 134 134 134 133 133 134 134 134 134 134 134 134 134 134 134 134 134 134 134 134 134 134 134 134 135 134 134 NA NA NA NA NA NA NA NA NA NA NA NA NA NA NA NA NA NA NA NA NA NA NA NA NA NA NA NA NA NA NA NA NA NA NA NA NA NA NA NA NA NA NA NA NA NA NA NA NA NA NA NA NA NA
NA NA NA NA NA NA NA NA NA NA NA NA NA NA NA NA NA NA NA NA NA NA NA NA NA NA NA NA NA NA NA NA NA NA NA NA NA 60 60 60 61 61 61 61 61 61 62 63 63 63 63 64 64 64 65 65 65 66 66 66 66 67 67 67 67 68 68 68 68 69 69 69 69 70 70 71 71 71 72 72 72 72 73 73 73 73 74 74 74 75 75 75 75 76 76 76 77 77 77 78 78 78 78 79 79 79 80 80 80 80 81 81 81 81 82 82 82 83 83 83 83 84 84 84 84 85 85 85 86 86 86 87 87 87 87 88 88 88 89 89 89 89 90 90 91 91 91 91 92 92 92 92 93 93 93 94 94 94 94 94 95 95 95 96 96 96 96 97 97 97 97 98 98 98 98 99 99 99 99 100 100 100 100 100 101 101 101 101 102 102 102 103 103 103 104 104 104 104 105 105 105 105 105 106 106 106 106 107 107 107 107 107 107 107 107 108 108 108 108 109 109 109 109 109 109 110 110 111 111 111 111 111 112 112 112 112 112 112 113 113 113 113 114 114 114 114 115 115 115 115 115 116 116 116 116 116 116 116 117 117 117 117 117 117 117 118 118 118 118 119 119 119 119 119 119 119 120 120 120 120 120 120 120 121 121 121 121 121 121 121 122 122 123 123 123 123 123 123 124 124 124 124 124 124 124 125 125 125 125 125 125 125 125 125 125 126 126 126 126 126 126 127 127 127 127 127 127 127 128 128 128 127 127 127 128 127 127 127 127 128 128 129 128 128 128 128 129 129 129 129 129 129 130 129 130 130 130 130 130 130 130 130 130 131 131 131 131 131 131 131 131 132 132 132 132 131 131 131 131 131 131 131 131 132 132 132 131 132 131 131 131 NA NA NA NA NA NA NA NA NA NA NA NA NA NA NA 132 132 133 133 133 134 134 134 134 134 134 134 134 134 134 134 134 134 134 133 133 134 134 133 133 134 134 134 134 134 134 134 134 134 134 134 134 134 134 135 135 135 134 NA NA NA NA NA NA NA NA NA NA NA NA NA NA NA NA NA NA NA NA NA NA NA NA NA NA NA NA NA NA NA NA NA NA NA NA NA NA NA NA NA NA NA NA NA NA NA NA NA NA NA NA NA NA
NA NA NA NA NA NA NA NA NA NA NA NA NA NA NA NA NA NA NA NA NA NA NA NA NA NA NA NA NA NA NA NA NA NA NA NA NA 59 60 60 61 61 61 61 61 61 62 62 63 63 63 64 64 64 64 65 65 66 66 66 66 67 67 67 67 68 68 68 69 69 69 69 69 70 70 70 71 71 71 72 72 72 72 73 73 74 74 74 74 75 75 75 75 76 76 76 76 77 77 77 78 78 78 79 79 79 79 80 80 80 81 81 81 81 82 82 82 82 83 83 83 83 84 84 84 85 85 85 85 86 86 86 87 87 87 88 88 88 88 89 89 89 90 90 91 91 91 91 92 92 92 92 93 93 93 93 94 94 94 94 95 95 95 96 96 96 96 96 97 97 97 98 98 98 98 99 99 99 99 100 100 100 100 100 101 101 101 101 102 102 102 102 103 104 104 104 104 104 104 105 105 105 105 105 106 106 106 106 107 107 107 107 107 107 107 107 108 108 108 108 109 109 109 109 109 109 110 111 110 111 111 111 111 112 112 112 112 112 113 113 113 113 114 114 114 114 115 115 115 115 115 115 116 116 116 116 116 116 117 117 117 117 117 117 117 117 118 118 118 118 119 119 119 119 119 119 120 120 120 120 120 120 120 121 121 121 121 121 121 121 121 122 123 123 123 123 123 123 124 124 124 124 124 124 124 124 125 125 125 125 125 125 126 126 125 125 125 126 126 126 126 126 126 127 127 127 127 127 127 128 128 128 128 128 128 127 127 127 128 128 128 128 128 128 128 128 129 129 129 129 129 129 129 129 129 129 129 130 130 130 130 130 130 131 130 131 131 131 131 131 131 131 132 132 132 131 131 131 131 131 131 131 131 132 131 131 131 132 131 131 131 131 131 NA NA NA NA NA NA NA NA NA NA NA NA 131 132 132 132 133 133 134 134 134 134 134 134 134 134 134 134 134 134 134 134 134 134 134 134 133 134 133 134 134 134 134 134 134 134 134 134 134 134 134 134 134 134 134 134 NA NA NA NA NA NA NA NA NA NA NA NA NA NA NA NA NA NA NA NA NA NA NA NA NA NA NA NA NA NA NA NA NA NA NA NA NA NA NA NA NA NA NA NA NA NA NA NA NA NA NA NA NA NA
NA NA NA NA NA NA NA NA NA NA NA NA NA NA NA NA NA NA NA NA NA NA NA NA NA NA NA NA NA NA NA NA NA NA NA NA NA NA 59 60 61 62 62 62 62 62 62 62 63 63 63 64 64 64 64 65 65 65 66 66 66 66 67 67 67 68 68 68 69 69 69 69 69 70 70 70 70 71 71 71 72 72 72 73 73 74 74 74 74 75 75 75 75 75 76 76 76 77 77 77 78 78 78 78 79 79 79 79 80 80 80 81 81 81 81 82 82 82 83 83 83 83 84 84 84 84 85 85 85 85 86 86 86 87 87 87 88 88 88 89 89 89 90 90 90 91 91 91 92 92 92 92 93 93 93 93 93 94 94 94 95 95 95 96 96 96 96 96 97 97 97 97 98 98 98 99 99 99 99 99 100 100 100 100 101 101 101 101 102 102 102 102 103 104 104 104 104 104 105 105 105 105 105 105 106 106 106 106 107 107 107 107 107 107 107 107 108 108 108 108 108 109 109 109 109 110 110 110 110 110 111 111 111 112 112 112 112 112 112 113 113 113 114 114 114 114 115 115 115 115 115 115 116 116 116 116 116 116 117 117 117 117 117 117 117 117 118 118 118 118 119 119 119 119 119 119 119 120 120 120 120 120 120 121 121 121 121 121 121 121 121 122 123 123 123 123 123 123 123 124 124 124 124 124 124 125 125 125 125 125 125 125 126 126 125 125 125 126 126 126 126 126 126 127 127 127 127 127 127 127 128 128 128 127 127 127 127 127 127 128 128 128 128 128 128 128 129 129 129 129 129 129 129 129 129 129 129 129 129 129 129 130 130 130 130 131 131 131 131 131 131 131 131 132 131 131 131 131 132 132 131 131 131 131 131 132 132 132 132 132 131 131 131 131 131 NA NA NA NA NA NA NA NA NA 131 131 132 132 133 133 133 134 134 134 134 134 134 134 134 134 134 135 134 134 134 134 134 134 134 134 134 134 134 133 134 134 134 134 134 134 134 134 134 134 134 134 134 134 NA NA NA NA NA NA NA NA NA NA NA NA NA NA NA NA NA NA NA NA NA NA NA NA NA NA NA NA NA NA NA NA NA NA NA NA NA NA NA NA NA NA NA NA NA NA NA NA NA NA NA NA NA NA NA
NA NA NA NA NA NA NA NA NA NA NA NA NA NA NA NA NA NA NA NA NA NA NA NA NA NA NA NA NA NA NA NA NA NA NA NA NA NA 59 60 60 61 61 61 62 62 62 62 62 63 63 64 64 64 64 65 65 65 66 66 66 67 67 67 67 67 68 68 68 68 69 69 69 70 70 70 70 71 71 71 72 72 72 73 73 73 74 74 75 75 75 75 75 75 75 76 76 77 77 77 77 78 78 78 78 79 79 79 80 80 80 80 81 81 81 82 82 82 82 83 83 83 83 84 84 85 85 85 85 86 86 86 86 87 87 87 88 88 88 89 89 89 90 90 90 91 91 91 91 92 92 92 92 93 93 93 93 94 94 94 95 95 95 95 96 96 96 96 97 97 97 97 98 98 98 98 99 99 99 99 99 100 100 100 100 101 101 101 101 102 102 102 103 103 103 104 104 104 104 105 105 105 105 106 106 106 106 106 106 106 107 107 107 107 107 107 107 108 108 108 108 109 109 109 109 110 110 110 110 110 111 111 111 111 112 112 112 112 112 112 113 113 114 114 114 114 114 115 115 115 115 115 115 116 116 116 116 116 117 117 117 117 117 117 117 117 117 118 118 118 119 119 119 119 119 119 119 120 120 120 120 120 120 120 121 121 121 121 121 121 121 121 123 123 123 123 123 123 123 124 124 124 124 124 124 125 125 125 125 125 125 125 126 125 126 125 125 126 126 126 126 126 126 126 127 127 127 127 127 128 128 128 128 127 127 127 128 127 128 128 128 128 128 128 128 128 129 129 129 129 129 129 129 129 129 129 129 129 129 130 130 129 130 130 130 130 130 131 131 131 131 131 132 132 132 131 131 132 132 132 132 131 131 132 131 132 132 132 132 132 132 131 131 131 131 131 NA NA NA NA NA NA NA 131 131 132 132 133 133 133 134 134 134 134 134 134 134 134 134 134 134 135 135 135 134 134 134 134 134 134 134 134 134 134 134 134 134 134 NA NA 134 134 134 134 134 134 134 NA NA NA NA NA NA NA NA NA NA NA NA NA NA NA NA NA NA NA NA NA NA NA NA NA NA NA NA NA NA NA NA NA NA NA NA NA NA NA NA NA NA NA NA NA NA NA NA NA NA NA NA NA NA NA NA
NA NA NA NA NA NA NA NA NA NA NA NA NA NA NA NA NA NA NA NA NA NA NA NA NA NA NA NA NA NA NA NA NA NA NA NA NA NA NA 60 60 60 60 61 61 62 62 63 63 63 63 64 64 64 64 65 65 65 65 66 66 67 67 67 67 67 68 68 68 69 69 69 69 69 70 70 70 71 71 71 72 72 72 73 73 73 73 74 74 75 75 75 75 75 75 76 76 76 77 77 77 78 78 78 78 79 79 79 79 79 80 80 80 81 81 81 82 82 82 82 83 83 83 84 84 85 85 85 85 86 86 86 87 87 87 87 88 88 88 88 89 89 90 90 90 91 91 91 91 92 92 92 92 92 93 93 93 94 94 94 95 95 95 95 95 96 96 96 96 97 97 97 97 98 98 98 98 99 99 99 99 100 100 100 100 101 101 101 101 102 102 102 103 103 104 104 104 104 104 105 105 105 105 106 106 106 106 106 106 107 107 107 107 107 107 107 107 108 108 108 108 108 109 109 109 109 110 110 110 110 110 111 111 111 111 111 112 112 112 112 113 113 114 114 114 114 114 115 115 115 115 115 115 116 116 116 116 116 117 117 117 117 117 117 117 117 117 118 118 118 118 119 119 119 119 119 119 120 120 120 120 120 120 120 121 121 121 120 121 121 121 121 123 123 123 123 123 123 123 124 124 124 124 124 124 124 125 125 125 125 125 125 125 126 126 126 125 126 126 126 126 126 126 126 127 127 127 127 127 128 128 128 128 127 127 127 127 128 128 128 128 128 128 128 128 128 129 129 129 129 129 129 129 129 129 129 129 130 130 130 130 129 130 130 131 130 131 131 131 131 131 131 131 132 132 132 132 132 132 132 132 132 132 132 132 131 131 131 132 131 131 131 131 131 131 131 131 131 131 131 131 132 132 131 132 132 132 133 133 134 134 134 134 134 134 134 134 134 134 134 134 134 134 134 134 134 134 134 134 134 134 134 134 134 134 134 134 NA NA NA NA NA NA NA NA NA NA NA NA NA NA NA NA NA NA NA NA NA NA NA NA NA NA NA NA NA NA NA NA NA NA NA NA NA NA NA NA NA NA NA NA NA NA NA NA NA NA NA NA NA NA NA NA NA NA NA NA NA NA NA NA NA NA
NA NA NA NA NA NA NA NA NA NA NA NA NA NA NA NA NA NA NA NA NA NA NA NA NA NA NA NA NA NA NA NA NA NA NA NA NA NA NA 59 60 60 60 60 61 61 62 63 63 63 63 64 64 64 64 64 64 65 65 66 66 67 67 67 67 67 68 68 68 69 69 69 69 69 70 70 70 70 71 71 72 72 72 73 73 73 73 74 74 74 75 75 75 75 75 75 76 76 77 77 77 78 78 78 78 79 79 79 79 79 80 80 80 80 81 81 81 82 82 82 83 83 83 84 84 85 85 85 85 86 86 86 87 87 87 87 88 88 88 88 89 89 90 90 90 90 91 91 91 91 92 92 92 92 93 93 93 94 94 94 94 95 95 95 95 96 96 96 96 97 96 97 97 98 98 98 98 99 99 99 99 99 100 100 100 100 101 101 101 102 102 102 103 103 103 103 104 104 104 105 105 105 105 105 105 105 106 106 106 107 107 107 107 107 107 107 108 108 108 108 108 108 109 109 109 109 110 110 110 110 111 111 111 111 111 111 112 112 112 112 112 113 114 114 114 114 114 114 115 115 115 115 115 116 116 116 116 116 116 117 117 117 117 117 117 117 117 117 118 118 118 119 119 119 119 119 119 119 120 120 120 120 120 120 120 121 121 120 121 121 121 121 123 123 123 123 123 123 123 124 124 124 124 124 124 125 125 125 125 125 125 125 125 126 126 126 126 126 126 126 126 126 126 126 127 127 127 127 127 128 128 128 128 127 127 128 127 128 128 128 128 128 128 128 128 128 128 129 129 129 129 129 129 129 129 129 129 129 130 130 130 130 129 130 130 131 131 131 131 131 131 131 132 132 132 132 132 132 132 132 133 132 132 132 132 132 131 132 132 131 132 132 131 131 131 131 131 131 131 132 132 132 132 132 132 132 132 133 133 133 134 134 134 134 134 134 134 134 134 134 134 134 134 134 134 134 134 134 134 134 134 134 134 134 134 134 134 NA NA NA NA NA NA NA NA NA NA NA NA NA NA NA NA NA NA NA NA NA NA NA NA NA NA NA NA NA NA NA NA NA NA NA NA NA NA NA NA NA NA NA NA NA NA NA NA NA NA NA NA NA NA NA NA NA NA NA NA NA NA NA NA NA NA
NA NA NA NA NA NA NA NA NA NA NA NA NA NA NA NA NA NA NA NA NA NA NA NA NA NA NA NA NA NA NA NA NA NA NA NA NA NA NA 59 60 60 60 60 61 61 62 62 62 63 63 63 64 64 65 65 65 65 65 66 66 67 67 67 67 68 68 68 68 69 69 69 70 70 70 70 70 70 71 71 71 72 72 72 73 73 73 74 74 74 74 75 75 75 75 75 76 76 76 77 77 77 78 78 79 79 79 79 79 80 80 80 80 80 81 81 81 82 82 82 83 83 84 84 84 84 85 85 85 86 86 86 86 87 87 87 88 88 88 88 89 89 90 90 90 90 91 91 91 91 91 92 92 93 93 93 93 94 94 94 94 94 95 95 95 96 96 96 96 96 96 97 97 97 98 98 98 99 99 99 99 99 100 100 100 100 100 101 101 101 102 102 103 103 103 103 104 104 104 104 105 105 105 105 105 105 106 106 106 106 106 106 107 107 107 107 107 108 108 108 108 108 109 109 109 109 109 110 110 110 111 111 111 111 111 111 112 112 112 112 112 112 114 114 114 114 114 114 115 115 115 115 115 116 116 116 116 116 116 117 117 117 117 117 117 117 117 117 118 118 118 118 119 119 119 119 119 119 120 120 120 120 120 120 120 121 120 120 121 121 121 121 123 123 123 123 123 123 123 123 124 124 124 124 124 124 125 125 125 125 125 125 125 126 126 126 126 126 126 126 126 126 126 126 127 127 127 127 127 127 128 128 127 127 128 128 128 128 128 128 128 128 128 128 128 128 128 128 129 129 128 129 129 129 129 130 130 130 130 130 130 130 130 129 129 130 131 131 131 131 131 131 132 132 132 131 132 132 132 132 132 133 133 133 133 132 132 132 131 131 131 131 131 131 131 132 131 131 131 132 132 132 131 132 132 132 133 133 133 133 134 134 134 134 134 134 134 134 134 134 134 134 134 134 134 134 134 134 134 134 134 134 134 134 134 134 134 134 NA NA NA NA NA NA NA NA NA NA NA NA NA NA NA NA NA NA NA NA NA NA NA NA NA NA NA NA NA NA NA NA NA NA NA NA NA NA NA NA NA NA NA NA NA NA NA NA NA NA NA NA NA NA NA NA NA NA NA NA NA NA NA NA NA
NA NA NA NA NA NA NA NA NA NA NA NA NA NA NA NA NA NA NA NA NA NA NA NA NA NA NA NA NA NA NA NA NA NA NA NA NA NA NA 60 60 60 60 60 60 61 61 62 62 63 63 63 63 64 65 65 65 65 65 66 66 67 67 67 67 68 68 68 69 69 69 69 70 70 70 70 70 70 71 71 71 72 72 72 73 73 73 73 74 74 74 75 75 75 76 76 76 76 76 77 77 77 78 78 78 79 79 79 80 80 80 80 81 81 81 81 82 82 82 82 83 83 84 84 84 84 85 85 85 86 86 86 86 87 87 87 88 88 88 88 89 89 90 90 90 90 90 91 91 91 92 92 92 93 93 93 93 94 94 94 94 94 95 95 95 96 96 96 96 96 97 97 97 98 98 98 98 98 99 99 99 99 99 100 100 100 100 101 101 101 102 102 102 103 103 103 104 104 104 104 104 105 105 105 105 105 106 106 106 106 106 106 107 107 107 107 107 108 108 108 108 109 109 109 109 109 109 110 110 110 111 111 111 111 111 111 111 112 112 112 112 112 113 114 114 114 114 114 115 115 115 115 115 115 116 116 116 116 116 117 117 117 117 117 117 117 117 117 118 118 118 118 119 119 119 119 119 119 120 120 120 120 120 120 120 120 120 120 120 121 121 121 123 123 123 123 123 123 123 123 124 124 124 124 124 124 124 125 125 125 125 125 125 126 126 126 126 126 126 126 126 126 126 126 127 127 127 127 127 127 127 128 127 128 128 128 128 128 128 128 128 128 128 128 128 128 128 128 128 128 128 129 129 129 129 129 130 130 130 130 130 130 130 129 129 130 130 131 131 131 131 131 132 132 132 131 132 132 132 132 132 132 132 132 133 132 131 131 131 131 131 132 132 132 132 131 132 131 132 132 132 132 131 132 132 132 132 133 133 134 134 134 134 133 133 134 134 134 134 134 134 134 134 134 134 134 134 134 134 134 134 134 134 134 134 134 134 134 NA NA NA NA NA NA NA NA NA NA NA NA NA NA NA NA NA NA NA NA NA NA NA NA NA NA NA NA NA NA NA NA NA NA NA NA NA NA NA NA NA NA NA NA NA NA NA NA NA NA NA NA NA NA NA NA NA NA NA NA NA NA NA NA NA
NA NA NA NA NA NA NA NA NA NA NA NA NA NA NA NA NA NA NA NA NA NA NA NA NA NA NA NA NA NA NA NA NA NA NA NA NA NA NA NA 60 60 60 60 60 61 61 62 62 63 63 63 64 64 65 65 65 65 65 66 66 66 67 67 67 67 68 68 68 69 69 69 69 69 70 70 70 70 71 71 71 72 72 72 73 73 73 73 74 74 74 75 75 75 75 76 76 76 76 76 77 77 78 78 78 79 79 79 80 80 80 81 81 81 81 82 82 82 82 83 83 83 84 84 84 85 85 85 85 85 86 86 86 86 87 87 87 88 88 88 88 89 89 90 90 90 90 91 91 91 92 92 92 92 93 93 93 93 94 94 94 94 95 95 95 96 96 96 96 96 97 97 97 97 98 98 98 98 99 98 98 98 99 99 100 100 100 101 101 101 101 101 102 103 103 103 104 104 104 104 104 105 105 105 105 105 105 106 106 106 106 106 107 107 107 107 107 108 108 108 108 109 109 109 109 109 109 109 110 110 110 110 111 111 111 111 112 112 112 112 112 112 113 114 114 114 114 114 115 115 115 115 115 115 115 116 116 116 116 116 116 117 117 117 117 117 117 117 117 118 118 118 119 119 119 119 119 119 119 120 120 120 120 120 120 120 120 120 121 121 121 121 123 123 123 123 123 123 123 123 123 124 124 124 124 124 124 124 125 125 125 125 126 126 126 126 126 126 126 126 126 126 126 126 126 127 127 127 127 127 127 127 128 128 128 128 128 128 128 128 128 128 128 128 128 128 128 129 128 128 128 129 129 129 129 129 129 129 130 130 130 131 130 129 129 130 131 131 131 131 131 132 132 132 131 131 132 132 132 132 132 132 132 132 132 132 132 132 132 131 131 132 132 132 132 132 132 132 132 132 132 132 132 132 132 132 133 133 133 134 134 134 134 133 134 134 134 133 134 134 134 134 134 134 134 134 134 134 134 134 134 134 134 134 134 134 134 134 134 NA NA NA NA NA NA NA NA NA NA NA NA NA NA NA NA NA NA NA NA NA NA NA NA NA NA NA NA NA NA NA NA NA NA NA NA NA NA NA NA NA NA NA NA NA NA NA NA NA NA NA NA NA NA NA NA NA NA NA NA NA NA NA NA
NA NA NA NA NA NA NA NA NA NA NA NA NA NA NA NA NA NA NA NA NA NA NA NA NA NA NA NA NA NA NA NA NA NA NA NA NA NA NA NA 60 60 60 60 61 61 61 62 62 62 63 63 64 64 65 65 66 66 65 65 66 66 67 67 67 68 67 68 68 69 69 69 69 69 69 70 70 71 71 71 71 72 72 72 73 73 73 73 74 74 74 75 75 75 76 76 76 76 76 76 77 77 78 78 78 79 79 79 80 80 80 80 81 81 81 82 82 82 82 83 83 83 83 84 84 84 85 85 85 85 86 86 86 86 87 87 87 88 88 88 88 89 89 89 90 90 90 91 91 91 92 92 92 92 93 93 93 93 93 94 94 94 95 95 95 95 96 96 96 96 97 97 97 97 98 98 98 98 98 98 98 99 99 99 100 100 100 101 101 101 101 101 102 103 103 103 103 104 104 104 104 104 105 105 105 105 105 106 106 106 106 106 106 107 107 107 108 108 108 108 108 108 109 109 109 109 109 109 110 110 110 110 111 111 111 111 111 112 112 112 112 112 113 113 114 114 114 114 114 115 115 115 115 115 115 115 116 116 116 116 117 117 117 117 117 117 117 117 117 118 118 118 118 119 119 119 119 119 119 120 120 120 120 120 120 120 120 120 121 121 121 121 123 123 123 123 123 123 123 123 123 124 124 124 124 124 124 124 125 125 125 125 125 126 126 126 126 126 126 126 126 126 126 126 126 126 126 127 127 127 128 128 128 128 128 128 128 128 128 128 128 128 128 128 129 128 128 129 128 128 129 129 130 129 129 129 129 130 129 129 130 130 130 130 129 129 130 130 130 131 131 131 131 131 131 131 132 132 132 132 132 132 132 132 132 133 132 132 132 132 132 132 132 132 132 132 132 132 132 132 132 132 132 132 132 132 133 133 133 134 134 134 134 134 134 134 133 134 133 134 134 134 134 134 134 134 134 134 134 134 134 134 134 134 134 134 134 134 134 134 NA NA NA NA NA NA NA NA NA NA NA NA NA NA NA NA NA NA NA NA NA NA NA NA NA NA NA NA NA NA NA NA NA NA NA NA NA NA NA NA NA NA NA NA NA NA NA NA NA NA NA NA NA NA NA NA NA NA NA NA NA NA NA
NA NA NA NA NA NA NA NA NA NA NA NA NA NA NA NA NA NA NA NA NA NA NA NA NA NA NA NA NA NA NA NA NA NA NA NA NA NA NA NA 60 60 60 60 61 61 61 62 62 62 63 63 63 64 65 65 65 65 66 65 65 66 67 67 67 67 67 68 68 69 69 69 69 69 69 70 70 70 71 71 72 72 72 72 73 73 73 73 74 74 74 75 75 75 75 76 76 76 76 76 77 77 77 78 78 79 79 79 80 80 80 80 81 81 81 81 82 82 82 82 83 83 83 84 84 84 84 85 85 85 85 86 86 86 87 87 87 87 88 88 88 88 89 89 90 90 90 91 91 91 91 92 92 92 92 93 93 93 93 94 94 94 95 95 95 95 96 96 96 96 97 97 97 97 98 98 98 98 98 98 99 99 99 99 100 100 100 100 101 101 101 101 102 102 103 103 103 103 104 104 104 104 104 105 105 105 105 105 106 106 106 106 106 107 107 107 107 108 108 108 108 108 109 109 109 109 109 109 110 110 110 110 110 111 111 111 111 112 112 112 112 112 113 113 114 114 114 114 114 115 115 115 115 115 115 115 116 116 116 116 117 117 117 117 117 117 117 117 117 118 118 118 118 119 119 119 119 119 119 120 120 120 120 120 120 120 120 120 120 121 121 121 123 123 123 123 123 123 123 123 123 124 124 124 124 124 124 124 125 125 125 125 125 125 126 126 126 126 126 126 126 126 126 126 126 126 127 127 127 127 127 127 127 128 128 128 128 128 128 128 128 129 128 129 128 128 128 129 128 129 129 129 130 130 129 129 129 130 130 130 130 130 130 130 129 129 130 130 130 131 131 131 131 131 131 131 132 132 132 132 132 132 132 132 132 133 133 133 132 132 132 132 132 132 132 132 132 132 132 132 132 132 132 132 132 133 133 133 133 134 134 134 134 134 134 134 134 134 134 133 133 134 134 134 134 134 134 134 134 134 134 134 134 134 134 134 134 134 134 134 134 NA NA NA NA NA NA NA NA NA NA NA NA NA NA NA NA NA NA NA NA NA NA NA NA NA NA NA NA NA NA NA NA NA NA NA NA NA NA NA NA NA NA NA NA NA NA NA NA NA NA NA NA NA NA NA NA NA NA NA NA NA NA
NA NA NA NA NA NA NA NA NA NA NA NA NA NA NA NA NA NA NA NA NA NA NA NA NA NA NA NA NA NA NA NA NA NA NA NA NA NA NA 59 60 60 60 61 61 61 61 61 62 62 63 63 63 63 64 65 65 65 65 65 65 66 67 67 67 67 68 68 68 69 69 69 69 69 69 69 70 70 71 71 71 72 72 72 72 73 73 73 73 74 74 74 75 75 75 75 76 76 76 76 77 77 77 78 78 79 79 79 79 80 80 80 81 81 81 82 82 82 82 83 83 83 83 83 83 84 84 85 85 85 85 86 86 86 87 87 87 87 87 88 88 88 89 89 90 90 90 91 91 91 91 92 92 92 92 93 93 93 93 94 94 94 95 95 95 95 95 96 96 96 97 97 97 97 97 98 98 98 98 98 99 99 99 99 100 100 100 100 100 101 101 101 102 102 102 103 103 103 103 104 104 104 104 104 105 105 105 106 106 106 106 106 106 107 107 107 107 108 108 108 108 108 108 109 109 109 109 109 109 110 110 110 110 111 111 111 111 111 112 112 112 112 113 113 113 114 114 114 114 115 115 115 115 115 115 115 115 116 116 116 117 117 117 117 117 117 117 117 117 117 118 118 118 119 119 119 119 119 119 119 120 120 120 120 120 120 120 120 120 121 121 121 122 122 123 123 123 123 123 123 123 124 124 124 124 124 124 124 124 125 125 125 125 125 125 125 126 126 126 126 126 126 126 126 127 127 127 127 127 127 127 127 128 128 128 128 128 128 128 128 128 128 128 128 128 128 128 129 128 129 129 129 129 130 129 129 129 129 130 130 130 130 130 130 129 129 130 130 130 131 131 131 131 130 131 132 131 131 132 132 131 132 132 132 133 133 133 132 133 133 133 132 132 132 132 132 132 132 132 132 132 132 131 132 132 132 132 133 133 134 134 134 134 134 134 134 134 134 134 134 133 133 134 134 134 134 133 134 134 134 134 134 134 134 134 134 134 134 134 134 134 134 NA NA NA NA NA NA NA NA NA NA NA NA NA NA NA NA NA NA NA NA NA NA NA NA NA NA NA NA NA NA NA NA NA NA NA NA NA NA NA NA NA NA NA NA NA NA NA NA NA NA NA NA NA NA NA NA NA NA NA NA NA
NA NA NA NA NA NA NA NA NA NA NA NA NA NA NA NA NA NA NA NA NA NA NA NA NA NA NA NA NA NA NA NA NA NA NA NA NA 58 59 59 59 60 60 60 60 61 61 61 62 62 62 63 63 64 64 65 65 65 66 66 66 66 67 67 67 68 68 68 68 68 68 69 69 69 69 69 70 70 71 71 71 72 72 72 72 73 73 73 73 74 74 74 74 75 75 75 76 76 76 77 77 77 78 78 78 79 79 79 79 80 80 80 81 81 81 81 82 82 82 83 83 83 83 83 83 84 84 84 85 85 85 86 86 86 86 87 87 87 87 88 88 88 89 89 90 90 90 90 91 91 91 92 92 92 92 93 93 93 93 94 94 94 95 95 95 95 95 96 96 96 96 97 97 97 97 97 98 98 98 98 98 98 99 99 99 99 100 100 100 100 101 101 102 102 102 102 103 103 103 103 104 104 104 104 105 105 105 105 105 106 106 106 106 106 107 107 107 107 108 108 108 108 108 109 109 109 109 109 110 110 110 110 110 110 111 111 111 111 111 112 112 112 113 113 113 114 114 114 114 114 115 115 115 115 115 115 115 116 116 116 116 117 117 117 117 117 117 117 117 117 118 118 118 118 119 119 119 119 119 119 120 120 120 120 120 120 120 120 120 121 121 121 122 122 122 123 123 123 123 123 124 124 124 124 124 124 124 124 124 124 125 125 125 125 125 125 125 126 126 126 126 126 126 126 126 127 127 127 127 127 127 127 128 128 128 128 128 128 128 128 128 128 128 128 128 128 128 129 129 128 128 129 129 129 130 130 129 130 129 130 130 130 130 130 130 130 130 130 130 131 131 131 131 131 131 132 131 131 131 131 132 132 132 132 132 132 133 132 132 133 133 132 132 132 132 132 132 132 132 132 132 132 132 132 133 132 133 133 133 134 134 134 134 134 134 134 134 134 134 134 134 134 134 134 134 134 133 133 134 134 134 134 134 134 134 134 134 134 134 134 134 134 NA NA NA NA NA NA NA NA NA NA NA NA NA NA NA NA NA NA NA NA NA NA NA NA NA NA NA NA NA NA NA NA NA NA NA NA NA NA NA NA NA NA NA NA NA NA NA NA NA NA NA NA NA NA NA NA NA NA NA NA NA
NA NA NA NA NA NA NA NA NA NA NA NA NA NA NA NA NA NA NA NA NA NA NA NA NA NA NA NA NA NA NA NA NA NA NA 58 58 58 59 59 59 60 59 60 60 61 61 61 62 62 62 63 63 64 65 65 65 65 66 66 66 66 66 67 67 67 67 68 68 68 68 68 69 69 69 69 70 70 70 71 71 71 72 72 72 73 73 73 73 73 74 74 74 75 75 75 76 76 76 77 77 77 78 78 78 79 79 79 80 80 80 80 80 81 81 81 82 82 82 82 83 83 83 83 83 84 84 84 84 85 85 86 86 86 86 87 87 87 87 88 88 88 89 89 90 90 90 90 91 91 91 91 92 92 92 93 93 93 93 94 94 94 94 95 95 95 95 96 96 96 96 96 97 97 97 97 98 98 98 98 99 99 99 99 99 99 99 100 100 100 101 101 102 102 102 103 103 103 103 103 103 104 104 104 105 105 105 105 106 106 106 106 106 106 107 107 107 107 107 108 108 108 108 109 109 109 109 109 109 110 110 110 110 110 111 111 111 111 111 112 112 112 113 113 113 113 114 114 114 114 115 115 115 115 115 115 115 116 116 116 116 116 117 117 117 117 117 117 117 117 118 118 118 118 119 119 119 119 119 119 120 120 120 120 120 120 120 120 120 121 121 121 122 122 123 123 123 123 123 123 124 124 124 124 124 124 124 124 124 124 125 125 125 125 125 125 125 126 126 126 126 126 126 126 126 126 126 127 127 127 127 127 127 128 128 128 128 128 128 128 128 128 128 128 129 128 128 128 128 129 129 128 129 129 129 130 129 130 129 129 130 131 130 130 130 130 130 130 130 131 131 130 131 131 132 131 131 131 131 131 132 132 132 132 132 132 132 132 132 132 132 133 132 132 132 132 132 132 132 132 132 132 131 132 132 132 133 133 133 134 134 134 134 134 134 134 134 134 134 134 134 134 134 134 134 134 134 134 134 134 134 134 134 134 134 134 134 134 134 134 134 134 NA NA NA NA NA NA NA NA NA NA NA NA NA NA NA NA NA NA NA NA NA NA NA NA NA NA NA NA NA NA NA NA NA NA NA NA NA NA NA NA NA NA NA NA NA NA NA NA NA NA NA NA NA NA NA NA NA NA NA NA NA
NA NA NA NA NA NA NA NA NA NA NA NA NA NA NA NA NA NA NA NA NA NA NA NA NA NA NA NA NA NA NA NA NA NA NA 58 58 59 59 59 59 60 59 60 60 61 61 61 62 62 62 63 63 64 65 65 65 65 65 66 66 66 66 66 67 67 68 68 68 68 68 69 69 69 69 70 70 70 71 71 71 71 72 72 72 73 73 73 73 73 74 74 74 75 75 75 75 76 76 77 77 77 78 78 78 79 79 79 80 80 80 80 80 81 81 81 81 82 82 82 82 83 83 83 83 84 84 84 84 85 85 85 86 86 86 86 87 87 87 88 88 88 89 89 89 90 90 90 90 91 91 91 92 92 92 93 93 93 93 94 94 94 94 94 95 95 95 95 96 96 96 96 97 97 97 97 98 98 98 98 99 99 99 99 99 100 100 100 100 100 101 101 102 102 102 103 103 103 103 103 103 104 104 104 105 105 105 105 105 106 106 106 106 106 107 107 107 107 107 108 108 108 108 108 109 109 109 109 109 110 110 110 110 110 110 111 111 111 111 111 112 112 113 113 113 113 114 114 114 114 114 115 115 115 115 115 115 116 116 116 116 116 117 117 117 117 117 117 117 117 117 118 118 118 119 119 119 119 119 119 119 120 120 120 120 120 120 120 120 121 121 121 122 123 123 123 122 123 123 123 123 124 124 124 124 124 124 124 124 124 125 125 125 125 125 125 125 126 126 126 126 126 126 126 126 126 126 127 127 127 127 127 127 128 128 128 128 128 128 128 128 128 128 128 128 128 128 128 128 129 129 129 129 129 129 129 129 130 130 129 130 131 130 130 130 130 130 130 130 130 131 130 131 131 131 132 132 132 131 131 131 132 132 132 132 132 132 132 132 132 132 133 133 132 132 132 132 132 132 132 132 132 131 132 132 133 133 133 133 134 134 134 134 134 134 134 134 134 134 134 134 134 134 134 134 134 134 134 134 134 134 134 134 134 134 134 134 134 134 134 134 134 134 NA NA NA NA NA NA NA NA NA NA NA NA NA NA NA NA NA NA NA NA NA NA NA NA NA NA NA NA NA NA NA NA NA NA NA NA NA NA NA NA NA NA NA NA NA NA NA NA NA NA NA NA NA NA NA NA NA NA NA NA
NA NA NA NA NA NA NA NA NA NA NA NA NA NA NA NA NA NA NA NA NA NA NA NA NA NA NA NA NA NA NA NA NA NA NA 58 59 59 59 59 60 60 60 60 60 61 61 61 62 62 63 63 64 64 64 64 64 64 65 65 65 66 66 66 66 67 68 68 68 68 69 69 69 69 69 70 70 70 71 71 71 71 72 72 72 73 73 73 73 73 74 74 74 75 75 75 75 76 76 76 77 77 78 78 78 78 79 79 79 80 80 80 80 81 81 81 81 82 82 82 83 83 83 83 83 84 84 84 85 85 85 86 86 86 86 86 87 87 87 87 88 88 89 89 89 90 90 90 90 91 91 91 91 92 92 93 93 93 93 93 94 94 94 94 95 95 95 95 95 96 96 96 96 97 97 97 98 98 98 98 99 99 99 99 99 100 100 100 100 100 100 101 102 102 102 103 103 103 103 103 103 103 104 104 104 104 105 105 105 106 106 106 106 106 107 107 107 107 107 108 108 108 108 108 109 109 109 109 109 110 110 110 110 110 110 111 111 111 111 111 112 112 113 113 113 113 114 114 114 114 114 115 115 115 115 115 115 115 116 116 116 116 116 117 117 117 117 117 117 117 117 118 118 118 118 119 119 119 119 119 119 120 120 120 120 120 120 120 120 121 121 121 122 123 122 122 123 123 123 123 123 123 124 124 124 124 124 124 124 124 125 125 125 125 125 125 126 126 126 126 126 126 126 126 126 126 126 126 127 127 127 127 127 128 128 128 127 128 128 128 128 128 128 128 128 128 128 128 129 129 129 129 129 128 129 129 129 130 130 130 130 131 131 130 131 131 131 131 130 130 130 131 131 131 131 132 132 132 132 131 131 132 132 132 132 132 132 132 132 132 132 132 133 133 132 132 132 132 132 132 132 132 131 132 132 132 132 132 133 133 134 134 134 134 134 133 133 134 134 134 134 134 134 134 134 134 134 134 134 134 134 134 134 134 134 134 134 134 134 134 134 134 134 NA NA NA NA NA NA NA NA NA NA NA NA NA NA NA NA NA NA NA NA NA NA NA NA NA NA NA NA NA NA NA NA NA NA NA NA NA NA NA NA NA NA NA NA NA NA NA NA NA NA NA NA NA NA NA NA NA NA NA NA
NA NA NA NA NA NA NA NA NA NA NA NA NA NA NA NA NA NA NA NA NA NA NA NA NA NA NA NA NA NA NA NA NA NA 57 57 58 59 59 59 60 61 60 60 60 61 61 61 62 62 63 63 64 64 64 64 64 64 65 65 65 65 66 66 66 67 67 67 68 68 68 68 69 69 69 70 70 70 71 71 71 71 72 72 72 72 73 73 73 73 74 74 74 74 75 75 75 76 76 76 77 77 77 78 78 78 79 79 80 80 80 80 81 81 81 81 82 82 82 83 83 83 83 83 84 84 84 85 85 85 86 86 86 86 86 87 87 87 87 88 88 88 89 89 90 90 90 90 91 91 91 91 91 92 92 92 93 93 93 93 94 94 94 94 95 95 95 95 95 95 96 96 96 97 97 97 97 98 98 98 99 99 99 99 99 99 100 100 100 100 100 101 102 102 102 102 103 103 103 103 104 104 104 104 104 104 105 105 105 105 106 106 106 106 106 107 107 107 107 107 108 108 108 108 109 109 109 109 109 110 110 110 110 110 110 111 111 111 111 111 111 112 113 113 113 113 114 114 114 114 114 114 115 115 115 115 115 115 115 116 116 116 116 117 116 117 117 117 117 117 117 118 118 118 118 119 119 119 119 119 119 120 120 120 120 120 120 120 120 120 121 121 122 123 122 122 123 123 123 123 123 123 123 124 124 124 124 124 124 124 124 125 125 125 125 125 125 126 126 126 126 126 126 126 126 126 126 127 127 126 127 127 127 128 128 128 128 128 128 128 128 128 128 128 128 128 128 129 129 129 129 129 128 129 129 129 130 130 130 130 130 131 130 130 130 131 131 131 131 131 130 130 131 131 131 131 132 132 132 131 131 131 132 132 132 132 132 132 132 132 132 132 132 133 133 132 132 132 133 133 133 132 131 131 132 132 132 133 133 133 134 134 133 133 133 134 134 134 134 134 134 134 134 134 134 134 134 134 134 134 134 134 134 134 134 134 134 134 134 134 134 134 134 NA NA NA NA NA NA NA NA NA NA NA NA NA NA NA NA NA NA NA NA NA NA NA NA NA NA NA NA NA NA NA NA NA NA NA NA NA NA NA NA NA NA NA NA NA NA NA NA NA NA NA NA NA NA NA NA NA NA NA NA
NA NA NA NA NA NA NA NA NA NA NA NA NA NA NA NA NA NA NA NA NA NA NA NA NA NA NA NA NA NA NA NA NA NA NA NA 57 58 59 60 60 61 60 61 61 61 62 62 62 62 63 63 63 64 64 64 65 64 64 65 65 65 66 66 66 66 67 67 67 68 68 69 69 69 70 70 70 70 71 71 71 71 72 72 72 72 72 73 73 73 74 74 74 74 75 75 75 76 76 76 76 77 77 78 78 78 79 79 79 80 80 80 81 81 81 81 82 82 82 82 83 83 83 83 84 84 84 84 85 85 85 85 86 86 86 87 87 87 87 88 88 88 89 89 90 90 90 90 90 90 91 91 91 92 92 92 92 93 93 93 93 94 94 94 94 95 95 95 95 96 96 96 96 97 97 97 97 97 98 98 99 99 99 99 99 99 100 100 100 100 100 101 102 102 102 102 103 103 103 104 104 104 104 104 104 105 105 105 105 105 105 106 106 106 106 106 107 107 107 107 108 108 108 108 109 109 109 109 109 110 110 110 110 110 110 111 111 111 111 111 111 112 112 113 113 113 113 114 114 114 114 114 115 115 115 115 115 115 115 116 116 116 116 116 116 117 117 117 117 117 118 118 118 118 118 119 119 119 119 119 119 120 120 120 120 120 120 120 120 120 120 121 122 122 122 123 123 123 123 123 123 123 123 124 124 124 124 124 124 124 124 125 125 125 125 125 125 125 126 126 126 126 126 126 126 126 126 127 127 127 127 127 127 127 128 128 129 129 129 128 128 127 128 128 129 128 128 128 129 129 129 128 128 129 129 129 129 130 130 130 131 130 130 130 130 130 130 130 130 130 131 130 131 131 131 131 131 132 131 131 131 131 131 132 132 132 131 132 132 132 132 132 132 132 133 133 133 133 132 132 132 132 132 131 132 132 132 132 133 133 133 134 134 134 134 134 134 134 134 134 134 134 134 134 134 134 134 134 134 134 134 134 134 134 134 134 134 134 134 134 134 134 134 134 NA NA NA NA NA NA NA NA NA NA NA NA NA NA NA NA NA NA NA NA NA NA NA NA NA NA NA NA NA NA NA NA NA NA NA NA NA NA NA NA NA NA NA NA NA NA NA NA NA NA NA NA NA NA NA NA NA NA NA
NA NA NA NA NA NA NA NA NA NA NA NA NA NA NA NA NA NA NA NA NA NA NA NA NA NA NA NA NA NA NA NA NA NA NA 57 58 58 59 59 60 60 60 61 61 61 61 62 62 62 62 63 63 64 64 65 65 65 65 65 65 65 66 66 66 66 66 67 68 68 68 69 69 69 69 70 70 70 70 71 71 71 72 72 72 72 72 73 73 73 74 74 74 75 75 75 75 75 76 76 76 77 77 77 78 78 78 79 79 80 80 80 80 80 81 81 81 82 82 82 83 83 83 83 83 84 84 84 85 85 85 85 86 86 86 86 87 87 87 88 88 88 89 89 89 90 90 90 91 91 91 91 91 91 92 92 92 93 93 93 93 94 94 94 94 95 95 95 95 96 96 96 97 97 97 97 97 98 98 98 99 99 99 99 99 99 99 100 100 100 100 101 101 102 102 102 102 103 103 103 104 104 104 104 104 105 105 105 105 105 105 105 106 106 106 106 107 107 107 107 108 108 108 108 108 109 109 109 109 110 110 110 110 110 110 110 111 111 111 111 111 112 113 113 113 113 113 113 114 114 114 114 115 115 115 115 115 115 115 116 116 116 116 116 116 117 117 117 117 117 118 118 118 118 118 119 119 119 119 119 119 119 120 120 120 120 120 120 120 120 120 121 122 122 122 123 123 123 123 123 123 123 123 124 124 124 124 124 124 124 124 124 125 125 125 125 125 125 125 126 126 126 126 126 126 126 126 127 127 127 127 128 127 127 128 128 128 129 129 128 128 128 128 129 129 129 129 129 129 129 129 129 129 129 129 129 129 129 130 130 130 130 130 130 130 130 130 131 131 131 131 131 131 131 131 131 131 131 132 132 131 132 131 131 131 131 131 131 131 132 132 132 132 132 132 133 133 133 133 133 132 132 132 131 132 132 132 133 133 133 133 134 134 134 134 134 134 134 134 134 134 134 134 134 134 134 134 134 134 134 134 134 134 134 134 134 134 134 134 134 134 134 134 134 NA NA NA NA NA NA NA NA NA NA NA NA NA NA NA NA NA NA NA NA NA NA NA NA NA NA NA NA NA NA NA NA NA NA NA NA NA NA NA NA NA NA NA NA NA NA NA NA NA NA NA NA NA NA NA NA NA NA NA
NA NA NA NA NA NA NA NA NA NA NA NA NA NA NA NA NA NA NA NA NA NA NA NA NA NA NA NA NA NA NA NA NA NA NA NA 58 58 58 59 60 60 59 59 60 60 61 61 62 62 62 62 63 63 64 64 65 65 65 65 65 66 66 66 66 66 67 67 67 68 68 69 69 69 70 70 70 70 70 71 71 71 72 72 72 72 72 73 73 73 74 74 74 74 75 75 75 75 76 76 76 77 77 77 78 78 78 79 79 79 80 80 80 80 81 81 81 81 82 82 82 83 83 83 83 84 84 84 85 85 85 85 86 86 86 86 86 87 87 87 88 88 89 89 89 90 90 90 90 90 90 91 91 91 92 92 92 92 93 93 93 93 94 94 94 94 95 95 95 96 96 96 96 97 97 97 98 98 98 98 99 99 99 99 99 99 99 100 100 100 100 100 101 102 102 102 102 102 103 103 103 103 104 104 104 105 105 105 105 105 105 105 106 106 106 106 107 107 107 107 108 108 108 108 108 109 109 109 109 109 110 110 110 110 110 110 110 111 111 111 111 112 113 113 113 113 113 114 114 114 114 114 114 115 115 115 115 115 115 116 116 116 116 116 116 117 117 117 117 117 117 118 118 118 118 119 119 119 119 119 119 119 120 120 120 120 120 120 120 120 120 121 122 122 122 123 123 123 123 123 123 123 123 124 124 124 124 124 124 124 124 124 125 125 125 125 125 125 125 126 126 126 126 126 126 126 127 127 127 127 127 128 128 127 127 127 128 128 128 128 128 128 128 129 129 129 129 129 129 129 129 129 129 129 129 129 129 129 129 130 130 130 130 130 130 130 130 131 131 131 130 131 131 131 131 131 132 132 132 132 132 132 132 131 131 131 132 131 131 131 132 132 132 132 133 132 133 133 132 133 132 132 132 132 132 132 133 133 133 133 134 134 134 133 134 134 134 134 134 134 134 134 134 134 134 134 134 134 134 134 134 134 134 134 134 134 134 134 134 134 134 134 134 134 134 NA NA NA NA NA NA NA NA NA NA NA NA NA NA NA NA NA NA NA NA NA NA NA NA NA NA NA NA NA NA NA NA NA NA NA NA NA NA NA NA NA NA NA NA NA NA NA NA NA NA NA NA NA NA NA NA NA NA
NA NA NA NA NA NA NA NA NA NA NA NA NA NA NA NA NA NA NA NA NA NA NA NA NA NA NA NA NA NA NA NA NA NA NA NA NA NA 58 59 60 59 59 59 60 60 61 62 62 62 62 63 63 64 64 64 64 65 65 65 66 66 67 67 67 67 67 67 67 68 68 69 69 69 69 70 70 70 70 71 71 71 71 71 72 72 73 73 73 73 74 74 74 74 74 75 75 75 75 76 76 77 77 77 78 78 78 79 79 79 80 80 80 80 80 81 81 81 81 82 82 83 83 83 83 84 84 84 84 85 85 85 86 86 86 86 86 86 87 87 88 88 89 89 89 89 90 90 90 90 90 90 91 91 92 92 92 92 93 93 93 93 94 94 94 94 94 95 95 95 96 96 96 97 97 97 97 98 98 98 98 99 99 99 99 100 100 100 100 100 100 100 101 101 102 102 102 102 102 103 103 103 103 104 104 104 104 105 105 105 105 105 106 106 106 106 107 107 107 107 107 108 108 108 108 109 109 109 109 109 109 110 110 110 110 110 110 111 111 111 111 112 113 113 113 113 113 113 114 114 114 114 114 114 114 115 115 115 115 115 116 116 116 116 116 116 117 117 117 117 117 117 118 118 118 118 119 119 119 119 119 119 120 120 120 120 120 120 120 120 120 121 122 122 122 122 123 123 123 123 123 123 123 123 124 124 124 124 124 124 124 124 125 125 125 125 125 125 126 126 126 126 126 126 126 126 127 127 127 127 128 128 127 127 128 128 128 128 128 128 128 129 129 129 129 129 129 130 129 129 130 129 129 129 129 129 129 130 129 130 130 130 130 130 130 130 130 130 130 130 131 131 131 131 131 132 132 132 132 132 132 132 132 132 132 131 131 131 131 131 131 131 132 132 133 132 132 133 132 132 132 132 132 132 132 132 132 133 133 133 134 134 134 134 133 134 134 134 134 134 134 134 134 134 134 134 134 134 134 134 134 134 134 134 134 134 134 134 134 134 134 134 134 134 134 134 NA NA NA NA NA NA NA NA NA NA NA NA NA NA NA NA NA NA NA NA NA NA NA NA NA NA NA NA NA NA NA NA NA NA NA NA NA NA NA NA NA NA NA NA NA NA NA NA NA NA NA NA NA NA NA NA NA
NA NA NA NA NA NA NA NA NA NA NA NA NA NA NA NA NA NA NA NA NA NA NA NA NA NA NA NA NA NA NA NA NA NA NA NA NA NA 58 59 60 59 59 59 59 60 60 61 62 63 62 62 63 63 63 64 65 65 65 66 66 66 66 67 67 68 68 68 68 68 68 68 69 69 70 70 70 70 70 70 71 71 71 71 71 72 72 73 73 74 74 74 74 74 74 75 75 76 76 76 76 76 77 77 77 78 78 79 79 79 80 80 80 80 80 81 81 81 82 82 82 83 83 83 83 84 84 84 85 85 85 85 85 86 86 86 86 86 87 87 87 88 88 89 89 89 89 90 90 90 90 91 91 91 92 92 92 92 93 93 93 93 94 94 94 94 94 95 95 95 96 96 96 97 97 97 97 98 98 98 98 98 99 99 99 99 100 100 100 100 100 100 101 101 101 102 102 102 102 103 103 103 103 103 103 104 104 105 105 105 106 106 106 106 106 106 106 107 107 107 107 108 108 108 108 108 109 109 109 109 109 109 109 110 110 110 111 111 111 111 111 112 113 113 113 113 113 113 114 114 114 114 114 114 115 115 115 115 115 115 116 116 116 116 116 116 117 117 117 117 117 117 118 118 118 118 119 119 119 119 119 119 119 120 120 120 120 120 120 120 120 121 122 122 122 122 123 123 123 123 123 123 123 123 124 124 124 124 124 124 124 125 125 125 125 125 125 125 125 126 126 126 126 126 126 126 126 127 127 127 127 127 127 127 128 128 128 128 128 128 128 129 129 129 129 129 129 129 129 129 129 130 130 130 130 130 130 130 130 130 131 131 131 130 131 131 131 131 130 130 131 132 131 131 131 132 132 132 132 132 132 132 132 132 132 131 131 131 131 131 132 131 131 132 132 132 132 132 132 132 132 132 132 132 132 132 132 133 133 133 133 134 134 134 134 133 133 134 134 134 134 134 134 134 134 134 134 134 134 134 134 134 134 134 134 135 135 134 134 134 134 134 134 134 134 134 134 NA NA NA NA NA NA NA NA NA NA NA NA NA NA NA NA NA NA NA NA NA NA NA NA NA NA NA NA NA NA NA NA NA NA NA NA NA NA NA NA NA NA NA NA NA NA NA NA NA NA NA NA NA NA NA NA
NA NA NA NA NA NA NA NA NA NA NA NA NA NA NA NA NA NA NA NA NA NA NA NA NA NA NA NA NA NA NA NA NA NA NA NA NA NA 58 59 59 59 59 60 60 60 61 61 62 62 63 62 62 62 63 64 64 65 65 65 66 66 66 66 66 67 68 68 69 69 68 68 69 69 69 69 70 70 70 71 71 71 71 71 71 72 72 73 73 74 74 74 74 74 74 75 75 76 76 76 76 76 77 77 77 78 78 79 79 79 79 80 80 80 80 81 81 81 81 82 82 83 83 83 83 84 84 84 84 85 85 85 85 85 86 86 86 86 87 87 87 88 88 89 89 89 89 90 90 90 90 91 91 91 92 92 92 92 93 93 93 93 94 94 94 94 94 95 95 95 95 96 96 96 97 97 97 97 98 98 98 98 99 99 99 99 100 100 100 100 100 101 102 102 102 102 102 102 103 103 103 103 103 103 103 104 104 104 105 105 105 106 106 106 106 106 107 107 107 107 107 108 108 108 108 108 108 109 109 109 109 109 110 110 110 110 111 111 111 111 111 111 113 113 113 113 113 113 113 114 114 114 114 114 115 115 115 115 115 115 116 116 116 116 116 116 117 117 117 117 117 117 118 118 118 118 118 119 119 119 119 119 119 120 120 120 120 120 120 120 120 121 122 122 122 123 123 123 123 123 123 123 123 123 124 124 124 124 124 124 124 125 125 125 125 125 125 125 125 126 126 126 126 126 126 126 126 127 127 128 127 127 127 127 127 127 128 128 128 128 128 129 128 128 129 129 129 129 129 129 129 130 130 130 130 130 130 131 130 130 131 131 130 131 131 131 131 131 131 130 131 131 132 131 131 131 132 132 132 132 132 133 133 132 131 132 132 132 131 131 132 132 131 131 132 132 132 133 132 132 132 132 132 132 133 132 132 133 133 134 133 133 134 134 134 134 134 134 134 134 134 134 134 134 134 134 134 134 134 134 134 134 134 134 135 135 134 134 134 134 134 134 134 134 134 134 134 134 NA NA NA NA NA NA NA NA NA NA NA NA NA NA NA NA NA NA NA NA NA NA NA NA NA NA NA NA NA NA NA NA NA NA NA NA NA NA NA NA NA NA NA NA NA NA NA NA NA NA NA NA NA NA NA
NA NA NA NA NA NA NA NA NA NA NA NA NA NA NA NA NA NA NA NA NA NA NA NA NA NA NA NA NA NA NA NA NA NA NA NA NA NA NA 58 59 60 60 60 60 61 61 61 62 62 62 62 62 63 63 64 64 64 64 64 65 66 65 65 66 67 67 68 68 69 69 69 69 69 70 69 69 70 70 70 71 71 71 71 72 72 72 73 73 73 74 74 74 74 75 75 75 75 76 76 76 76 77 77 78 78 78 78 79 79 79 80 80 80 80 81 81 81 81 82 82 82 83 83 83 84 84 84 84 84 85 85 85 85 86 86 86 86 87 87 87 88 88 89 89 89 89 89 90 90 90 91 91 91 92 92 92 92 93 93 93 94 94 94 94 94 95 95 95 95 95 96 96 96 96 97 97 97 97 98 98 98 98 99 99 99 99 99 100 100 100 101 102 102 102 102 102 103 103 103 103 103 104 104 103 103 104 104 104 105 105 105 105 106 106 106 107 107 107 107 107 107 108 108 108 108 108 109 109 109 109 109 110 110 110 110 111 111 111 111 111 111 112 113 113 113 113 113 113 113 114 114 114 114 115 115 115 115 115 115 116 116 116 116 116 116 117 117 117 117 117 117 117 118 118 118 118 119 119 119 119 119 119 120 120 120 120 120 120 120 120 120 122 122 122 122 122 122 123 123 123 123 123 123 124 124 124 124 124 124 124 125 125 125 125 125 125 125 125 125 126 126 125 126 126 126 126 127 127 127 127 126 127 127 127 127 127 128 128 128 128 128 128 128 129 129 129 129 129 129 129 130 130 130 130 130 130 131 131 131 131 131 131 130 130 131 131 131 131 131 131 131 131 131 131 131 132 132 132 132 132 132 133 132 132 132 132 131 131 131 131 132 131 132 131 132 132 132 132 132 132 132 132 133 133 133 133 133 133 133 133 133 133 134 134 134 133 133 134 134 134 134 134 134 134 134 134 134 134 134 134 134 135 135 135 135 134 134 134 134 134 134 134 134 134 134 134 134 134 NA NA NA NA NA NA NA NA NA NA NA NA NA NA NA NA NA NA NA NA NA NA NA NA NA NA NA NA NA NA NA NA NA NA NA NA NA NA NA NA NA NA NA NA NA NA NA NA NA NA NA NA NA NA
NA NA NA NA NA NA NA NA NA NA NA NA NA NA NA NA NA NA NA NA NA NA NA NA NA NA NA NA NA NA NA NA NA NA NA NA NA NA NA NA NA 59 59 60 60 60 61 61 61 62 62 61 62 63 63 64 63 64 64 64 65 65 66 65 66 66 67 68 68 68 69 69 69 70 70 70 70 70 70 70 71 71 71 71 72 72 72 73 73 74 74 74 74 74 74 75 75 75 76 76 76 77 77 77 78 78 78 78 79 79 79 80 80 80 80 81 81 81 81 82 82 82 83 83 83 83 84 84 84 84 85 85 85 85 86 86 86 86 87 87 87 87 88 88 89 89 89 89 90 90 90 91 91 91 91 92 92 92 93 93 93 94 94 94 94 94 95 95 95 95 95 96 96 96 96 97 97 97 97 98 98 98 98 98 99 99 99 100 100 100 100 101 102 102 102 102 102 102 103 103 103 103 103 104 104 104 104 104 104 104 105 105 105 105 106 106 106 107 107 107 107 107 108 108 108 108 108 108 109 109 109 110 110 110 110 110 110 111 111 111 111 111 112 113 113 113 113 113 113 113 114 114 114 114 115 115 115 115 115 115 116 116 116 116 116 116 117 117 117 117 117 117 117 118 118 118 118 119 119 119 119 119 119 119 120 120 120 120 120 120 120 120 122 122 122 122 123 123 123 123 123 123 123 124 124 124 124 124 124 124 124 124 125 125 125 125 125 125 125 125 125 125 125 125 126 126 127 126 126 127 126 126 126 127 127 127 128 128 128 128 128 128 128 128 129 128 129 129 128 129 129 130 130 130 130 130 130 130 130 131 131 131 131 131 131 130 130 130 131 131 131 131 132 132 132 131 132 132 132 132 132 132 133 133 132 132 132 132 131 131 131 131 132 132 132 132 132 132 132 132 133 133 133 133 133 133 133 133 133 133 133 133 133 133 133 133 133 134 133 133 134 134 134 134 134 134 134 134 134 134 134 134 134 134 135 134 134 134 134 134 134 134 134 134 134 134 134 134 134 134 NA NA NA NA NA NA NA NA NA NA NA NA NA NA NA NA NA NA NA NA NA NA NA NA NA NA NA NA NA NA NA NA NA NA NA NA NA NA NA NA NA NA NA NA NA NA NA NA NA NA NA NA NA
NA NA NA NA NA NA NA NA NA NA NA NA NA NA NA NA NA NA NA NA NA NA NA NA NA NA NA NA NA NA NA NA NA NA NA NA NA NA NA NA NA 59 59 59 59 59 60 60 61 61 61 61 62 62 63 64 63 64 64 64 65 66 66 65 66 66 67 67 68 68 69 69 69 70 70 70 70 70 70 70 71 71 71 72 72 72 72 73 73 73 74 74 74 75 74 74 75 76 76 76 76 77 77 77 78 78 78 78 79 79 79 79 80 80 80 80 81 81 81 81 82 82 82 83 83 83 83 84 84 84 85 85 85 85 85 86 86 86 87 87 87 87 88 88 89 89 89 89 90 90 90 91 91 91 91 92 92 92 93 93 93 93 94 94 94 94 95 95 95 95 95 96 96 96 96 96 97 97 97 98 98 98 98 98 99 99 99 100 100 100 100 101 102 102 102 102 102 102 103 103 103 103 103 104 104 105 104 104 104 104 105 105 105 105 105 106 106 106 107 107 107 107 108 108 108 108 108 108 109 109 109 109 110 110 110 110 110 110 111 111 111 111 112 112 113 113 113 113 113 113 114 114 114 114 115 115 115 115 115 115 116 116 116 116 116 116 117 117 117 117 117 117 117 118 118 118 118 118 119 119 119 119 119 119 120 120 120 120 120 120 120 120 122 122 122 122 123 123 123 123 123 123 123 124 124 124 124 124 124 124 124 124 125 125 125 125 125 125 125 125 125 125 125 125 126 126 127 126 126 126 126 126 127 127 126 127 128 128 128 128 128 128 128 128 128 128 129 129 129 129 129 129 130 130 130 130 130 130 130 130 130 130 131 131 131 130 131 131 131 131 132 132 132 132 132 132 131 132 132 132 132 132 133 133 132 132 132 132 131 131 131 132 132 132 132 132 132 132 132 132 133 133 133 133 133 133 133 133 133 133 133 133 133 133 134 134 134 134 134 134 134 134 133 134 134 134 134 134 134 134 134 135 134 134 134 134 134 134 134 134 134 134 134 134 134 134 134 134 134 134 135 135 135 135 NA NA NA NA NA NA NA NA NA NA NA NA NA NA NA NA NA NA NA NA NA NA NA NA NA NA NA NA NA NA NA NA NA NA NA NA NA NA NA NA NA NA NA NA NA NA NA NA NA
NA NA NA NA NA NA NA NA NA NA NA NA NA NA NA NA NA NA NA NA NA NA NA NA NA NA NA NA NA NA NA NA NA NA NA NA NA NA NA NA NA 59 58 59 59 NA NA NA 60 61 61 62 63 63 63 63 63 63 64 64 65 66 66 65 65 67 67 67 68 68 68 69 69 70 70 70 71 71 71 71 71 71 71 71 72 72 72 72 73 73 74 74 74 75 74 75 75 76 76 76 76 77 77 77 78 78 78 79 79 79 79 79 79 80 80 80 81 81 81 81 82 82 82 83 83 83 83 84 84 84 84 85 85 85 85 86 86 86 87 87 87 87 88 88 88 89 89 89 90 90 90 91 91 91 91 91 92 92 92 93 93 93 94 94 94 94 95 95 95 95 95 95 96 96 96 97 97 97 97 97 98 98 98 98 99 99 99 100 100 100 100 101 102 102 102 102 102 102 102 103 103 103 103 104 104 104 104 104 104 104 104 105 105 105 105 106 106 106 106 107 107 107 107 108 108 108 108 108 109 109 109 109 110 110 110 110 110 110 111 111 111 111 112 112 113 113 113 113 113 113 114 114 114 114 114 115 115 115 115 115 116 116 116 116 116 117 117 117 117 117 117 117 117 118 118 118 118 118 119 119 119 119 119 119 120 120 120 120 120 120 120 120 122 122 122 122 122 122 123 123 123 123 123 124 124 124 124 124 124 124 124 124 125 125 125 125 125 125 125 125 125 125 125 125 125 127 127 126 126 126 126 126 127 127 126 127 128 128 128 128 128 128 128 128 128 128 128 128 129 129 129 129 129 130 130 130 130 130 130 130 130 130 131 131 131 131 131 131 131 132 132 131 131 131 132 132 131 132 132 132 132 132 133 133 133 133 133 132 131 131 131 132 132 132 132 132 132 132 132 132 133 133 132 132 133 133 133 133 133 133 133 133 133 133 134 134 134 134 134 134 134 134 134 134 134 134 134 134 134 134 134 134 134 134 134 134 134 134 134 134 134 134 134 134 134 134 134 134 134 135 135 135 135 135 135 135 135 135 135 135 135 135 NA NA NA NA NA NA NA NA NA NA NA NA NA NA NA NA NA NA NA NA NA NA NA NA NA NA NA NA NA NA NA NA NA NA NA NA NA NA NA NA NA
NA NA NA NA NA NA NA NA NA NA NA NA NA NA NA NA NA NA NA NA NA NA NA NA NA NA NA NA NA NA NA NA NA NA NA NA NA NA NA NA NA NA NA NA NA NA NA NA 60 61 61 61 62 63 63 62 62 63 63 64 65 65 65 65 66 67 67 67 67 67 68 68 68 69 70 70 71 71 71 71 71 71 71 71 72 72 73 73 73 73 73 74 74 75 75 75 75 75 76 76 76 77 77 77 78 78 78 78 78 79 79 79 80 80 80 80 81 81 81 81 82 82 82 83 83 83 83 83 84 84 84 85 85 85 85 86 86 86 86 87 87 87 88 88 89 89 89 89 90 90 90 91 91 91 91 91 92 92 92 93 93 93 94 94 94 94 94 95 95 95 95 95 96 96 96 96 97 97 97 98 98 98 98 98 99 99 99 99 100 100 100 100 101 102 102 102 102 102 103 103 103 103 103 104 104 104 104 105 105 105 105 105 105 105 105 105 106 106 107 107 107 107 107 107 108 108 108 108 109 109 109 109 109 110 110 110 110 110 111 111 111 111 112 112 113 113 113 113 113 113 114 114 114 114 114 115 115 115 115 115 116 116 116 116 116 116 116 117 117 117 117 117 117 117 118 118 118 118 119 119 119 119 119 119 119 120 120 120 120 120 120 120 122 122 122 122 122 122 122 123 123 123 123 123 123 124 124 124 124 124 124 124 125 125 125 125 125 125 125 125 125 125 125 125 125 126 126 126 126 126 126 126 127 127 127 127 127 128 128 128 128 128 127 128 128 129 128 128 129 129 129 129 129 129 129 130 129 130 130 130 130 130 131 131 131 131 131 131 131 131 131 131 131 131 131 131 131 132 132 132 132 132 133 133 133 133 133 132 131 131 131 132 132 132 132 132 132 132 132 132 132 133 133 133 133 133 134 133 133 133 133 133 133 133 134 134 134 134 134 134 134 134 134 134 134 134 134 134 134 134 134 134 134 134 134 134 134 134 134 134 134 134 134 134 134 134 134 134 135 135 135 135 135 135 135 135 135 135 135 135 135 135 135 NA NA NA NA NA NA NA NA NA NA NA NA NA NA NA NA NA NA NA NA NA NA NA NA NA NA NA NA NA NA NA NA NA NA NA NA NA NA NA NA
NA NA NA NA NA NA NA NA NA NA NA NA NA NA NA NA NA NA NA NA NA NA NA NA NA NA NA NA NA NA NA NA NA NA NA NA NA NA NA NA NA NA NA NA NA NA NA NA NA 60 61 61 61 62 62 NA NA 63 63 NA NA 64 65 65 65 66 67 67 67 68 68 68 68 68 69 69 70 71 71 72 72 72 72 72 72 72 73 72 73 73 74 74 74 74 75 75 75 76 76 76 76 76 77 77 78 78 78 78 78 79 79 79 80 80 80 80 81 81 81 81 81 82 82 82 83 83 83 83 84 84 84 84 85 85 85 86 86 86 86 87 87 87 88 88 89 89 89 89 90 90 90 90 91 91 91 91 92 92 92 93 93 93 94 94 94 94 94 94 95 95 95 95 96 96 96 96 97 97 97 97 98 98 98 98 99 99 99 99 100 100 100 100 101 101 102 102 102 102 102 103 103 103 104 104 104 104 105 105 105 105 105 105 105 105 105 105 106 106 107 107 107 107 107 107 108 108 108 108 109 109 109 109 109 110 110 110 110 110 110 111 111 111 112 112 112 112 112 113 113 113 114 114 114 114 114 115 115 115 115 115 115 116 116 116 116 116 117 117 117 117 117 117 117 118 118 118 118 118 119 119 119 119 119 119 119 120 120 119 120 120 120 120 122 122 122 122 122 123 123 122 123 123 123 124 123 123 123 124 124 124 124 124 125 125 125 125 125 125 125 125 125 125 125 126 126 125 125 125 126 126 126 126 127 126 126 127 127 127 127 128 128 128 128 128 128 129 128 128 129 129 129 129 129 129 129 130 129 130 130 130 130 130 130 130 131 131 131 131 131 131 132 131 131 131 132 132 132 132 132 132 132 132 132 133 133 133 133 132 131 131 132 132 132 132 132 132 132 132 133 132 132 132 133 133 133 133 133 133 133 133 133 133 133 133 134 134 134 134 134 134 134 134 134 134 134 134 134 134 134 134 134 134 134 134 134 134 134 134 134 134 134 134 134 134 134 134 134 134 135 135 135 135 135 135 135 135 135 135 135 135 135 135 135 135 NA NA NA NA NA NA NA NA NA NA NA NA NA NA NA NA NA NA NA NA NA NA NA NA NA NA NA NA NA NA NA NA NA NA NA NA NA NA NA
NA NA NA NA NA NA NA NA NA NA NA NA NA NA NA NA NA NA NA NA NA NA NA NA NA NA NA NA NA NA NA NA NA NA NA NA NA NA NA NA NA NA NA NA NA NA NA NA NA NA 60 61 NA NA NA NA NA NA NA NA NA 64 64 65 65 66 67 67 67 68 67 67 68 68 69 69 70 71 70 71 71 71 72 72 72 73 73 73 74 74 74 74 74 74 74 75 76 76 76 76 76 77 77 77 77 77 78 78 79 79 79 80 80 80 80 81 81 81 81 81 81 82 82 82 82 83 83 83 84 84 84 84 85 85 85 86 86 86 87 87 87 87 88 88 89 89 89 89 90 90 90 90 91 91 91 91 92 92 92 92 93 93 94 94 94 94 94 94 95 95 95 95 96 96 96 96 97 97 97 97 98 98 98 98 99 99 99 99 99 100 100 100 101 101 102 102 102 102 102 103 103 103 103 104 104 104 105 105 105 105 105 106 106 106 106 105 106 106 107 107 107 107 107 107 108 108 108 108 109 109 109 109 109 110 110 110 110 110 110 111 111 111 112 112 112 112 113 113 113 113 114 114 114 114 114 114 115 115 115 115 115 116 116 116 116 116 116 117 117 117 117 117 117 117 118 118 118 118 119 119 119 119 119 119 119 119 119 119 120 120 120 120 122 122 122 122 122 123 123 123 123 123 123 123 123 123 124 124 124 124 124 124 125 125 125 125 125 125 125 125 125 125 125 126 127 126 125 125 125 126 126 126 127 126 126 127 127 127 128 128 128 128 128 128 128 128 128 128 129 129 129 129 129 129 129 130 129 130 130 130 130 130 130 131 131 131 131 131 131 131 132 132 131 132 132 132 132 132 132 132 132 132 132 132 132 133 132 132 131 131 132 132 132 132 132 132 132 132 133 132 132 133 133 133 134 134 133 133 133 133 133 133 133 133 134 134 134 134 134 134 134 134 134 134 134 134 134 134 134 134 134 134 134 134 134 134 134 134 134 134 134 134 134 134 134 134 134 134 135 135 135 135 135 135 135 135 135 135 135 135 135 135 135 135 NA NA NA NA NA NA NA NA NA NA NA NA NA NA NA NA NA NA NA NA NA NA NA NA NA NA NA NA NA NA NA NA NA NA NA NA NA NA NA
NA NA NA NA NA NA NA NA NA NA NA NA NA NA NA NA NA NA NA NA NA NA NA NA NA NA NA NA NA NA NA NA NA NA NA NA NA NA NA NA NA NA NA NA NA NA NA NA NA NA NA NA NA NA NA NA NA NA NA NA NA 64 64 65 65 66 67 67 67 67 67 68 68 69 70 70 70 70 70 70 71 71 71 71 72 73 74 74 75 75 74 74 74 74 75 75 76 76 76 76 76 77 77 77 77 77 78 78 79 79 80 80 80 80 80 80 81 81 81 81 82 82 82 82 82 82 83 83 83 84 84 84 85 85 85 85 86 86 86 87 87 87 88 88 89 89 89 89 89 90 90 90 90 91 91 91 92 92 92 92 93 93 93 94 94 94 94 94 95 95 95 95 96 96 96 96 96 97 97 97 98 98 98 98 99 99 99 99 99 100 100 100 101 101 101 102 102 102 102 102 103 103 103 103 104 104 104 105 105 105 105 105 106 106 106 106 106 106 107 107 107 107 107 107 108 108 108 108 108 108 109 109 109 109 110 110 110 110 110 111 111 111 112 112 112 112 113 113 113 113 114 114 114 114 114 114 114 115 115 115 116 116 116 116 116 116 116 116 117 117 117 117 117 117 118 118 118 118 118 119 119 119 119 119 119 119 119 119 120 120 120 120 122 122 122 122 122 122 123 123 123 123 123 123 123 123 124 124 124 124 124 124 124 124 124 125 124 124 125 125 125 125 125 126 126 126 125 125 125 126 126 127 127 126 126 126 127 127 127 128 128 128 128 128 128 128 128 128 129 129 129 129 129 129 129 129 129 130 130 130 130 130 131 131 131 131 131 131 131 131 132 132 132 132 132 131 131 132 132 132 132 132 132 132 132 133 132 131 131 132 132 132 132 132 132 133 133 133 133 132 132 133 133 133 133 134 134 134 133 133 133 133 133 133 134 134 134 134 134 134 134 134 134 134 134 134 134 134 134 134 134 134 134 134 134 134 134 134 134 134 134 134 134 134 134 134 134 134 135 135 135 135 135 135 135 135 135 135 135 135 135 135 135 135 NA NA NA NA NA NA NA NA NA NA NA NA NA NA NA NA NA NA NA NA NA NA NA NA NA NA NA NA NA NA NA NA NA NA NA NA NA NA NA
NA NA NA NA NA NA NA NA NA NA NA NA NA NA NA NA NA NA NA NA NA NA NA NA NA NA NA NA NA NA NA NA NA NA NA NA NA NA NA NA NA NA NA NA NA NA NA NA NA NA NA NA NA NA NA NA NA NA NA NA NA NA NA 64 66 66 66 67 67 67 67 68 69 69 70 70 70 70 70 70 70 70 71 71 71 72 73 73 74 74 75 75 75 74 75 75 76 76 76 76 76 76 76 77 77 78 78 79 79 79 80 80 79 79 80 80 81 81 81 82 82 82 82 83 83 83 83 83 83 84 84 84 85 85 85 85 86 86 86 87 87 87 88 88 89 89 89 89 89 89 90 90 90 91 91 91 91 92 92 92 92 93 93 94 94 94 94 95 95 95 95 95 95 96 96 96 96 97 97 97 98 98 98 98 98 99 99 99 99 99 100 100 101 101 101 101 102 102 102 102 103 103 103 103 104 104 104 105 105 105 105 105 105 105 106 106 106 106 107 107 107 107 107 107 108 108 108 108 108 108 108 109 109 109 109 110 110 110 110 110 111 111 112 112 112 113 113 113 113 113 113 113 113 113 114 114 114 115 115 115 115 115 116 116 116 116 116 116 117 117 117 117 117 117 118 118 118 118 118 119 119 119 119 119 119 119 119 119 120 120 120 120 122 122 122 122 122 123 123 123 123 123 123 123 123 123 124 124 124 124 124 124 124 124 124 125 125 125 125 125 126 125 125 126 125 125 125 126 126 126 126 126 126 126 126 126 126 127 127 127 128 128 128 128 128 128 128 129 129 129 129 129 129 129 129 129 129 130 130 130 130 130 130 131 131 131 131 131 131 132 132 132 132 132 132 132 131 131 132 132 132 132 132 132 132 133 132 131 131 132 132 132 132 132 133 133 133 133 133 133 133 133 133 133 133 133 134 134 134 133 133 133 133 133 133 134 134 134 134 134 134 134 134 134 134 134 134 134 134 134 134 134 134 134 134 134 134 134 134 134 134 134 134 134 134 134 134 134 135 135 135 135 135 135 135 135 135 135 135 135 135 135 135 135 NA NA NA NA NA NA NA NA NA NA NA NA NA NA NA NA NA NA NA NA NA NA NA NA NA NA NA NA NA NA NA NA NA NA NA NA NA NA NA
NA NA NA NA NA NA NA NA NA NA NA NA NA NA NA NA NA NA NA NA NA NA NA NA NA NA NA NA NA NA NA NA NA NA NA NA NA NA NA NA NA NA NA NA NA NA NA NA NA NA NA NA NA NA NA NA NA NA NA NA NA NA NA NA 65 66 66 66 67 67 68 68 68 69 69 69 70 70 70 70 71 71 72 72 72 72 72 73 73 73 74 75 75 75 75 76 77 77 77 76 76 76 76 77 77 78 79 79 79 79 79 79 79 80 80 81 81 81 81 82 82 82 83 83 83 83 83 83 83 84 84 84 85 85 85 86 86 86 86 87 87 87 88 88 88 89 89 89 89 89 90 90 90 90 91 91 91 92 92 92 92 93 93 93 94 94 94 94 95 95 95 95 95 96 96 96 97 97 97 97 98 98 98 98 98 98 99 99 99 99 99 100 101 101 101 101 101 102 102 102 102 103 103 103 103 104 104 104 105 105 105 105 106 106 106 106 106 106 106 107 107 107 107 107 107 107 108 108 109 108 108 109 109 109 109 109 110 110 110 110 110 111 112 112 112 113 113 113 113 113 113 113 113 113 114 114 114 114 115 115 115 115 116 116 116 116 116 116 116 117 117 117 117 117 118 118 118 118 118 118 119 119 119 119 119 119 119 120 120 120 120 120 121 122 122 122 122 122 122 123 123 123 123 123 123 123 124 124 124 124 124 124 124 124 124 125 125 125 125 126 126 126 126 126 126 125 125 126 126 126 126 126 126 126 126 127 127 127 128 128 128 128 127 128 128 128 128 129 129 129 129 129 129 129 129 129 130 130 130 130 130 130 130 130 131 131 131 131 131 131 131 132 132 132 132 131 132 132 132 132 132 132 132 132 132 133 133 132 132 132 132 132 132 132 133 133 133 133 133 133 133 133 133 133 133 133 133 134 134 133 133 133 133 133 133 133 133 134 134 134 134 134 134 134 134 134 134 134 134 134 134 134 134 134 134 134 134 134 134 134 134 134 133 134 134 134 134 134 135 135 135 135 135 135 135 135 135 135 135 135 135 135 135 NA NA NA NA NA NA NA NA NA NA NA NA NA NA NA NA NA NA NA NA NA NA NA NA NA NA NA NA NA NA NA NA NA NA NA NA NA NA NA NA
NA NA NA NA NA NA NA NA NA NA NA NA NA NA NA NA NA NA NA NA NA NA NA NA NA NA NA NA NA NA NA NA NA NA NA NA NA NA NA NA NA NA NA NA NA NA NA NA NA NA NA NA NA NA NA NA NA NA NA NA NA NA NA NA 65 66 66 67 67 68 68 68 68 68 69 69 69 69 70 70 71 71 72 72 73 73 73 74 73 73 74 75 75 76 76 76 77 77 77 77 77 77 77 78 78 78 78 78 79 79 79 79 80 80 81 81 81 81 81 82 82 82 83 83 83 82 83 83 83 84 84 84 85 85 85 86 86 86 86 86 87 87 88 88 88 89 89 89 89 90 90 90 90 90 91 91 91 92 92 92 92 93 93 93 94 94 94 94 94 95 95 95 95 96 96 96 96 97 97 97 97 97 98 98 98 99 99 99 99 99 100 100 101 101 101 101 101 102 102 102 102 103 103 103 103 104 104 104 105 105 105 105 105 106 106 106 106 107 107 107 107 107 107 107 107 107 107 108 108 109 109 109 109 109 109 109 110 110 110 110 110 111 112 112 112 112 113 113 113 113 113 113 113 113 114 114 114 114 114 115 115 115 115 116 116 116 116 116 116 116 117 117 117 117 118 118 118 118 118 118 119 119 119 119 119 119 120 120 120 120 120 120 121 122 122 122 122 122 122 123 123 123 123 123 123 123 124 124 124 124 124 124 124 124 124 125 125 125 125 126 126 126 126 126 126 126 125 126 126 126 126 126 126 126 126 126 127 127 128 128 128 128 127 128 128 128 128 128 128 129 129 129 129 129 129 130 130 130 130 130 130 130 130 130 130 131 131 131 131 132 132 131 131 131 131 131 132 132 132 132 132 132 132 132 132 133 133 132 131 131 132 132 132 133 133 133 133 133 133 133 133 133 133 133 133 133 133 134 134 134 134 133 133 133 133 133 133 134 134 134 134 134 134 134 134 134 134 134 134 134 134 134 134 134 134 134 134 134 134 134 134 134 133 133 134 134 134 134 134 134 134 135 135 135 135 135 135 135 135 135 135 135 135 NA NA NA NA NA NA NA NA NA NA NA NA NA NA NA NA NA NA NA NA NA NA NA NA NA NA NA NA NA NA NA NA NA NA NA NA NA NA NA NA
NA NA NA NA NA NA NA NA NA NA NA NA NA NA NA NA NA NA NA NA NA NA NA NA NA NA NA NA NA NA NA NA NA NA NA NA NA NA NA NA NA NA NA NA NA NA NA NA NA NA NA NA NA NA NA NA NA NA NA NA NA NA NA 65 65 66 67 67 67 67 67 68 68 68 68 69 69 70 70 71 71 71 71 72 73 73 74 74 74 73 73 74 74 75 75 76 76 76 76 77 77 77 77 78 78 78 78 78 78 78 79 79 80 80 81 81 81 81 81 82 82 82 82 82 82 83 83 84 84 84 84 84 85 85 85 86 86 86 86 86 87 87 88 88 89 89 89 89 90 90 90 90 90 90 91 91 92 92 92 92 92 92 93 93 93 94 94 94 94 94 95 95 95 95 96 96 96 96 97 97 97 97 98 98 99 98 99 99 99 99 99 100 101 101 101 101 101 102 102 102 102 103 103 103 104 104 104 104 105 105 105 105 105 106 106 106 106 106 106 106 106 107 107 107 107 107 108 108 108 109 109 109 109 109 109 110 110 110 110 110 110 111 112 112 112 112 113 113 113 113 113 113 113 113 114 114 114 114 114 115 115 115 115 115 116 116 116 116 116 116 117 117 117 117 117 118 118 118 118 118 119 119 119 119 119 119 119 120 120 120 120 120 121 122 122 122 122 122 122 122 123 123 123 123 123 124 124 124 124 124 124 124 124 124 124 125 125 125 125 126 126 126 126 126 126 126 126 126 126 126 126 126 126 126 126 126 126 127 127 128 128 128 128 128 128 128 128 128 128 128 129 129 129 129 129 129 130 130 130 130 130 130 130 130 130 131 131 131 132 132 132 132 131 131 131 131 131 132 132 132 132 132 132 132 132 132 133 132 131 131 131 132 132 133 133 133 133 132 132 133 133 133 133 133 133 133 134 134 135 134 133 133 133 133 133 133 133 134 134 134 134 134 134 134 134 134 134 134 134 134 134 134 134 134 134 134 134 134 134 134 134 134 133 133 134 134 134 134 134 134 134 135 135 135 135 135 135 135 135 135 135 135 135 NA NA NA NA NA NA NA NA NA NA NA NA NA NA NA NA NA NA NA NA NA NA NA NA NA NA NA NA NA NA NA NA NA NA NA NA NA NA NA NA
NA NA NA NA NA NA NA NA NA NA NA NA NA NA NA NA NA NA NA NA NA NA NA NA NA NA NA NA NA NA NA NA NA NA NA NA NA NA NA NA NA NA NA NA NA NA NA NA NA NA NA NA NA NA NA NA NA NA NA NA NA NA NA NA NA 66 67 67 67 67 67 67 68 68 69 70 69 70 70 70 71 71 71 72 72 72 73 74 74 74 74 74 74 74 75 75 76 77 78 77 77 77 77 78 78 78 78 78 78 79 79 79 80 80 81 81 81 82 82 82 82 82 82 82 82 83 83 84 84 84 84 84 85 85 85 86 86 86 87 87 87 87 88 88 88 89 89 89 90 90 90 90 90 91 91 91 91 91 92 92 92 92 93 93 93 93 94 94 94 94 95 95 95 95 96 96 96 97 97 97 97 97 98 98 98 98 98 99 99 100 99 99 101 101 101 101 101 101 102 102 103 103 103 103 103 104 104 104 104 105 105 105 105 105 106 106 106 106 106 106 106 106 107 107 107 107 108 108 108 108 109 109 109 109 109 109 110 110 110 110 110 111 112 112 112 112 113 113 113 113 113 113 114 114 114 114 114 114 114 115 115 115 115 115 115 116 116 116 116 117 117 117 117 117 117 118 118 118 118 118 119 119 119 119 119 119 119 119 119 120 120 120 121 122 122 122 122 122 122 122 123 123 123 123 123 124 124 124 124 124 124 124 124 124 124 125 125 125 126 126 126 126 126 126 126 126 126 126 126 126 126 126 126 125 126 126 126 127 127 128 128 128 128 128 128 128 128 128 128 128 128 129 129 129 129 129 129 129 130 130 130 130 130 130 131 131 131 131 132 131 131 132 132 132 132 132 132 132 133 133 132 132 132 132 132 133 133 133 132 131 131 131 132 132 133 133 133 132 132 132 132 133 133 133 133 133 133 134 134 133 133 133 133 133 133 133 133 133 134 134 134 134 134 134 134 134 134 134 134 134 134 134 134 134 134 134 134 134 134 134 134 134 134 133 134 134 134 134 134 134 134 135 135 135 135 135 135 135 135 135 135 135 NA NA NA NA NA NA NA NA NA NA NA NA NA NA NA NA NA NA NA NA NA NA NA NA NA NA NA NA NA NA NA NA NA NA NA NA NA NA NA NA NA
NA NA NA NA NA NA NA NA NA NA NA NA NA NA NA NA NA NA NA NA NA NA NA NA NA NA NA NA NA NA NA NA NA NA NA NA NA NA NA NA NA NA NA NA NA NA NA NA NA NA NA NA NA NA NA NA NA NA NA NA NA NA NA NA NA 66 66 66 67 67 67 68 68 69 69 69 69 70 70 71 71 71 72 71 71 72 72 73 75 75 75 75 74 74 75 76 76 76 77 78 77 77 77 77 78 78 78 78 79 79 79 79 80 80 80 81 81 82 82 82 82 82 82 82 82 82 83 84 84 84 84 84 84 85 85 85 86 86 87 87 87 87 88 88 89 89 89 90 90 90 90 91 91 91 91 91 91 91 91 92 92 93 93 93 93 94 94 94 94 94 95 95 95 95 95 96 96 97 97 97 97 97 97 98 98 99 99 99 99 100 100 100 100 101 101 101 102 102 102 102 103 103 103 103 104 104 104 104 104 104 105 105 105 105 106 106 106 106 106 106 106 107 107 107 107 107 108 108 108 108 109 109 109 109 109 109 110 110 110 110 110 111 111 112 112 112 112 112 112 113 113 113 113 114 114 114 114 114 115 115 115 115 115 115 115 116 116 116 116 116 117 117 117 117 117 118 118 118 118 118 118 119 119 119 119 119 119 119 119 120 120 120 121 121 122 122 122 122 122 122 123 123 123 123 123 123 124 124 124 124 124 124 124 124 124 125 125 125 126 126 126 126 126 126 126 126 126 126 126 126 126 126 126 125 126 126 126 127 127 128 128 128 128 128 128 128 128 128 128 128 128 128 128 129 129 129 129 129 129 129 130 130 130 130 131 131 131 131 131 131 131 132 132 132 132 132 132 132 132 132 132 132 132 132 132 132 133 133 132 132 131 131 132 132 132 133 132 132 132 132 132 132 133 133 133 133 133 133 134 134 134 133 133 133 133 133 133 134 134 134 134 134 134 134 134 134 134 134 134 134 134 134 134 134 134 134 134 134 134 134 134 134 134 134 134 134 134 134 134 134 134 134 135 135 135 135 135 135 135 135 NA NA NA NA NA NA NA NA NA NA NA NA NA NA NA NA NA NA NA NA NA NA NA NA NA NA NA NA NA NA NA NA NA NA NA NA NA NA NA NA NA NA NA
NA NA NA NA NA NA NA NA NA NA NA NA NA NA NA NA NA NA NA NA NA NA NA NA NA NA NA NA NA NA NA NA NA NA NA NA NA NA NA NA NA NA NA NA NA NA NA NA NA NA NA NA NA NA NA NA NA NA NA NA NA NA NA NA NA 66 66 66 67 67 68 68 68 68 69 70 70 70 71 71 71 71 72 72 71 72 72 74 75 75 76 75 74 74 75 76 76 77 77 78 77 77 77 77 77 77 78 79 79 79 79 80 80 80 81 81 81 81 82 82 82 82 82 82 82 83 83 84 84 84 84 85 84 85 85 85 86 86 86 87 87 87 88 89 89 89 89 89 90 90 90 90 91 90 91 91 92 92 91 92 92 93 93 93 94 94 94 94 94 94 95 95 95 95 95 95 96 96 96 97 97 97 98 98 98 99 99 99 99 100 100 100 101 101 101 101 102 102 102 102 103 103 103 103 104 104 104 104 104 105 105 105 105 105 105 106 106 106 106 106 106 106 107 107 107 107 107 108 108 108 109 109 109 109 109 109 110 110 110 110 110 111 112 112 112 112 112 113 112 113 113 113 114 114 114 114 114 114 114 115 115 115 115 115 115 116 116 116 117 117 117 117 117 117 117 117 118 118 118 118 118 118 118 119 119 119 119 119 119 119 120 120 121 121 122 122 122 122 122 122 122 123 123 123 123 123 123 124 124 124 124 124 124 124 124 125 125 126 126 126 126 126 126 126 126 126 126 126 126 127 126 126 126 125 126 126 127 127 128 128 128 128 128 128 128 128 128 128 128 128 128 129 128 128 128 128 128 129 129 129 129 130 130 130 130 130 130 130 131 131 131 131 131 131 132 132 132 132 132 132 132 132 132 132 133 133 132 132 133 133 132 131 132 132 132 132 132 132 133 132 132 132 132 133 133 133 133 133 133 134 134 134 134 134 133 133 134 134 134 134 134 134 134 134 134 134 134 134 134 134 134 134 134 134 134 134 134 134 134 134 134 134 134 134 134 134 134 134 134 134 134 134 135 135 135 135 135 135 135 NA NA NA NA NA NA NA NA NA NA NA NA NA NA NA NA NA NA NA NA NA NA NA NA NA NA NA NA NA NA NA NA NA NA NA NA NA NA NA NA NA NA NA NA
NA NA NA NA NA NA NA NA NA NA NA NA NA NA NA NA NA NA NA NA NA NA NA NA NA NA NA NA NA NA NA NA NA NA NA NA NA NA NA NA NA NA NA NA NA NA NA NA NA NA NA NA NA NA NA NA NA NA NA NA NA NA NA NA NA 66 66 66 67 67 68 68 68 69 70 70 70 70 70 70 70 71 72 72 72 72 73 73 74 74 76 76 75 75 75 75 76 77 77 78 77 77 78 77 78 77 78 79 79 80 80 80 80 80 81 81 81 81 82 82 82 82 82 82 82 82 83 83 84 84 85 85 85 85 85 85 85 86 86 87 87 87 88 88 89 89 89 89 90 90 90 90 90 91 91 91 92 92 92 92 92 93 93 93 93 93 93 93 94 94 95 95 95 96 96 96 96 96 97 97 97 97 97 98 98 98 98 99 99 99 100 100 101 101 101 101 102 102 102 102 103 103 103 103 103 103 104 104 104 104 104 105 105 105 105 105 106 106 106 106 107 107 107 107 107 107 107 108 108 108 109 109 109 109 109 109 110 110 110 110 111 111 112 112 112 112 112 113 112 113 113 114 113 114 114 114 114 114 114 115 115 115 115 115 116 116 116 116 116 116 116 117 117 117 117 117 118 118 118 118 118 118 118 119 119 119 119 119 119 119 119 120 121 121 122 122 122 122 122 122 122 123 123 123 123 123 123 123 124 124 124 124 124 124 124 125 125 125 125 126 126 126 126 126 126 126 126 126 126 127 127 126 126 126 125 126 127 127 128 128 128 128 128 128 128 128 128 129 129 128 128 128 129 129 129 129 129 129 129 129 129 129 129 130 130 131 131 131 131 131 131 131 131 131 132 132 132 132 132 132 132 132 132 132 132 133 132 132 132 133 132 132 132 132 132 132 132 133 133 132 132 132 133 133 133 133 133 133 133 133 134 134 133 133 133 133 133 134 134 134 134 134 134 134 134 134 134 134 134 134 134 134 134 134 134 134 134 134 134 134 134 134 134 134 134 134 134 134 134 134 134 134 134 135 135 135 135 135 135 NA NA NA NA NA NA NA NA NA NA NA NA NA NA NA NA NA NA NA NA NA NA NA NA NA NA NA NA NA NA NA NA NA NA NA NA NA NA NA NA NA NA NA NA
NA NA NA NA NA NA NA NA NA NA NA NA NA NA NA NA NA NA NA NA NA NA NA NA NA NA NA NA NA NA NA NA NA NA NA NA NA NA NA NA NA NA NA NA NA NA NA NA NA NA NA NA NA NA NA NA NA NA NA NA NA NA NA NA NA NA NA NA 67 67 67 67 68 69 69 69 69 70 69 70 71 72 73 73 73 73 74 74 74 74 75 76 76 76 76 76 76 76 77 78 78 79 79 78 78 78 78 79 80 80 80 80 80 80 80 81 81 81 82 82 82 82 82 82 82 82 82 83 84 84 85 85 85 85 86 85 85 85 86 86 87 87 88 88 89 89 89 89 90 90 90 90 91 91 91 92 92 92 92 93 92 92 92 92 93 93 93 93 93 94 94 95 95 96 96 96 96 96 96 97 97 97 97 98 98 98 98 98 99 99 99 100 101 101 101 101 102 102 102 102 103 103 103 103 103 103 103 103 104 104 104 105 105 105 105 105 105 106 106 106 107 107 107 107 107 107 107 108 108 108 108 108 109 109 109 109 110 110 110 110 110 111 112 112 112 112 113 113 113 113 113 114 114 114 114 114 114 114 114 115 115 115 115 116 116 116 116 116 116 116 117 117 117 117 117 117 118 118 118 118 118 118 118 119 119 119 119 119 120 119 119 120 121 121 122 122 122 122 122 122 122 122 123 123 123 123 123 123 124 124 124 124 124 124 124 124 125 125 125 125 126 126 126 126 126 126 126 126 126 126 126 126 126 126 126 126 127 127 128 128 128 128 128 128 128 128 128 128 128 128 128 129 128 129 129 129 129 129 129 129 130 130 130 130 130 131 131 131 131 131 131 131 131 132 132 132 132 132 132 132 132 132 132 132 132 132 132 132 132 132 133 133 132 132 133 133 133 133 134 133 132 132 133 133 133 133 133 133 133 133 133 134 134 134 134 133 133 133 134 134 134 134 134 134 134 134 134 134 134 134 134 134 134 134 134 134 134 134 134 134 134 134 134 134 134 134 134 134 134 134 134 134 134 135 135 135 135 135 NA NA NA NA NA NA NA NA NA NA NA NA NA NA NA NA NA NA NA NA NA NA NA NA NA NA NA NA NA NA NA NA NA NA NA NA NA NA NA NA NA NA NA NA NA
NA NA NA NA NA NA NA NA NA NA NA NA NA NA NA NA NA NA NA NA NA NA NA NA NA NA NA NA NA NA NA NA NA NA NA NA NA NA NA NA NA NA NA NA NA NA NA NA NA NA NA NA NA NA NA NA NA NA NA NA NA NA NA NA NA NA NA NA NA NA 67 67 68 68 69 69 69 69 70 71 71 71 73 73 73 73 74 73 74 74 75 76 76 76 77 77 76 76 77 77 78 79 79 78 78 78 78 79 80 80 80 80 80 80 80 81 81 81 82 82 82 82 82 82 83 82 82 83 84 84 85 85 85 86 86 86 86 86 86 86 87 87 88 88 88 88 89 89 89 89 90 90 91 91 91 92 92 92 92 92 92 92 92 93 93 93 93 94 94 94 94 94 95 95 96 96 96 96 96 96 97 97 97 98 98 98 98 98 98 99 99 99 100 100 101 101 102 102 102 102 103 103 103 103 103 103 103 103 104 104 104 105 105 105 105 105 105 106 106 106 106 107 107 107 107 107 107 107 108 108 108 109 109 109 109 110 110 110 110 110 110 111 112 112 112 112 113 113 113 113 113 113 114 114 114 114 114 114 114 115 115 115 115 115 115 116 116 116 116 116 116 117 117 117 117 117 118 118 118 118 118 118 118 119 119 119 119 119 119 120 120 120 121 121 121 122 122 122 122 122 122 122 123 123 123 123 123 123 124 124 124 124 124 124 124 125 125 125 125 126 126 126 125 125 126 126 126 126 126 126 125 125 126 125 126 126 127 128 128 128 128 128 128 128 128 128 128 128 128 128 129 129 129 129 129 129 130 130 130 130 130 130 131 131 130 131 131 131 131 131 131 131 131 132 132 132 132 132 132 131 131 132 132 132 132 132 132 132 132 132 132 133 134 133 132 133 133 133 134 133 132 132 132 133 133 133 133 133 133 133 133 134 134 134 134 133 133 133 134 134 134 134 134 134 134 134 134 134 134 134 134 134 134 134 134 134 134 134 134 134 134 134 134 134 134 134 134 134 134 134 134 134 134 134 135 135 NA NA NA NA NA NA NA NA NA NA NA NA NA NA NA NA NA NA NA NA NA NA NA NA NA NA NA NA NA NA NA NA NA NA NA NA NA NA NA NA NA NA NA NA NA NA NA
NA NA NA NA NA NA NA NA NA NA NA NA NA NA NA NA NA NA NA NA NA NA NA NA NA NA NA NA NA NA NA NA NA NA NA NA NA NA NA NA NA NA NA NA NA NA NA NA NA NA NA NA NA NA NA NA NA NA NA NA NA NA NA NA NA NA NA NA NA NA NA 67 68 68 68 69 69 70 71 71 71 71 72 73 73 74 73 74 75 76 76 76 76 76 77 77 78 78 78 79 79 79 79 79 79 79 79 79 80 80 81 81 81 81 81 81 82 82 83 83 83 83 83 84 84 83 83 83 84 85 85 86 86 87 87 87 87 87 87 87 87 87 87 88 88 88 89 89 89 90 90 90 91 91 92 92 92 92 92 92 92 92 92 93 93 92 93 94 94 94 94 94 94 95 95 96 96 96 96 96 97 97 97 98 98 98 98 99 99 99 99 99 100 100 100 101 101 102 102 102 102 103 103 103 103 104 103 103 104 104 105 104 105 105 105 105 105 106 106 106 106 106 106 107 106 107 107 107 107 108 108 108 109 109 109 109 109 110 110 110 110 110 111 111 111 112 112 112 112 112 113 113 113 113 113 113 113 114 114 114 114 115 115 115 115 115 115 115 116 116 116 116 116 117 117 117 117 117 117 117 118 118 118 118 118 119 118 119 119 119 119 119 120 120 120 120 120 121 121 121 121 121 121 121 121 122 122 122 122 122 122 123 123 123 123 123 124 124 124 124 124 124 124 124 124 124 125 125 125 125 124 125 124 124 125 125 126 126 127 127 127 127 128 128 128 128 128 129 129 129 129 129 129 129 129 129 129 130 131 131 131 131 131 131 131 131 131 131 131 131 132 131 131 132 132 132 132 132 131 131 132 131 131 132 132 132 132 132 132 132 132 132 133 134 133 132 133 133 133 133 132 133 133 133 133 133 133 133 134 134 134 134 134 134 134 134 133 133 134 134 134 134 134 134 134 134 134 134 134 134 134 134 134 134 134 134 134 134 134 134 134 134 134 134 134 134 134 134 134 134 134 134 134 134 134 135 NA NA NA NA NA NA NA NA NA NA NA NA NA NA NA NA NA NA NA NA NA NA NA NA NA NA NA NA NA NA NA NA NA NA NA NA NA NA NA NA NA NA NA NA NA NA NA
NA NA NA NA NA NA NA NA NA NA NA NA NA NA NA NA NA NA NA NA NA NA NA NA NA NA NA NA NA NA NA NA NA NA NA NA NA NA NA NA NA NA NA NA NA NA NA NA NA NA NA NA NA NA NA NA NA NA NA NA NA NA NA NA NA NA NA NA NA NA NA NA 68 68 69 69 69 70 70 70 70 71 72 73 74 74 73 74 75 75 76 76 76 76 77 77 78 78 78 79 79 79 79 79 80 80 79 80 80 80 80 81 81 81 81 82 82 82 83 83 84 84 84 84 84 84 84 84 84 84 85 85 86 86 87 87 87 87 86 87 87 87 88 88 88 89 89 89 89 89 90 90 90 91 91 91 92 92 92 92 92 92 92 93 92 93 93 93 94 94 94 94 94 95 96 96 96 96 96 96 96 97 97 98 98 98 99 99 99 99 99 100 100 100 100 100 101 101 101 102 103 103 102 103 103 104 104 103 104 105 105 104 104 104 105 105 105 105 106 106 106 106 106 107 107 107 107 107 107 108 108 108 108 109 109 109 109 109 110 110 110 110 111 111 112 112 112 112 112 112 113 113 113 113 113 113 114 114 114 114 114 114 115 115 115 115 115 115 115 116 116 116 116 116 117 117 117 117 117 117 117 118 118 118 118 119 118 118 119 119 119 119 120 120 120 120 120 121 121 121 121 121 121 121 122 122 122 122 122 122 122 122 122 123 123 123 123 124 124 124 124 124 124 124 124 124 125 125 125 125 125 125 124 124 125 125 126 126 127 127 127 128 129 129 129 129 129 129 129 129 129 129 129 129 129 130 130 130 130 131 131 131 131 131 131 131 131 131 131 131 132 132 131 132 132 132 132 132 131 131 131 132 132 132 132 131 131 132 132 132 132 132 132 132 133 132 132 132 133 134 133 133 133 133 133 133 133 133 133 134 134 134 134 134 134 134 134 133 133 134 134 134 134 134 134 134 134 134 134 134 134 134 134 134 134 134 134 134 134 134 134 134 134 134 134 134 134 134 134 134 134 134 134 134 134 134 135 NA NA NA NA NA NA NA NA NA NA NA NA NA NA NA NA NA NA NA NA NA NA NA NA NA NA NA NA NA NA NA NA NA NA NA NA NA NA NA NA NA NA NA NA NA NA
NA NA NA NA NA NA NA NA NA NA NA NA NA NA NA NA NA NA NA NA NA NA NA NA NA NA NA NA NA NA NA NA NA NA NA NA NA NA NA NA NA NA NA NA NA NA NA NA NA NA NA NA NA NA NA NA NA NA NA NA NA NA NA NA NA NA NA NA NA NA NA NA 67 68 68 69 69 NA NA NA 70 71 72 72 72 73 73 73 74 75 75 76 76 77 77 77 78 78 78 78 79 79 79 79 80 80 80 81 81 81 81 81 81 81 82 82 82 83 83 83 83 84 84 84 84 84 83 84 85 85 84 85 85 85 86 86 87 87 87 87 88 88 89 89 89 89 89 89 89 89 90 90 90 90 91 91 91 92 92 92 92 92 93 94 93 94 94 94 94 94 94 95 95 95 96 96 97 97 97 97 97 97 97 97 98 98 99 99 99 99 99 100 100 101 101 101 101 101 101 102 103 103 103 103 103 104 104 104 104 105 105 105 104 105 105 105 105 105 105 106 106 106 106 107 107 107 107 107 108 108 108 109 109 109 109 109 109 110 110 110 110 110 111 111 112 112 112 112 112 112 113 113 113 113 113 113 113 113 114 114 114 114 114 115 115 115 115 115 115 116 116 116 116 116 117 117 117 117 117 117 117 118 118 118 118 118 119 119 119 119 119 120 120 120 120 120 121 121 121 121 121 121 121 121 121 122 122 122 122 122 122 122 122 123 123 123 123 124 124 124 124 124 124 124 124 124 125 125 125 125 125 125 125 125 125 125 126 126 127 127 127 128 129 129 129 129 129 129 129 130 129 129 130 130 130 130 130 130 130 130 130 130 130 130 130 131 132 131 131 131 132 132 132 132 132 132 132 132 131 131 132 132 132 133 132 132 131 131 132 132 132 132 132 132 132 132 132 132 133 133 134 133 133 133 133 133 133 134 134 134 134 134 134 134 134 134 134 133 133 133 134 134 134 134 134 134 134 134 134 134 134 134 134 134 134 134 134 134 134 134 134 134 134 134 134 134 134 134 134 134 134 134 134 134 134 134 NA NA NA NA NA NA NA NA NA NA NA NA NA NA NA NA NA NA NA NA NA NA NA NA NA NA NA NA NA NA NA NA NA NA NA NA NA NA NA NA NA NA NA NA NA NA NA
NA NA NA NA NA NA NA NA NA NA NA NA NA NA NA NA NA NA NA NA NA NA NA NA NA NA NA NA NA NA NA NA NA NA NA NA NA NA NA NA NA NA NA NA NA NA NA NA NA NA NA NA NA NA NA NA NA NA NA NA NA NA NA NA NA NA NA NA NA NA NA NA NA NA 68 69 NA NA NA NA 70 71 72 71 71 72 73 74 74 74 75 75 75 76 77 77 78 78 78 78 79 79 79 79 80 80 81 81 81 82 82 82 82 82 82 82 83 83 83 83 83 83 83 84 84 83 83 84 85 85 85 86 86 85 86 87 87 87 88 87 88 88 89 90 89 90 90 89 89 90 90 90 90 90 90 91 91 92 92 92 93 93 94 94 94 95 95 95 95 95 95 95 96 96 96 96 96 97 97 97 97 97 97 97 98 98 98 99 99 99 99 99 100 100 101 101 101 101 101 102 102 103 103 103 103 104 105 104 105 105 105 105 105 105 105 105 105 105 106 106 106 106 106 106 107 107 108 108 108 108 108 109 109 109 109 109 110 110 110 110 110 110 111 111 112 112 112 112 112 112 113 113 113 113 113 113 113 113 113 114 114 114 114 114 115 115 115 116 116 116 116 116 116 116 116 117 117 117 117 117 118 118 118 118 118 118 118 119 119 119 119 119 120 120 120 120 120 121 121 121 121 121 121 121 121 122 122 122 122 122 122 122 122 123 123 123 123 124 124 124 124 124 124 124 124 124 124 124 125 125 125 125 125 125 125 126 126 126 127 127 128 128 130 130 130 129 129 129 130 130 130 130 130 130 130 130 131 130 130 130 130 130 130 131 131 131 131 131 131 131 131 132 132 132 132 132 132 132 132 131 132 132 132 132 132 132 132 131 132 132 132 132 132 132 132 132 132 132 133 133 133 133 133 133 133 133 133 133 134 134 134 134 134 134 134 134 134 133 133 133 134 134 134 134 134 134 134 134 134 134 134 134 134 134 134 134 134 134 134 134 134 134 134 134 134 134 134 134 134 134 134 134 134 134 134 134 NA NA NA NA NA NA NA NA NA NA NA NA NA NA NA NA NA NA NA NA NA NA NA NA NA NA NA NA NA NA NA NA NA NA NA NA NA NA NA NA NA NA NA NA NA NA NA
NA NA NA NA NA NA NA NA NA NA NA NA NA NA NA NA NA NA NA NA NA NA NA NA NA NA NA NA NA NA NA NA NA NA NA NA NA NA NA NA NA NA NA NA NA NA NA NA NA NA NA NA NA NA NA NA NA NA NA NA NA NA NA NA NA NA NA NA NA NA NA NA NA NA NA NA NA NA NA 70 71 71 71 71 72 73 74 75 75 75 75 76 76 76 77 77 77 78 78 78 79 79 79 79 80 80 80 81 81 81 82 82 82 82 82 82 82 82 83 83 83 83 83 83 83 84 84 85 85 85 85 85 86 86 86 86 87 87 87 88 88 89 89 90 90 90 90 90 90 90 90 90 90 90 90 91 91 92 92 93 93 93 94 94 95 95 95 95 95 96 96 96 96 96 96 96 96 96 96 97 97 97 97 97 97 98 98 98 99 99 99 99 100 100 100 101 101 102 102 102 102 103 103 104 104 105 105 105 105 104 104 104 104 105 105 105 105 106 105 106 106 106 106 106 107 108 108 108 108 108 108 109 109 109 109 109 109 110 110 110 110 111 111 112 112 112 112 112 112 112 113 113 113 113 113 113 113 113 113 114 114 114 114 114 114 115 115 116 116 116 116 116 116 116 116 117 117 117 117 117 117 118 118 118 118 118 119 119 119 119 119 119 120 120 120 120 120 121 121 121 121 121 121 121 121 122 122 122 122 122 122 122 122 122 123 123 123 123 123 124 124 124 124 124 124 124 124 124 125 125 125 125 125 126 126 126 126 127 127 128 128 128 129 129 130 130 130 130 130 130 130 130 130 130 131 131 130 130 130 131 130 130 131 131 131 131 131 131 131 131 131 131 132 132 132 132 132 133 132 132 131 131 131 132 132 132 132 131 132 132 132 132 132 132 132 132 132 132 133 133 133 133 133 133 133 133 133 133 133 134 134 134 134 133 134 134 134 134 134 134 133 134 134 134 134 134 134 134 134 134 134 134 134 134 134 134 134 134 134 134 134 134 134 134 134 134 134 134 134 134 134 134 134 134 134 134 NA NA NA NA NA NA NA NA NA NA NA NA NA NA NA NA NA NA NA NA NA NA NA NA NA NA NA NA NA NA NA NA NA NA NA NA NA NA NA NA NA NA NA NA NA NA NA
NA NA NA NA NA NA NA NA NA NA NA NA NA NA NA NA NA NA NA NA NA NA NA NA NA NA NA NA NA NA NA NA NA NA NA NA NA NA NA NA NA NA NA NA NA NA NA NA NA NA NA NA NA NA NA NA NA NA NA NA NA NA NA NA NA NA NA NA NA NA NA NA NA NA NA NA NA NA 70 70 71 71 71 72 72 72 73 74 75 75 76 77 76 76 77 77 77 78 78 78 79 79 79 79 79 79 79 80 81 81 81 82 82 82 82 83 82 82 82 82 83 83 83 83 83 84 85 85 85 86 86 86 86 86 86 86 87 88 88 88 89 89 90 90 90 91 90 90 91 91 91 91 91 91 91 91 91 92 93 93 93 94 94 95 94 94 95 95 95 96 96 96 96 96 96 96 96 96 96 97 97 97 97 97 98 98 98 98 99 99 99 99 100 100 100 101 101 102 102 102 102 103 103 103 103 104 104 105 105 104 104 104 104 104 104 105 106 106 106 106 106 106 106 106 107 108 108 108 108 108 108 109 109 109 109 109 109 109 110 110 110 110 111 111 112 112 112 112 112 112 113 113 113 113 113 113 113 113 114 114 114 114 114 114 114 115 115 115 115 115 116 116 116 116 116 117 117 117 117 117 117 117 118 118 118 118 118 118 119 119 119 119 120 120 120 120 121 121 121 121 121 121 121 121 121 122 122 122 122 122 122 122 122 122 123 123 123 123 123 123 123 124 124 124 124 124 124 125 125 125 125 125 125 126 126 126 127 127 127 128 128 128 129 130 130 130 130 130 130 130 130 130 130 130 130 130 130 130 130 130 131 131 131 131 131 131 131 131 131 131 131 131 131 132 132 132 132 131 131 131 131 131 131 131 132 132 132 131 132 132 132 132 132 132 132 131 132 132 133 133 133 133 133 134 133 133 133 133 133 133 134 134 134 133 133 134 134 134 134 134 133 133 134 134 134 134 134 134 134 134 134 134 134 134 134 134 134 134 134 134 134 134 134 134 134 134 134 134 134 134 134 134 134 134 134 134 NA NA NA NA NA NA NA NA NA NA NA NA NA NA NA NA NA NA NA NA NA NA NA NA NA NA NA NA NA NA NA NA NA NA NA NA NA NA NA NA NA NA NA NA NA NA NA
NA NA NA NA NA NA NA NA NA NA NA NA NA NA NA NA NA NA NA NA NA NA NA NA NA NA NA NA NA NA NA NA NA NA NA NA NA NA NA NA NA NA NA NA NA NA NA NA NA NA NA NA NA NA NA NA NA NA NA NA NA NA NA NA NA NA NA NA NA NA NA NA NA NA NA NA NA NA NA NA NA 71 71 72 73 73 73 73 74 74 74 75 76 77 77 77 77 78 78 79 79 79 79 79 78 79 79 79 80 81 81 82 82 82 82 83 83 83 83 83 83 83 83 83 84 84 85 85 85 86 86 86 86 86 87 87 87 87 88 89 89 89 90 90 90 91 90 91 91 91 92 91 92 91 91 92 92 92 93 93 94 94 94 94 94 94 94 95 95 95 96 96 96 96 96 96 96 96 96 97 97 98 98 98 98 98 98 98 99 99 99 99 100 100 101 101 101 102 102 103 102 103 103 103 103 103 104 105 105 105 105 105 105 105 105 105 106 106 106 106 106 107 107 106 107 107 108 108 108 108 108 109 109 109 109 109 109 110 110 110 110 110 111 111 111 112 112 112 112 112 112 113 113 113 113 113 113 113 113 114 114 114 114 114 115 115 115 115 115 116 116 116 116 116 116 117 117 117 117 117 117 117 118 118 118 118 118 119 119 119 119 119 120 120 120 120 120 121 121 121 121 121 121 121 121 122 122 122 122 122 122 122 122 122 122 123 123 123 123 123 123 124 124 124 124 124 124 124 125 125 125 125 125 125 125 126 126 126 127 127 127 128 129 129 130 130 130 130 131 131 131 131 130 130 130 130 130 131 131 131 131 131 131 131 131 131 131 131 131 131 131 131 131 131 131 131 131 131 131 131 131 131 131 131 132 132 132 132 132 132 132 132 132 132 132 132 132 132 132 133 133 133 133 133 133 133 133 133 133 133 133 134 134 133 133 133 133 133 133 133 133 133 134 134 134 134 134 134 134 134 134 134 134 134 133 133 133 133 133 133 134 134 133 134 134 134 134 134 134 134 134 134 134 134 134 NA NA NA NA NA NA NA NA NA NA NA NA NA NA NA NA NA NA NA NA NA NA NA NA NA NA NA NA NA NA NA NA NA NA NA NA NA NA NA NA NA NA NA NA NA NA NA NA
NA NA NA NA NA NA NA NA NA NA NA NA NA NA NA NA NA NA NA NA NA NA NA NA NA NA NA NA NA NA NA NA NA NA NA NA NA NA NA NA NA NA NA NA NA NA NA NA NA NA NA NA NA NA NA NA NA NA NA NA NA NA NA NA NA NA NA NA NA NA NA NA NA NA NA NA NA NA NA NA NA 70 71 72 72 73 73 73 73 73 74 75 75 76 77 78 78 78 78 79 79 79 79 79 79 79 79 80 80 81 81 82 82 82 82 82 83 83 83 83 83 84 84 84 84 84 85 85 85 86 86 86 86 86 86 87 87 88 88 89 89 89 90 90 90 90 90 90 91 91 92 92 92 92 92 92 92 92 93 93 94 94 94 94 94 95 95 95 95 95 95 95 95 95 96 96 96 96 97 97 97 98 98 98 98 98 98 99 99 99 99 100 100 101 101 102 102 102 102 102 103 103 103 103 103 104 104 104 105 104 105 105 105 106 106 106 106 106 106 106 106 107 107 107 107 107 108 108 108 108 108 108 109 109 109 109 109 109 110 110 110 110 111 111 111 112 112 112 112 112 113 113 113 113 113 113 113 113 113 114 114 114 114 114 115 115 115 115 116 116 116 116 116 116 116 117 117 117 117 117 117 117 117 118 118 118 118 118 118 119 119 119 120 120 120 120 120 120 121 121 121 121 121 121 121 122 122 122 122 122 122 122 122 122 122 123 123 123 123 124 123 124 124 124 124 124 124 125 124 124 125 125 125 125 125 125 125 125 125 125 126 126 128 128 128 129 129 130 129 129 130 130 130 130 130 130 130 131 131 131 131 131 132 132 132 132 132 132 131 131 131 131 131 130 130 130 131 131 131 131 131 131 131 131 132 132 132 132 132 132 132 132 132 132 132 132 132 132 132 132 132 133 133 133 133 133 133 133 133 133 134 134 134 134 133 133 133 133 133 133 133 133 133 133 134 134 134 134 134 134 134 134 134 134 134 133 133 133 133 133 133 134 133 133 133 134 134 134 134 134 134 134 134 134 134 NA NA NA NA NA NA NA NA NA NA NA NA NA NA NA NA NA NA NA NA NA NA NA NA NA NA NA NA NA NA NA NA NA NA NA NA NA NA NA NA NA NA NA NA NA NA NA NA
NA NA NA NA NA NA NA NA NA NA NA NA NA NA NA NA NA NA NA NA NA NA NA NA NA NA NA NA NA NA NA NA NA NA NA NA NA NA NA NA NA NA NA NA NA NA NA NA NA NA NA NA NA NA NA NA NA NA NA NA NA NA NA NA NA NA NA NA NA NA NA NA NA NA NA NA NA NA NA NA NA NA 71 71 72 72 72 73 74 74 75 74 74 75 76 76 76 77 78 78 79 79 78 78 78 79 80 80 80 81 81 82 82 82 82 83 83 83 83 83 84 84 84 84 84 84 84 84 85 85 85 85 86 86 87 87 88 88 88 88 89 90 90 90 90 90 90 90 91 91 91 92 92 92 92 92 92 93 93 93 93 94 94 94 95 95 95 95 95 95 96 96 96 95 96 96 96 97 97 97 97 98 98 98 98 98 99 99 99 99 99 100 101 101 101 102 102 102 102 102 102 103 103 103 103 104 104 104 104 104 105 105 105 105 105 106 106 106 106 106 106 107 107 107 107 107 107 108 108 108 108 108 108 108 109 109 109 109 109 110 110 110 111 111 111 112 112 112 112 112 112 113 113 113 113 113 113 113 113 114 114 114 114 114 115 115 115 115 115 116 116 116 116 116 116 116 116 117 117 117 117 117 117 118 118 118 118 118 118 119 119 119 120 120 120 120 120 120 120 120 121 121 121 121 121 122 122 122 122 122 122 122 122 123 123 123 123 123 123 124 124 123 123 123 124 124 124 124 124 125 125 125 125 126 126 125 125 125 125 125 126 126 128 128 128 129 129 129 129 129 130 131 130 130 130 130 131 131 131 132 132 132 132 132 132 132 132 132 132 132 132 132 131 130 130 130 131 131 131 131 131 131 131 131 131 132 132 132 132 132 132 132 132 132 132 132 132 132 132 132 132 132 133 133 133 133 133 133 133 133 133 134 134 134 134 134 134 133 133 133 133 133 133 133 133 133 133 134 134 134 134 134 134 134 134 133 133 133 133 133 133 134 133 133 133 134 134 134 134 134 134 134 134 134 134 134 NA NA NA NA NA NA NA NA NA NA NA NA NA NA NA NA NA NA NA NA NA NA NA NA NA NA NA NA NA NA NA NA NA NA NA NA NA NA NA NA NA NA NA NA NA NA NA
NA NA NA NA NA NA NA NA NA NA NA NA NA NA NA NA NA NA NA NA NA NA NA NA NA NA NA NA NA NA NA NA NA NA NA NA NA NA NA NA NA NA NA NA NA NA NA NA NA NA NA NA NA NA NA NA NA NA NA NA NA NA NA NA NA NA NA NA NA NA NA NA NA NA NA NA NA NA NA NA NA NA NA 71 71 72 73 73 73 74 75 74 73 74 75 75 75 76 76 76 77 78 78 78 78 78 79 80 80 80 81 81 82 82 83 83 83 83 83 82 83 83 84 84 84 84 84 84 85 85 85 86 86 86 87 88 87 87 87 88 88 89 89 89 89 90 90 90 91 91 91 92 92 92 92 92 92 92 93 93 93 94 94 94 94 94 95 95 95 96 96 96 96 96 95 96 96 97 97 97 97 97 98 98 98 99 99 99 99 99 100 100 101 101 101 102 102 102 102 102 102 103 103 103 103 103 104 104 104 104 104 105 105 105 105 105 105 105 106 106 106 106 106 107 107 107 108 108 107 108 108 108 108 108 108 109 109 109 109 109 110 110 111 111 111 111 112 112 112 112 112 112 113 113 113 113 113 113 114 114 114 114 114 114 115 115 115 115 115 115 116 116 116 116 116 116 117 117 117 117 117 117 117 117 118 118 118 118 118 118 119 119 120 120 120 120 120 120 120 120 120 121 121 121 122 122 122 122 122 122 122 122 122 123 123 123 123 123 123 124 124 124 124 123 123 124 124 124 124 125 125 125 125 125 125 126 126 126 125 125 126 126 127 128 128 128 128 128 129 129 130 130 130 130 130 130 130 130 130 131 132 132 132 132 132 132 132 132 132 132 132 132 131 130 130 130 130 131 131 131 131 131 131 131 131 132 132 132 132 132 132 132 132 131 131 132 132 132 132 132 132 132 133 133 133 133 133 133 133 133 133 134 133 134 134 134 134 134 133 133 133 133 133 133 133 133 134 134 134 134 134 134 134 134 133 133 133 133 133 133 133 133 133 133 133 133 134 134 133 133 134 134 134 134 134 134 NA NA NA NA NA NA NA NA NA NA NA NA NA NA NA NA NA NA NA NA NA NA NA NA NA NA NA NA NA NA NA NA NA NA NA NA NA NA NA NA NA NA NA NA NA NA NA
NA NA NA NA NA NA NA NA NA NA NA NA NA NA NA NA NA NA NA NA NA NA NA NA NA NA NA NA NA NA NA NA NA NA NA NA NA NA NA NA NA NA NA NA NA NA NA NA NA NA NA NA NA NA NA NA NA NA NA NA NA NA NA NA NA NA NA NA NA NA NA NA NA NA NA NA NA NA NA NA NA NA NA NA 71 71 72 72 72 73 74 74 73 74 74 75 75 75 76 76 77 78 79 79 78 78 79 79 79 80 80 81 82 82 82 83 83 83 83 83 83 83 83 84 84 84 85 85 85 85 86 86 86 86 87 87 87 87 87 88 89 89 89 89 89 90 90 90 91 91 91 92 92 92 92 92 93 92 93 93 93 93 94 94 94 94 95 95 95 96 96 96 96 96 96 96 96 96 97 97 97 97 98 98 98 99 99 99 99 100 100 100 101 101 101 102 102 102 102 102 102 102 103 103 103 103 104 104 104 104 104 104 105 105 105 105 105 105 105 106 106 106 106 107 107 107 107 108 108 108 108 108 108 109 109 109 109 109 109 109 109 110 111 111 111 111 112 112 112 112 112 112 113 113 113 113 113 113 114 114 114 114 114 114 114 115 115 115 115 115 116 116 116 116 116 116 117 117 117 117 117 117 117 117 118 118 118 118 118 119 119 119 119 120 120 120 120 120 120 120 120 121 121 121 121 122 122 122 122 122 122 122 122 123 123 123 123 123 123 123 124 124 124 124 124 124 124 124 124 125 125 125 125 125 125 125 126 126 126 126 127 127 128 128 128 128 128 128 128 129 129 129 130 130 129 130 130 130 131 131 132 132 132 132 131 132 132 132 132 132 133 132 132 131 130 130 130 131 131 131 132 132 131 131 131 131 132 132 132 132 132 132 132 132 132 132 132 133 132 132 132 132 132 133 133 133 132 133 133 133 133 133 133 133 134 134 134 133 133 133 133 133 133 133 133 133 133 134 134 134 134 134 134 134 133 133 133 133 133 134 133 133 133 133 133 133 133 133 133 133 133 134 134 134 134 135 NA NA NA NA NA NA NA NA NA NA NA NA NA NA NA NA NA NA NA NA NA NA NA NA NA NA NA NA NA NA NA NA NA NA NA NA NA NA NA NA NA NA NA NA NA NA NA
NA NA NA NA NA NA NA NA NA NA NA NA NA NA NA NA NA NA NA NA NA NA NA NA NA NA NA NA NA NA NA NA NA NA NA NA NA NA NA NA NA NA NA NA NA NA NA NA NA NA NA NA NA NA NA NA NA NA NA NA NA NA NA NA NA NA NA NA NA NA NA NA NA NA NA NA NA NA NA NA NA NA NA NA NA NA NA NA NA 73 74 73 NA NA 74 75 75 75 76 76 77 78 79 79 79 79 79 79 80 80 81 81 81 82 82 82 82 83 83 83 83 83 83 84 84 84 85 85 85 85 85 86 86 86 87 87 87 87 88 88 88 89 89 89 89 90 90 90 91 91 91 92 92 92 92 92 93 92 92 93 93 93 93 94 94 94 94 95 95 95 96 96 96 96 96 97 96 96 96 97 97 97 98 98 98 98 99 99 99 99 100 100 101 101 101 101 102 102 102 102 102 102 103 103 103 103 104 104 104 104 104 104 105 105 105 105 106 106 106 105 106 106 107 107 107 107 107 108 108 108 108 108 108 109 109 109 109 109 109 109 109 110 110 111 111 111 112 112 112 112 112 112 113 113 113 113 113 113 114 114 114 114 114 114 114 115 115 115 115 115 116 116 116 116 116 116 116 117 117 117 117 117 117 117 118 118 118 118 118 118 119 119 119 119 119 119 120 120 120 120 120 121 121 121 121 122 122 122 122 122 122 122 122 122 123 123 123 123 123 123 123 124 124 124 124 124 124 124 124 124 125 125 125 126 126 126 125 125 126 126 126 127 128 129 128 128 128 128 129 129 129 129 129 129 130 130 130 130 130 131 131 131 131 132 131 132 132 132 132 133 133 132 132 131 130 130 130 131 131 131 132 132 132 131 131 131 131 132 132 132 132 132 132 132 132 132 132 132 132 132 132 132 132 132 132 132 132 133 133 133 133 134 133 133 133 133 134 134 133 133 133 133 134 134 134 134 134 134 134 134 134 134 133 133 133 133 133 133 133 134 134 134 133 133 133 133 133 133 133 133 134 134 134 134 134 135 135 NA NA NA NA NA NA NA NA NA NA NA NA NA NA NA NA NA NA NA NA NA NA NA NA NA NA NA NA NA NA NA NA NA NA NA NA NA NA NA NA NA NA NA NA NA NA
NA NA NA NA NA NA NA NA NA NA NA NA NA NA NA NA NA NA NA NA NA NA NA NA NA NA NA NA NA NA NA NA NA NA NA NA NA NA NA NA NA NA NA NA NA NA NA NA NA NA NA NA NA NA NA NA NA NA NA NA NA NA NA NA NA NA NA NA NA NA NA NA NA NA NA NA NA NA NA NA NA NA NA NA NA NA NA NA NA NA 73 73 NA NA 74 74 75 76 77 77 77 77 78 79 79 79 79 79 80 80 81 81 81 81 82 82 82 83 83 83 84 84 83 84 84 85 85 85 85 85 85 86 86 86 87 87 87 87 87 87 88 89 89 89 89 90 90 90 90 91 91 91 92 92 92 92 93 93 93 92 93 93 93 94 94 94 94 95 95 95 96 96 96 96 97 97 97 97 97 97 97 97 97 98 98 98 99 99 99 99 100 100 101 101 101 101 101 102 102 102 102 102 103 103 103 103 104 103 103 104 104 104 105 105 105 105 105 106 106 106 106 106 107 107 107 107 107 107 108 108 108 108 108 109 109 109 109 109 109 110 110 110 110 110 111 111 111 112 112 112 112 112 113 113 113 113 113 113 114 114 114 114 114 114 114 114 115 115 115 115 116 116 116 116 116 116 116 116 116 117 117 117 117 117 118 118 117 118 118 118 118 118 119 119 119 119 119 120 120 120 120 120 121 121 121 121 122 122 122 122 122 122 122 123 122 123 123 123 123 123 123 124 124 124 124 124 124 125 125 125 125 125 125 126 126 125 126 126 126 126 126 127 128 128 128 129 129 129 129 130 130 130 130 129 129 130 131 131 131 131 131 131 131 131 132 132 132 132 132 132 132 132 132 131 130 130 130 130 131 131 131 131 131 131 132 132 131 131 132 132 132 132 132 132 132 132 132 132 132 132 132 132 132 132 132 132 132 133 133 133 133 133 133 133 133 133 133 133 133 133 133 133 133 134 134 134 134 134 133 133 133 133 133 133 133 133 133 134 134 133 134 134 133 133 133 134 134 133 134 134 134 134 NA 135 135 135 NA NA NA NA NA NA NA NA NA NA NA NA NA NA NA NA NA NA NA NA NA NA NA NA NA NA NA NA NA NA NA NA NA NA NA NA NA NA NA NA NA NA NA NA NA NA NA
NA NA NA NA NA NA NA NA NA NA NA NA NA NA NA NA NA NA NA NA NA NA NA NA NA NA NA NA NA NA NA NA NA NA NA NA NA NA NA NA NA NA NA NA NA NA NA NA NA NA NA NA NA NA NA NA NA NA NA NA NA NA NA NA NA NA NA NA NA NA NA NA NA NA NA NA NA NA NA NA NA NA NA NA NA NA NA NA NA NA 73 73 NA NA 74 74 74 75 76 76 76 77 78 79 79 79 79 79 79 80 81 81 81 82 81 82 82 83 83 83 83 84 84 84 84 85 85 85 85 86 86 86 86 86 87 87 87 87 87 88 88 89 89 89 90 90 90 90 90 91 91 92 92 92 92 92 93 93 93 93 93 93 93 94 94 94 94 94 95 95 95 96 96 96 97 97 97 97 97 97 97 97 97 98 98 98 98 99 99 99 100 100 100 101 101 101 101 102 102 102 102 102 103 103 103 103 104 104 104 104 104 104 105 105 105 105 105 105 105 106 106 106 107 107 107 107 107 107 108 108 108 108 108 109 109 109 109 109 110 110 110 110 110 110 111 111 111 111 112 112 112 112 113 113 113 113 113 113 113 114 114 114 114 114 114 115 115 115 115 115 115 115 116 116 116 116 116 116 116 117 117 117 117 117 118 118 118 118 118 118 118 118 119 119 119 119 120 120 120 120 120 120 121 121 121 121 121 122 121 122 122 122 122 123 123 123 123 123 123 123 123 123 123 124 123 124 124 125 125 125 125 125 126 126 126 126 126 126 126 127 127 127 128 128 128 128 129 129 129 129 130 130 130 130 130 130 130 131 131 131 131 131 131 131 132 132 132 132 132 132 132 132 132 132 130 130 130 130 131 131 131 131 131 132 132 132 132 132 132 132 131 132 132 132 132 132 132 132 132 132 132 132 132 132 132 132 133 132 133 133 133 133 133 133 133 133 133 133 133 133 133 133 133 133 134 134 134 134 134 133 133 133 133 133 134 134 134 134 134 134 134 133 133 134 134 134 134 134 134 NA NA NA NA NA NA NA NA NA NA NA NA NA NA NA NA NA NA NA NA NA NA NA NA NA NA NA NA NA NA NA NA NA NA NA NA NA NA NA NA NA NA NA NA NA NA NA NA NA NA NA NA NA NA
NA NA NA NA NA NA NA NA NA NA NA NA NA NA NA NA NA NA NA NA NA NA NA NA NA NA NA NA NA NA NA NA NA NA NA NA NA NA NA NA NA NA NA NA NA NA NA NA NA NA NA NA NA NA NA NA NA NA NA NA NA NA NA NA NA NA NA NA NA NA NA NA NA NA NA NA NA NA NA NA NA NA NA NA NA NA NA NA NA NA NA NA NA NA NA NA NA 75 76 76 77 77 78 77 79 80 80 79 79 80 80 81 81 82 82 82 82 82 83 83 83 83 84 84 84 85 85 85 85 85 86 86 86 87 87 87 87 87 87 88 88 88 89 89 89 90 90 90 90 91 91 92 92 92 92 92 93 93 93 93 93 93 94 94 94 94 94 95 95 95 95 96 96 96 97 97 97 97 97 97 97 97 98 98 98 98 98 98 99 99 99 100 101 101 101 101 101 101 102 102 102 102 102 103 103 103 104 103 104 104 104 104 104 104 105 105 105 105 106 106 106 106 107 107 107 107 107 107 108 108 108 108 108 109 109 109 109 110 110 110 110 110 110 111 111 111 112 112 112 112 112 112 112 113 113 113 113 113 113 113 113 114 114 114 115 115 115 115 115 115 116 116 116 116 116 116 117 117 117 117 117 117 117 117 117 118 118 118 118 118 118 118 119 119 119 120 120 120 120 120 120 120 120 121 121 121 121 121 121 122 122 122 122 122 123 123 123 123 123 123 123 123 123 124 124 124 124 124 124 124 125 125 125 125 126 126 126 126 126 127 127 128 129 129 128 129 129 129 129 129 129 130 130 130 131 130 130 131 131 131 131 131 132 132 132 132 132 132 132 132 132 132 132 132 131 130 130 130 131 131 131 131 132 132 132 132 132 132 132 132 132 132 132 132 132 133 133 132 132 132 132 132 132 132 132 132 132 133 133 133 133 133 133 133 133 133 133 133 133 133 133 133 133 133 133 134 134 133 133 133 133 133 133 134 134 134 134 134 134 134 134 134 133 133 134 134 NA NA NA NA NA NA NA NA NA NA NA NA NA NA NA NA NA NA NA NA NA NA NA NA NA NA NA NA NA NA NA NA NA NA NA NA NA NA NA NA NA NA NA NA NA NA NA NA NA NA NA NA NA NA NA NA NA
NA NA NA NA NA NA NA NA NA NA NA NA NA NA NA NA NA NA NA NA NA NA NA NA NA NA NA NA NA NA NA NA NA NA NA NA NA NA NA NA NA NA NA NA NA NA NA NA NA NA NA NA NA NA NA NA NA NA NA NA NA NA NA NA NA NA NA NA NA NA NA NA NA NA NA NA NA NA NA NA NA NA NA NA NA NA NA NA NA NA NA NA NA NA NA NA 75 75 75 76 76 77 77 77 78 79 79 79 79 80 81 81 82 82 82 82 82 82 83 83 83 84 84 84 84 84 85 85 85 85 86 86 86 86 87 87 87 87 87 88 88 89 90 89 90 90 90 91 91 90 91 91 92 91 92 92 92 92 93 93 93 93 93 94 94 94 94 94 95 95 95 95 96 96 96 97 97 98 98 97 98 97 97 98 98 98 98 99 99 99 100 100 101 101 101 101 101 101 102 102 102 102 102 102 103 103 103 103 104 104 104 104 104 104 104 105 105 105 105 106 106 106 106 107 107 107 107 107 107 108 108 108 108 108 109 109 109 109 110 110 110 110 110 111 111 111 112 112 112 112 112 112 112 112 113 113 113 113 113 113 114 114 114 114 114 115 115 115 115 115 116 115 116 116 116 117 117 117 117 117 117 117 117 117 117 118 118 118 118 118 118 118 119 119 119 120 120 120 120 120 120 120 120 121 121 121 121 121 121 122 122 122 122 122 123 123 123 123 123 123 123 123 124 124 124 124 124 124 124 125 125 124 125 125 125 125 126 126 126 127 127 128 129 129 129 129 129 129 129 129 129 129 130 130 131 131 131 131 131 131 131 131 132 132 132 132 131 132 132 132 132 132 132 132 131 130 130 130 130 131 131 131 131 132 132 132 132 132 132 132 132 132 132 132 132 132 133 132 132 132 132 132 132 132 133 132 132 132 133 133 133 133 133 133 133 133 133 133 133 133 133 133 133 133 133 133 133 133 133 133 133 133 134 134 134 134 134 134 134 134 134 134 133 134 134 134 134 NA NA NA NA NA NA NA NA NA NA NA NA NA NA NA NA NA NA NA NA NA NA NA NA NA NA NA NA NA NA NA NA NA NA NA NA NA NA NA NA NA NA NA NA NA NA NA NA NA NA NA NA NA NA NA NA
NA NA NA NA NA NA NA NA NA NA NA NA NA NA NA NA NA NA NA NA NA NA NA NA NA NA NA NA NA NA NA NA NA NA NA NA NA NA NA NA NA NA NA NA NA NA NA NA NA NA NA NA NA NA NA NA NA NA NA NA NA NA NA NA NA NA NA NA NA NA NA NA NA NA NA NA NA NA NA NA NA NA NA NA NA NA NA NA NA NA NA NA NA NA NA NA 75 76 77 77 76 76 77 78 78 79 79 78 79 80 81 81 81 82 82 82 82 82 83 83 83 83 84 84 84 84 85 85 85 85 86 86 86 87 87 87 87 87 87 88 88 89 89 90 90 90 90 91 90 90 90 91 91 91 92 92 92 92 93 93 93 93 93 94 94 94 94 94 95 95 95 95 96 96 96 97 97 97 97 98 98 97 97 97 98 98 99 99 99 99 100 100 100 100 101 101 101 101 101 102 102 102 102 102 103 103 103 103 103 103 103 104 104 104 104 105 105 105 106 106 106 106 106 106 107 107 107 107 107 108 108 108 108 108 109 109 109 109 109 109 110 110 111 111 111 111 111 111 112 112 112 112 112 112 113 113 113 113 113 113 114 114 114 114 114 115 115 115 115 115 115 115 116 116 116 117 117 117 117 117 117 117 117 117 117 118 118 118 118 118 118 118 119 119 119 120 120 120 120 120 120 120 120 120 121 121 121 121 121 121 122 122 122 122 122 122 123 123 123 123 123 123 124 124 124 124 125 124 125 125 125 125 125 125 125 125 126 126 126 127 127 127 128 128 129 129 129 129 130 130 130 130 129 130 130 131 131 131 131 131 131 131 131 131 131 132 132 132 132 132 132 132 132 131 131 130 130 130 130 131 131 131 131 132 132 132 132 132 132 132 132 132 132 132 132 132 132 132 132 132 132 132 132 132 132 132 132 132 132 133 132 133 133 133 133 133 133 133 133 133 133 133 133 133 133 133 133 133 133 133 133 134 134 134 134 134 134 134 134 134 134 134 134 134 134 134 134 NA NA NA NA NA NA NA NA NA NA NA NA NA NA NA NA NA NA NA NA NA NA NA NA NA NA NA NA NA NA NA NA NA NA NA NA NA NA NA NA NA NA NA NA NA NA NA NA NA NA NA NA NA NA NA NA
NA NA NA NA NA NA NA NA NA NA NA NA NA NA NA NA NA NA NA NA NA NA NA NA NA NA NA NA NA NA NA NA NA NA NA NA NA NA NA NA NA NA NA NA NA NA NA NA NA NA NA NA NA NA NA NA NA NA NA NA NA NA NA NA NA NA NA NA NA NA NA NA NA NA NA NA NA NA NA NA NA NA NA NA NA NA NA NA NA NA NA NA NA NA NA NA NA 75 77 77 77 77 76 77 78 79 79 78 80 80 80 80 81 81 82 82 83 83 83 83 83 83 84 84 84 84 84 85 85 85 86 86 86 86 87 87 87 88 88 88 88 89 89 89 90 90 90 90 90 90 91 91 91 91 91 92 92 92 92 93 93 93 93 94 94 94 94 95 95 95 95 95 96 96 97 97 97 97 97 98 98 98 97 97 98 98 98 99 99 99 100 100 100 100 100 101 101 101 102 102 102 103 103 103 103 103 103 103 103 103 103 104 104 104 104 105 105 105 106 106 106 106 106 106 107 107 107 107 107 108 108 108 108 109 109 109 109 109 109 109 110 110 111 111 111 111 111 112 112 112 112 112 112 112 113 113 113 113 113 114 114 114 114 114 114 115 115 115 115 116 116 116 116 116 117 116 116 116 117 117 117 117 117 117 118 118 118 118 118 118 118 118 119 119 119 120 120 120 120 120 120 120 120 120 121 121 121 121 121 121 122 122 122 122 122 122 122 123 123 123 123 123 123 124 124 124 125 125 125 125 125 125 125 125 125 126 126 126 127 127 126 127 129 129 129 129 129 129 129 129 130 130 130 130 130 131 131 131 131 131 131 131 132 131 131 131 131 131 132 132 132 131 131 131 130 130 130 130 130 130 131 131 131 132 132 132 132 132 132 132 132 132 132 132 132 132 132 133 133 133 132 132 132 132 132 133 132 132 132 133 133 132 132 133 133 133 133 133 133 133 133 133 133 133 133 133 133 133 134 134 134 134 134 134 134 134 134 134 134 134 134 134 134 134 134 134 NA NA NA NA NA NA NA NA NA NA NA NA NA NA NA NA NA NA NA NA NA NA NA NA NA NA NA NA NA NA NA NA NA NA NA NA NA NA NA NA NA NA NA NA NA NA NA NA NA NA NA NA NA NA NA NA NA
NA NA NA NA NA NA NA NA NA NA NA NA NA NA NA NA NA NA NA NA NA NA NA NA NA NA NA NA NA NA NA NA NA NA NA NA NA NA NA NA NA NA NA NA NA NA NA NA NA NA 62 63 NA NA NA NA NA NA NA NA NA NA NA NA NA NA NA NA NA NA NA NA NA NA NA NA NA NA NA NA NA NA NA NA NA NA NA NA NA NA NA NA NA NA NA NA 75 76 77 77 77 77 77 77 77 78 79 79 79 79 80 80 81 82 82 82 82 83 83 83 83 83 83 84 84 84 84 84 84 85 85 86 86 86 87 87 87 88 88 88 89 89 89 89 89 90 90 91 91 91 91 91 91 91 91 91 91 92 92 93 93 93 94 94 94 94 94 95 95 95 95 95 96 96 97 97 97 97 98 98 98 98 98 98 98 98 99 99 99 99 99 100 101 100 100 101 101 101 101 102 102 102 102 103 103 103 103 104 103 103 104 104 104 104 104 105 105 105 106 106 106 106 106 106 106 107 107 107 107 108 108 108 108 109 109 109 109 109 109 109 109 110 111 111 111 111 111 112 112 112 112 112 112 112 113 113 113 113 113 114 114 114 114 114 114 115 115 115 116 116 116 116 116 116 117 117 116 116 116 116 117 117 117 117 117 118 118 118 118 118 118 118 119 119 119 120 120 120 120 120 120 120 120 120 121 121 121 121 121 122 122 122 122 122 122 122 122 123 123 123 123 123 123 123 124 124 124 124 124 125 125 126 126 126 126 126 126 126 126 126 126 127 128 129 129 129 129 130 130 130 130 130 131 131 131 131 131 131 130 130 131 131 131 131 131 131 131 132 132 131 131 131 131 131 131 131 130 130 130 130 131 131 131 131 131 132 132 132 132 132 132 132 132 132 132 132 132 132 133 133 133 133 132 132 133 133 132 132 132 133 133 133 132 132 132 133 133 133 133 133 133 133 133 133 133 133 133 133 134 134 134 134 134 134 134 NA NA NA NA NA NA NA NA NA NA NA NA NA NA NA NA NA NA NA NA NA NA NA NA NA NA NA NA NA NA NA NA NA NA NA NA NA NA NA NA NA NA NA NA NA NA NA NA NA NA NA NA NA NA NA NA NA NA NA NA NA NA NA NA NA NA NA NA
NA NA NA NA NA NA NA NA NA NA NA NA NA NA NA NA NA NA NA NA NA NA NA NA NA NA NA NA NA NA NA NA NA NA NA NA NA NA NA NA NA NA NA NA NA NA NA NA NA NA 63 65 64 NA NA NA NA NA NA NA NA NA NA NA NA NA NA NA NA NA NA NA NA NA NA NA NA NA NA NA NA NA NA NA NA NA NA NA NA NA NA NA NA 74 74 74 75 76 77 77 78 78 78 77 77 78 78 78 79 79 80 81 81 82 82 82 82 82 83 82 83 83 83 83 84 85 85 85 85 85 85 85 86 86 87 87 87 87 88 88 88 89 89 89 90 90 90 90 91 91 92 91 91 92 92 92 92 92 92 92 93 93 94 94 94 94 94 94 95 95 95 95 96 96 96 96 97 97 97 97 98 98 98 98 98 98 99 99 99 99 99 99 100 100 100 100 101 101 101 101 102 102 102 103 103 103 103 104 104 104 104 104 105 105 105 105 105 105 105 106 106 106 106 106 107 107 107 107 107 108 108 108 108 109 109 109 109 109 109 109 109 110 111 111 111 111 111 111 112 112 112 112 112 112 112 113 113 113 113 113 114 114 114 114 114 115 115 115 115 115 116 116 116 116 116 117 117 116 116 116 117 117 117 117 117 117 118 118 118 118 118 118 119 119 119 120 120 120 120 120 120 120 120 121 121 121 121 121 121 121 121 122 122 122 122 122 122 122 122 123 123 123 123 124 124 124 124 124 125 125 125 126 126 126 126 126 126 126 126 127 127 127 128 129 129 129 129 129 130 130 130 130 130 130 131 131 131 130 131 131 131 131 131 131 131 132 132 132 132 131 131 131 132 132 131 131 130 130 130 130 130 131 131 131 131 132 132 132 132 132 132 132 132 132 132 132 132 132 132 133 133 133 133 133 133 133 133 133 133 133 133 133 132 132 132 133 133 133 133 133 133 133 133 133 133 133 133 133 134 134 134 NA NA NA NA NA NA NA NA NA NA NA NA NA NA NA NA NA NA NA NA NA NA NA NA NA NA NA NA NA NA NA NA NA NA NA NA NA NA NA NA NA NA NA NA NA NA NA NA NA NA NA NA NA NA NA NA NA NA NA NA NA NA NA NA NA NA NA NA NA NA NA NA
NA NA NA NA NA NA NA NA NA NA NA NA NA NA NA NA NA NA NA NA NA NA NA NA NA NA NA NA NA NA NA NA NA NA NA NA NA NA NA NA NA NA NA NA NA NA NA NA NA NA 63 65 66 65 64 64 64 64 64 NA NA NA NA NA NA NA NA NA NA NA NA NA NA NA NA NA NA NA NA NA NA NA NA NA NA NA NA NA NA NA 74 74 74 75 76 75 75 76 77 77 77 77 78 78 78 78 78 79 79 79 80 80 81 82 82 82 82 82 82 83 83 84 84 84 84 84 85 85 85 85 85 85 86 86 87 87 87 87 87 88 88 88 89 89 89 90 90 90 91 91 91 91 92 92 92 92 92 93 93 92 93 93 93 94 94 94 94 94 95 95 95 95 96 96 96 97 96 97 97 97 97 98 98 98 98 98 98 99 99 99 99 100 100 100 100 101 101 101 101 101 102 102 102 102 103 103 104 104 104 104 104 105 105 105 105 105 105 105 105 105 106 106 106 106 107 107 107 107 107 108 108 108 108 108 109 109 109 109 109 109 109 110 110 111 111 111 111 111 111 112 112 112 112 112 112 113 113 113 113 114 114 114 114 114 114 114 115 115 116 115 115 115 116 116 116 116 117 116 116 116 117 117 117 117 117 117 118 118 118 118 118 118 119 119 119 119 120 120 120 120 120 120 120 121 121 121 121 121 121 121 121 122 122 122 122 122 122 122 123 123 123 123 123 123 123 124 124 124 125 125 125 126 126 126 126 126 126 126 126 127 127 128 129 129 129 129 129 129 129 129 130 130 130 130 131 131 131 131 130 131 131 131 131 131 131 132 132 131 131 131 132 132 132 132 131 130 130 130 130 130 130 131 131 131 131 132 132 132 132 132 132 132 132 132 132 132 132 132 132 132 132 132 133 133 133 133 133 133 133 133 133 133 133 132 133 133 133 133 133 133 133 133 133 133 133 133 133 134 134 134 134 NA NA NA NA NA NA NA NA NA NA NA NA NA NA NA NA NA NA NA NA NA NA NA NA NA NA NA NA NA NA NA NA NA NA NA NA NA NA NA NA NA NA NA NA NA NA NA NA NA NA NA NA NA NA NA NA NA NA NA NA NA NA NA NA NA NA NA NA NA NA NA NA
NA NA NA NA NA NA NA NA NA NA NA NA NA NA NA NA NA NA NA NA NA NA NA NA NA NA NA NA NA NA NA NA NA NA NA NA NA NA NA NA NA NA NA NA NA NA NA NA NA NA 63 65 66 67 66 65 66 67 67 66 65 NA NA NA NA NA NA NA NA NA NA NA NA NA NA NA NA NA NA NA NA NA NA NA NA NA NA NA NA NA 74 75 75 75 76 76 76 77 77 78 77 77 77 77 78 79 79 79 79 79 79 80 81 82 82 82 82 82 83 83 84 84 84 85 85 85 85 85 85 85 85 85 85 86 86 87 87 87 87 88 88 88 89 89 89 90 90 90 90 90 91 91 91 91 91 92 92 93 93 93 93 93 93 93 94 94 94 94 95 95 95 95 95 96 96 96 96 97 97 97 97 98 98 98 98 99 99 99 99 99 99 100 100 100 101 101 101 101 101 101 102 102 102 102 103 103 104 104 104 104 104 104 104 105 105 105 105 105 105 105 106 106 106 106 106 107 107 107 107 107 107 108 108 108 108 109 109 109 109 109 109 110 110 111 111 111 111 111 111 112 112 112 112 112 112 112 112 113 113 113 114 114 114 114 115 115 115 115 115 115 115 115 115 116 116 116 116 117 116 116 117 117 117 117 117 117 117 118 118 118 118 118 119 119 119 119 120 120 120 120 120 120 120 121 121 121 121 121 121 121 121 122 122 122 122 122 122 122 123 123 123 123 123 124 124 124 124 125 125 125 125 126 126 125 125 125 126 126 127 127 127 127 129 129 129 129 129 130 130 130 130 130 130 130 131 131 131 131 131 131 131 131 131 131 131 131 131 131 132 132 132 132 132 132 131 130 130 130 130 130 131 131 131 131 131 131 131 132 132 132 132 132 132 132 132 132 132 132 132 132 132 132 133 133 133 133 133 133 133 133 133 133 132 132 133 133 133 133 133 133 133 133 133 133 133 133 133 133 134 134 134 NA NA NA NA NA NA NA NA NA NA NA NA NA NA NA NA NA NA NA NA NA NA NA NA NA NA NA NA NA NA NA NA NA NA NA NA NA NA NA NA NA NA NA NA NA NA NA NA NA NA NA NA NA NA NA NA NA NA NA NA NA NA NA NA NA NA NA NA NA NA NA NA
NA NA NA NA NA NA NA NA NA NA NA NA NA NA NA NA NA NA NA NA NA NA NA NA NA NA NA NA NA NA NA NA NA NA NA NA NA NA NA NA NA NA NA NA NA NA NA NA NA NA NA 63 65 66 67 66 66 68 69 68 67 66 66 66 66 NA NA NA NA NA NA NA NA NA NA NA NA NA NA NA NA NA NA NA NA NA NA NA 74 74 74 74 75 75 76 76 77 77 77 78 78 78 77 77 78 78 79 80 80 80 79 80 80 81 81 82 82 83 83 83 84 84 84 84 84 85 85 85 85 85 85 86 86 86 86 86 87 87 88 88 88 88 89 89 89 89 90 90 90 90 91 91 91 91 92 92 92 92 93 93 93 93 93 93 94 94 94 94 95 95 95 95 95 95 96 96 96 96 97 97 97 97 98 98 98 98 99 99 99 99 99 100 100 100 101 101 101 102 102 101 102 102 103 103 103 103 103 104 103 104 104 104 104 104 105 105 105 105 105 105 106 106 106 106 106 107 107 107 107 107 107 108 108 108 108 109 109 109 109 109 109 110 110 110 111 111 111 111 111 112 112 112 112 112 112 113 113 113 113 113 114 114 114 114 115 115 115 115 115 115 115 115 115 115 116 116 116 116 116 116 116 117 117 117 117 117 117 118 118 118 118 118 119 119 119 119 119 120 120 120 120 120 120 121 121 121 121 121 121 121 121 122 122 122 122 122 122 122 122 123 123 123 123 123 124 125 125 125 125 125 125 125 126 125 125 125 126 126 126 127 127 127 129 129 129 129 130 130 130 130 130 130 130 130 131 131 131 131 131 131 131 131 132 131 131 131 131 132 132 131 132 131 131 131 131 131 131 130 130 130 131 131 131 131 131 131 131 132 132 132 132 132 132 132 132 132 132 132 132 132 132 132 133 133 133 133 133 133 133 133 133 133 133 133 133 133 133 133 133 133 133 133 133 133 133 133 133 133 133 134 134 NA NA NA NA NA NA NA NA NA NA NA NA NA NA NA NA NA NA NA NA NA NA NA NA NA NA NA NA NA NA NA NA NA NA NA NA NA NA NA NA NA NA NA NA NA NA NA NA NA NA NA NA NA NA NA NA NA NA NA NA NA NA NA NA NA NA NA NA NA NA NA NA
NA NA NA NA NA NA NA NA NA NA NA NA NA NA NA NA NA NA NA NA NA NA NA NA NA NA NA NA NA NA NA NA NA NA NA NA NA NA NA NA NA NA NA NA NA NA NA NA NA NA NA NA 64 65 66 66 67 68 69 69 68 68 68 68 68 67 NA NA NA NA NA NA NA NA NA NA NA NA NA NA NA NA NA NA NA NA 73 73 74 74 74 75 75 75 76 76 76 76 77 78 78 78 78 78 78 79 79 80 80 79 80 81 81 81 82 82 82 83 83 83 83 83 84 84 84 84 84 85 85 86 86 86 86 87 86 86 86 87 87 88 88 88 89 89 89 89 90 90 90 90 91 91 91 91 92 92 92 92 92 92 93 93 93 93 93 94 95 95 95 95 95 95 95 96 96 96 96 96 97 97 97 97 98 98 98 98 99 99 99 99 99 99 100 100 100 101 101 102 102 102 102 103 103 103 103 103 103 103 103 104 104 104 104 104 104 104 105 105 105 105 106 106 106 106 107 107 107 107 107 107 108 108 108 108 108 108 109 109 109 109 109 109 110 110 111 111 111 111 111 111 112 112 112 112 112 113 113 113 113 114 114 114 114 114 115 115 115 115 115 115 115 115 115 115 115 116 116 116 116 116 116 116 117 117 117 117 117 118 118 118 118 118 119 119 119 119 119 120 120 120 120 120 120 121 121 121 121 121 121 121 121 122 122 122 122 122 122 122 122 122 122 123 123 123 123 124 124 124 124 125 125 125 125 125 125 125 125 126 126 127 127 127 129 129 129 129 129 129 130 130 130 130 130 131 131 131 131 131 131 131 131 131 131 131 131 131 132 131 131 131 131 131 131 131 131 130 130 130 130 131 131 131 131 131 131 132 132 132 132 132 132 132 132 132 132 132 132 132 132 132 132 132 133 133 133 133 133 133 133 133 133 133 133 133 133 133 133 133 133 133 133 133 133 133 133 133 133 133 134 134 134 134 NA NA NA NA NA NA NA NA NA NA NA NA NA NA NA NA NA NA NA NA NA NA NA NA NA NA NA NA NA NA NA NA NA NA NA NA NA NA NA NA NA NA NA NA NA NA NA NA NA NA NA NA NA NA NA NA NA NA NA NA NA NA NA NA NA NA NA NA NA NA NA
NA NA NA NA NA NA NA NA NA NA NA NA NA NA NA NA NA NA NA NA NA NA NA NA NA NA NA NA NA NA NA NA NA NA NA NA NA NA NA NA NA NA NA NA NA NA NA NA NA NA NA NA NA 65 66 67 67 68 68 69 69 68 68 68 67 67 67 NA NA NA 68 68 NA NA NA NA NA NA NA NA NA NA NA NA NA NA 73 74 74 74 74 75 75 76 75 76 76 76 77 78 78 78 77 78 79 79 80 80 80 80 81 81 81 82 82 82 83 83 83 83 83 83 83 84 84 84 84 84 85 85 86 86 87 87 87 87 87 87 87 87 88 88 89 89 89 89 89 90 90 90 90 90 91 91 92 92 92 92 92 92 92 92 92 92 93 94 94 95 95 95 95 95 95 96 96 96 96 97 97 97 97 98 98 98 98 98 99 99 99 99 99 99 100 100 100 101 101 101 102 102 102 102 103 103 103 103 103 103 103 103 103 104 104 104 104 104 105 105 105 105 106 106 106 106 107 107 107 107 107 107 108 108 108 108 108 108 109 109 109 109 109 109 110 110 111 111 111 111 111 111 111 112 112 112 112 112 113 113 113 113 114 114 114 114 115 115 115 115 115 115 115 115 115 115 115 116 116 116 116 116 116 117 117 117 117 117 117 118 118 118 118 118 119 119 119 119 119 119 120 120 120 120 120 121 121 121 121 121 121 121 121 122 122 122 122 122 122 122 122 122 122 123 123 123 124 124 124 124 124 124 125 124 125 125 125 125 126 126 126 127 127 127 129 129 129 129 129 129 130 130 130 130 130 130 130 131 131 131 130 130 131 131 131 131 131 131 131 131 131 131 131 130 131 131 130 130 130 130 130 131 131 131 131 131 131 131 131 132 132 132 132 132 132 132 132 132 132 132 132 132 132 132 133 133 133 133 133 132 132 132 133 133 133 133 133 133 133 133 133 133 133 133 133 133 133 133 133 133 133 134 134 NA NA NA NA NA NA NA NA NA NA NA NA NA NA NA NA NA NA NA NA NA NA NA NA NA NA NA NA NA NA NA NA NA NA NA NA NA NA NA NA NA NA NA NA NA NA NA NA NA NA NA NA NA NA NA NA NA NA NA NA NA NA NA NA NA NA NA NA NA NA NA NA
NA NA NA NA NA NA NA NA NA NA NA NA NA NA NA NA NA NA NA NA NA NA NA NA NA NA NA NA NA NA NA NA NA NA NA NA NA NA NA NA NA NA NA NA NA NA NA NA NA NA NA NA 64 66 67 67 68 68 68 69 69 69 68 68 67 69 69 70 69 70 70 70 69 69 70 70 70 70 71 71 71 71 71 72 72 73 73 74 74 75 75 75 75 75 75 76 76 77 77 77 78 78 78 78 79 79 80 80 80 80 81 81 82 82 82 83 83 83 83 83 83 83 83 83 84 84 84 85 85 85 85 86 86 87 87 87 88 88 87 87 88 88 89 89 89 89 89 90 90 90 90 91 91 91 92 92 93 93 93 93 93 93 92 92 93 94 94 94 95 95 95 95 96 96 96 96 96 97 97 97 97 98 98 98 98 98 99 99 99 99 99 99 100 100 101 101 101 101 101 101 102 102 102 103 104 104 104 103 103 103 104 104 104 104 104 104 105 105 105 105 106 106 106 106 107 107 107 107 107 107 107 108 108 108 108 108 109 109 109 109 109 110 111 110 110 111 111 111 111 112 112 112 112 112 112 112 112 112 113 113 114 114 114 114 114 115 115 115 115 115 115 115 115 115 115 115 116 116 116 116 116 117 117 117 117 117 117 118 118 118 118 118 119 119 119 119 119 119 119 120 120 120 120 120 121 121 121 121 121 121 121 122 122 122 122 122 122 122 122 122 123 123 123 123 124 124 124 123 124 124 124 124 124 124 125 125 126 126 127 127 127 127 129 129 129 129 129 129 129 130 130 130 130 130 130 131 131 130 130 130 130 131 131 131 130 130 131 131 131 131 131 131 130 130 130 130 130 130 131 131 131 131 131 131 131 131 132 132 132 132 132 132 132 132 132 132 132 132 132 132 132 132 132 133 133 133 133 133 132 132 133 133 133 133 133 133 133 133 133 133 133 133 133 133 133 133 134 134 133 134 134 NA NA NA NA NA NA NA NA NA NA NA NA NA NA NA NA NA NA NA NA NA NA NA NA NA NA NA NA NA NA NA NA NA NA NA NA NA NA NA NA NA NA NA NA NA NA NA NA NA NA NA NA NA NA NA NA NA NA NA NA NA NA NA NA NA NA NA NA NA NA NA NA
NA NA NA NA NA NA NA NA NA NA NA NA NA NA NA NA NA NA NA NA NA NA NA NA NA NA NA NA NA NA NA NA NA NA NA NA NA NA NA NA NA NA NA NA NA NA NA NA NA NA NA NA NA NA 66 68 68 68 68 69 69 68 68 67 68 68 69 70 71 71 71 71 71 71 70 71 72 72 72 72 71 72 72 73 73 74 74 74 74 75 75 75 75 75 75 76 76 77 77 77 78 78 78 78 78 79 79 79 80 80 80 81 81 82 83 83 83 83 83 83 83 84 84 84 84 84 84 85 85 85 86 86 86 86 87 87 88 88 88 88 87 88 89 89 89 89 90 90 90 90 90 91 91 92 92 92 92 93 93 93 93 93 93 93 93 93 93 94 94 95 95 95 96 96 96 96 96 96 97 97 97 98 98 98 98 98 99 99 99 99 99 99 100 100 101 101 101 101 101 101 102 102 102 103 103 104 104 104 104 104 104 104 104 104 104 104 105 105 105 105 106 106 106 106 107 107 107 107 107 107 107 108 108 108 108 108 109 109 109 109 109 110 111 110 111 111 111 111 111 112 112 112 112 112 112 113 112 112 112 113 113 113 114 114 114 114 115 115 115 115 115 115 115 115 115 115 115 116 116 116 116 117 117 117 117 117 117 117 118 118 118 118 119 119 119 119 119 119 119 119 120 120 120 120 121 121 121 121 121 121 121 121 122 122 122 122 122 122 122 123 123 123 123 124 123 123 123 124 125 125 124 124 124 124 125 125 125 126 126 127 127 127 128 129 129 129 129 129 130 130 130 130 130 130 130 130 130 130 130 130 130 130 130 131 130 130 130 131 131 131 131 130 130 130 130 130 130 130 131 131 131 131 131 131 131 131 131 131 132 132 132 132 132 132 132 132 132 132 132 132 132 132 132 133 133 133 133 133 132 133 133 133 133 133 133 133 133 133 133 133 133 133 133 133 133 133 134 134 134 134 134 NA NA NA NA NA NA NA NA NA NA NA NA NA NA NA NA NA NA NA NA NA NA NA NA NA NA NA NA NA NA NA NA NA NA NA NA NA NA NA NA NA NA NA NA NA NA NA NA NA NA NA NA NA NA NA NA NA NA NA NA NA NA NA NA NA NA NA NA NA NA NA NA
NA NA NA NA NA NA NA NA NA NA NA NA NA NA NA NA NA NA NA NA NA NA NA NA NA NA NA NA NA NA NA NA NA NA NA NA NA NA NA NA NA NA NA NA NA NA NA NA NA NA NA NA NA NA NA 67 67 68 69 69 68 68 68 68 68 68 69 70 71 71 72 72 72 72 73 73 73 73 73 73 73 73 73 73 73 74 74 74 74 74 75 76 76 76 76 76 76 76 77 77 77 78 78 78 78 79 79 79 80 80 81 81 81 82 82 83 83 83 83 83 83 83 84 84 84 84 84 85 85 85 85 86 86 87 87 87 87 88 88 87 87 88 88 89 89 89 90 90 90 90 90 91 91 92 92 92 92 92 93 93 93 93 94 93 93 93 94 94 94 94 95 96 95 96 96 96 96 97 97 97 97 97 98 98 98 98 99 99 99 99 99 99 100 100 101 101 101 101 102 101 102 102 102 103 103 103 103 104 104 104 104 105 105 104 104 104 105 105 105 105 106 106 106 106 106 107 107 107 107 107 107 107 108 108 108 108 108 109 109 109 109 110 111 111 111 111 110 111 111 111 112 112 112 113 113 113 113 113 112 113 113 113 114 114 114 114 114 115 115 115 115 115 115 115 115 115 115 116 116 116 116 117 117 117 117 117 117 117 117 118 118 118 119 118 119 119 119 119 119 119 119 120 120 120 121 121 121 121 121 121 121 121 121 122 122 122 122 122 123 123 123 123 123 123 123 123 124 124 125 125 125 125 125 125 125 125 126 126 126 126 127 127 128 128 129 129 129 129 130 130 130 130 130 130 130 130 130 129 129 130 130 130 130 130 130 129 130 131 131 131 130 130 130 130 130 130 130 131 131 131 131 131 131 131 131 131 131 131 131 132 132 132 132 132 132 132 132 132 132 132 132 132 132 132 133 133 132 132 132 132 132 133 133 133 133 133 133 133 133 133 133 133 133 133 133 133 133 134 134 134 134 NA NA NA NA NA NA NA NA NA NA NA NA NA NA NA NA NA NA NA NA NA NA NA NA NA NA NA NA NA NA NA NA NA NA NA NA NA NA NA NA NA NA NA NA NA NA NA NA NA NA NA NA NA NA NA NA NA NA NA NA NA NA NA NA NA NA NA NA NA NA NA NA
NA NA NA NA NA NA NA NA NA NA NA NA NA NA NA NA NA NA NA NA NA NA NA NA NA NA NA NA NA NA NA NA NA NA NA NA NA NA NA NA NA NA NA NA NA NA NA NA NA NA NA NA NA NA NA NA 67 68 69 70 70 69 68 69 69 69 69 70 72 72 73 73 73 73 73 73 73 73 74 74 74 74 74 74 74 74 73 74 75 75 76 76 75 76 76 76 76 76 77 78 78 78 78 79 78 79 79 80 80 80 80 80 81 82 82 83 83 83 83 83 83 83 84 84 84 84 85 85 85 85 85 86 86 87 87 87 87 87 87 87 87 88 88 89 89 89 89 90 90 90 91 91 91 91 91 92 92 92 92 92 93 93 94 93 93 94 94 94 94 95 95 95 95 96 96 96 96 97 97 97 97 97 98 98 98 98 99 99 99 99 99 99 100 100 101 101 101 101 101 102 102 102 102 102 103 103 103 103 104 104 104 105 105 105 105 105 105 105 105 105 106 106 106 106 106 107 107 107 107 107 107 107 108 108 108 108 108 109 109 109 109 110 110 110 110 110 111 111 111 111 112 112 112 112 113 113 113 113 113 113 113 114 114 114 114 114 114 114 115 115 115 115 115 115 115 115 115 116 116 116 116 116 117 117 117 117 117 117 117 118 118 118 118 119 119 119 119 119 119 119 119 120 120 120 121 121 121 121 121 121 121 121 121 122 122 122 122 122 123 123 123 123 123 123 123 123 124 124 124 125 125 125 125 125 125 125 126 126 126 126 126 127 128 128 128 129 129 129 129 130 130 130 130 130 130 129 129 129 130 130 131 131 130 130 130 129 130 130 130 130 130 130 130 130 129 130 130 131 131 131 131 131 131 131 131 131 131 131 131 131 132 132 132 132 132 132 132 132 132 132 132 132 132 132 132 132 132 133 132 132 133 133 133 133 133 133 133 133 133 133 133 133 133 133 133 133 134 134 133 NA NA NA NA NA NA NA NA NA NA NA NA NA NA NA NA NA NA NA NA NA NA NA NA NA NA NA NA NA NA NA NA NA NA NA NA NA NA NA NA NA NA NA NA NA NA NA NA NA NA NA NA NA NA NA NA NA NA NA NA NA NA NA NA NA NA NA NA NA NA NA NA NA NA
NA NA NA NA NA NA NA NA NA NA NA NA NA NA NA NA NA NA NA NA NA NA NA NA NA NA NA NA NA NA NA NA NA NA NA NA NA NA NA NA NA NA NA NA NA NA NA NA NA NA NA NA NA NA NA NA NA 69 70 70 71 70 70 70 70 70 71 71 72 73 73 73 73 73 74 74 74 74 75 75 75 75 74 74 74 73 74 75 75 75 76 75 75 76 76 77 77 77 77 77 78 78 79 78 79 79 80 80 80 80 81 81 82 82 82 83 83 83 83 83 83 83 84 84 84 84 85 85 85 85 85 86 86 86 87 87 87 87 87 87 87 88 88 89 89 90 90 90 90 90 91 91 91 91 91 91 92 92 92 93 93 93 93 94 94 94 93 94 94 94 95 95 95 95 96 96 96 96 97 97 97 98 98 98 98 98 99 99 99 99 99 99 100 100 101 101 101 101 101 102 102 102 102 102 102 103 103 103 104 104 104 104 105 105 105 105 105 105 105 105 106 106 106 106 106 107 107 107 107 107 107 107 108 108 108 108 108 108 109 109 109 109 110 111 110 111 111 111 111 111 111 112 112 113 113 113 113 113 113 113 113 114 114 114 114 114 114 114 115 115 115 115 115 115 115 115 116 116 116 116 116 116 116 117 117 117 117 117 117 118 118 118 118 119 119 119 119 119 119 119 119 120 120 120 121 121 121 121 121 121 121 121 122 122 122 122 122 122 123 123 123 123 123 123 123 123 124 124 124 124 125 125 125 125 125 125 126 126 126 126 126 127 128 128 129 129 129 129 129 129 129 129 129 129 129 129 129 130 130 130 130 130 130 130 130 130 130 130 130 130 130 130 130 130 130 130 130 131 131 131 131 131 131 131 131 131 131 131 131 131 131 131 132 132 132 132 132 132 132 132 132 132 132 132 132 132 132 132 132 132 132 132 133 133 133 133 133 133 133 133 133 133 133 133 133 133 134 134 134 NA NA NA NA NA NA NA NA NA NA NA NA NA NA NA NA NA NA NA NA NA NA NA NA NA NA NA NA NA NA NA NA NA NA NA NA NA NA NA NA NA NA NA NA NA NA NA NA NA NA NA NA NA NA NA NA NA NA NA NA NA NA NA NA NA NA NA NA NA NA NA NA NA NA
NA NA NA NA NA NA NA NA NA NA NA NA NA NA NA NA NA NA NA NA NA NA NA NA NA NA NA NA NA NA NA NA NA NA NA NA NA NA NA NA NA NA NA NA NA NA NA NA NA NA NA NA NA NA NA NA NA NA 71 71 70 70 70 70 70 71 71 71 72 73 73 73 73 74 74 74 74 75 75 75 75 75 75 75 75 75 76 76 76 76 76 76 75 75 76 77 77 77 77 77 78 79 79 79 80 80 80 81 81 81 81 81 82 82 82 83 83 83 84 84 84 84 84 84 84 84 85 85 85 85 86 86 86 86 86 87 88 88 88 88 88 88 88 89 90 90 90 90 90 90 91 91 91 91 91 91 91 91 92 93 93 93 93 94 94 94 93 93 93 94 94 95 96 95 96 96 96 96 97 97 97 97 98 98 98 99 99 99 99 99 99 99 100 100 101 101 101 101 101 102 102 102 102 102 102 103 103 103 103 104 104 104 104 104 105 105 105 105 105 106 106 106 106 106 106 106 107 107 107 107 107 107 107 108 108 108 108 108 109 109 109 109 110 110 111 111 111 111 111 111 111 112 112 113 113 113 113 113 112 113 113 113 114 114 114 114 114 114 114 115 115 115 115 115 115 116 116 116 116 116 116 117 117 117 117 117 117 118 118 118 118 118 118 119 119 119 119 119 119 119 119 120 120 120 121 121 121 121 121 121 121 121 121 122 122 122 122 122 123 123 123 123 123 123 123 123 123 124 124 125 125 125 125 125 125 126 126 126 126 126 126 127 128 129 128 129 129 129 129 129 129 130 129 129 128 129 129 130 130 130 130 129 130 130 130 130 130 130 130 130 130 130 130 130 130 130 130 131 131 131 131 131 131 131 131 131 131 131 131 131 131 131 132 132 132 132 132 132 132 132 132 132 132 132 132 132 132 132 132 132 132 132 132 132 132 133 133 133 133 133 133 133 133 133 133 133 134 134 134 NA NA NA NA NA NA NA NA NA NA NA NA NA NA NA NA NA NA NA NA NA NA NA NA NA NA NA NA NA NA NA NA NA NA NA NA NA NA NA NA NA NA NA NA NA NA NA NA NA NA NA NA NA NA NA NA NA NA NA NA NA NA NA NA NA NA NA NA NA NA NA NA NA NA
NA NA NA NA NA NA NA NA NA NA NA NA NA NA NA NA NA NA NA NA NA NA NA NA NA NA NA NA NA NA NA NA NA NA NA NA NA NA NA NA NA NA NA NA NA NA NA NA NA NA NA NA NA NA NA NA NA NA 70 71 70 71 71 71 71 71 71 71 72 72 73 73 73 74 74 74 75 75 76 76 76 76 75 75 76 76 77 77 77 77 78 78 77 76 76 77 78 78 79 79 79 80 80 80 81 81 81 81 82 82 81 81 81 82 82 83 83 83 84 84 84 84 84 84 84 85 85 85 86 86 86 86 86 86 86 87 87 88 88 88 88 88 89 89 89 90 90 91 91 91 91 91 92 91 92 92 91 91 92 92 93 93 92 92 93 93 93 94 94 94 94 95 95 95 95 96 96 96 97 97 97 97 98 98 98 98 98 99 99 99 99 100 100 100 100 101 101 101 101 102 102 102 102 102 102 103 103 103 103 104 104 104 104 104 104 105 105 105 106 106 106 106 106 106 106 106 106 107 107 107 107 107 107 108 108 108 108 108 108 109 109 109 110 110 111 111 111 111 111 112 112 111 112 112 113 113 113 113 112 113 113 113 113 114 114 114 114 114 114 115 115 115 115 115 116 116 116 116 116 116 116 117 117 117 117 117 117 118 117 117 118 117 118 118 119 119 119 119 119 119 119 120 120 120 121 121 121 121 121 121 121 121 121 122 122 122 122 122 123 123 123 123 123 123 123 123 123 124 124 124 125 125 124 125 125 126 126 125 125 125 126 126 128 128 128 129 129 129 129 129 129 129 129 129 128 128 129 129 130 129 129 129 129 129 130 130 130 130 130 130 130 130 130 130 130 130 130 130 131 131 131 131 131 131 131 131 131 131 131 131 132 131 132 132 132 132 132 132 132 132 132 132 132 132 132 132 132 132 132 132 132 132 132 132 132 133 133 133 133 133 133 133 133 133 133 133 133 134 134 NA NA NA NA NA NA NA NA NA NA NA NA NA NA NA NA NA NA NA NA NA NA NA NA NA NA NA NA NA NA NA NA NA NA NA NA NA NA NA NA NA NA NA NA NA NA NA NA NA NA NA NA NA NA NA NA NA NA NA NA NA NA NA NA NA NA NA NA NA NA NA NA NA NA
NA NA NA NA NA NA NA NA NA NA NA NA NA NA NA NA NA NA NA NA NA NA NA NA NA NA NA NA NA NA NA NA NA NA NA NA NA NA NA NA NA NA NA NA NA NA NA NA NA NA NA NA NA NA NA NA NA NA NA 70 70 70 70 71 71 72 72 72 72 72 72 73 73 74 75 75 75 76 76 76 76 76 76 76 76 77 77 77 78 78 78 78 78 77 77 78 79 79 79 80 80 80 80 81 81 81 81 82 82 82 81 82 82 82 82 82 83 83 84 84 84 84 84 85 85 85 85 85 86 86 86 86 86 86 86 87 87 88 88 88 88 88 89 89 90 90 90 91 91 91 91 91 91 91 91 91 91 91 91 92 92 92 93 92 92 93 94 95 95 95 94 94 95 95 95 96 96 96 96 97 97 97 98 98 98 98 98 99 99 99 99 100 100 100 101 101 101 101 101 102 102 102 102 102 103 103 103 103 103 104 104 104 104 104 104 105 105 105 105 106 106 106 106 106 106 106 106 106 107 107 107 107 107 107 108 108 108 108 108 109 109 109 110 110 111 111 111 111 112 112 112 111 112 112 113 113 113 113 113 113 113 113 113 113 114 114 114 114 114 114 115 115 115 115 115 116 116 116 116 116 116 116 117 117 117 117 117 117 117 117 117 118 118 118 119 119 119 119 119 119 119 119 120 120 120 121 121 121 121 121 121 121 121 122 122 122 122 123 123 123 123 123 123 123 123 123 123 124 124 124 124 125 124 125 125 125 126 126 125 125 125 126 128 128 128 128 129 129 129 130 130 130 130 130 129 128 128 129 130 129 129 129 129 129 129 130 130 130 130 130 130 130 130 130 130 130 130 130 130 131 131 131 131 131 131 131 131 131 131 131 131 131 132 132 132 132 132 132 132 132 132 132 132 132 132 132 132 132 132 132 132 132 132 132 132 133 133 133 133 133 133 133 133 133 133 133 133 134 134 NA NA NA NA NA NA NA NA NA NA NA NA NA NA NA NA NA NA NA NA NA NA NA NA NA NA NA NA NA NA NA NA NA NA NA NA NA NA NA NA NA NA NA NA NA NA NA NA NA NA NA NA NA NA NA NA NA NA NA NA NA NA NA NA NA NA NA NA NA NA NA NA NA NA
NA NA NA NA NA NA NA NA NA NA NA NA NA NA NA NA NA NA NA NA NA NA NA NA NA NA NA NA NA NA NA NA NA NA NA NA NA NA NA NA NA NA NA NA NA NA NA NA NA NA NA NA NA NA NA NA NA NA NA NA 71 71 71 71 71 71 72 72 72 72 73 72 73 74 74 75 75 76 76 76 76 76 77 77 77 77 77 78 78 78 78 78 78 78 79 79 79 79 79 80 80 80 80 81 81 81 82 82 82 82 82 82 82 82 82 82 83 83 84 83 83 84 85 85 85 85 85 85 86 86 86 86 86 86 86 87 87 87 88 88 88 88 89 89 90 90 90 90 91 91 92 92 92 92 92 91 91 92 92 92 92 93 94 93 93 93 94 94 95 95 95 95 95 95 95 96 96 96 97 97 97 97 97 98 98 98 99 99 99 99 100 100 100 101 101 101 101 101 102 102 102 102 102 102 103 103 103 103 103 104 104 104 104 104 105 105 105 105 105 106 106 106 106 106 106 106 106 106 106 107 107 107 107 107 108 108 108 108 108 109 109 109 110 110 110 110 111 111 112 112 112 112 112 113 112 113 113 113 113 113 113 113 113 114 114 114 114 114 114 115 115 115 115 115 115 115 116 116 116 116 116 116 116 117 117 117 117 117 117 117 118 118 118 118 119 119 119 119 119 119 119 119 120 120 120 121 121 121 121 121 121 121 121 122 122 122 122 122 122 122 123 123 123 123 123 123 124 124 124 124 124 124 124 124 125 125 125 125 125 125 126 126 127 128 128 128 128 129 129 129 129 130 130 130 130 129 129 128 129 129 129 129 129 129 129 130 130 129 130 130 130 130 130 130 130 130 130 130 130 130 130 130 131 131 131 131 131 131 132 132 131 131 132 132 132 132 132 132 132 132 132 132 132 132 132 132 132 132 132 132 132 132 132 133 133 133 133 133 133 133 133 133 133 133 133 133 133 134 134 NA NA NA NA NA NA NA NA NA NA NA NA NA NA NA NA NA NA NA NA NA NA NA NA NA NA NA NA NA NA NA NA NA NA NA NA NA NA NA NA NA NA NA NA NA NA NA NA NA NA NA NA NA NA NA NA NA NA NA NA NA NA NA NA NA NA NA NA NA NA NA NA NA NA
NA NA NA NA NA NA NA NA NA NA NA NA NA NA NA NA NA NA NA NA NA NA NA NA NA NA NA NA NA NA NA NA NA NA NA NA NA NA NA NA NA NA NA NA NA NA NA NA NA NA NA NA NA NA NA NA NA NA NA NA NA 71 70 71 71 71 71 72 72 73 73 73 73 74 75 75 75 76 76 76 76 76 76 77 77 77 77 78 78 78 78 78 78 79 79 79 79 79 79 80 80 80 80 80 81 81 81 82 82 82 82 82 82 82 82 82 82 83 84 84 83 84 84 84 85 85 85 86 86 86 86 86 86 86 87 87 87 88 88 88 88 88 89 89 89 90 90 90 90 91 91 91 92 91 91 91 92 92 93 93 93 93 94 94 93 93 94 94 94 95 95 95 95 96 96 96 96 96 96 96 97 97 97 98 98 98 98 99 99 99 100 100 100 101 101 101 101 101 101 102 102 102 102 103 103 103 103 103 103 104 104 104 104 104 105 105 105 105 105 106 106 106 106 106 106 106 106 106 106 106 106 107 107 107 108 108 108 108 108 108 109 109 110 110 111 111 111 111 112 111 112 112 112 112 112 112 113 113 113 113 113 113 113 113 114 114 114 114 114 114 114 114 115 115 115 116 116 116 116 116 116 116 116 116 117 117 117 117 117 117 117 117 118 119 119 119 119 119 119 119 119 119 120 120 120 121 121 121 121 121 121 121 121 122 122 122 122 122 122 122 123 123 123 123 123 124 124 124 124 124 124 124 124 124 125 126 125 125 125 125 126 126 128 128 128 128 128 128 129 129 129 129 129 130 130 129 129 129 128 128 129 129 129 129 129 129 129 130 130 130 130 130 130 130 130 130 130 130 130 130 131 131 131 131 131 131 131 131 132 132 132 132 132 132 132 132 132 132 132 132 132 132 132 132 132 132 132 132 132 132 132 132 133 133 133 132 132 132 133 133 133 133 133 133 133 133 133 134 134 NA NA NA NA NA NA NA NA NA NA NA NA NA NA NA NA NA NA NA NA NA NA NA NA NA NA NA NA NA NA NA NA NA NA NA NA NA NA NA NA NA NA NA NA NA NA NA NA NA NA NA NA NA NA NA NA NA NA NA NA NA NA NA NA NA NA NA NA NA NA NA NA NA NA
NA NA NA NA NA NA NA NA NA NA NA NA NA NA NA NA NA NA NA NA NA NA NA NA NA NA NA NA NA NA NA NA NA NA NA NA NA NA NA NA NA NA NA NA NA NA NA NA NA NA NA NA NA NA NA NA NA NA NA NA NA NA 70 71 72 72 72 72 72 73 73 73 73 74 75 75 75 76 76 76 76 76 77 77 77 77 77 77 77 78 78 78 78 79 79 79 79 80 80 80 80 80 80 80 80 81 81 82 82 82 82 83 83 83 83 83 83 83 83 83 83 84 84 84 84 85 85 86 86 86 86 86 86 87 87 87 87 87 88 88 88 88 89 89 89 90 90 90 90 90 91 91 91 91 91 91 92 92 92 92 93 93 93 94 94 94 94 94 95 95 95 95 96 96 96 96 96 96 96 97 97 97 97 98 98 98 98 99 99 99 99 100 100 101 101 101 101 101 102 102 102 102 102 102 103 103 103 103 103 104 104 104 104 104 105 105 105 105 105 106 106 106 106 106 107 107 107 107 106 106 107 107 107 107 108 108 108 108 108 108 109 109 110 110 110 111 111 111 112 112 112 112 112 112 112 112 113 113 113 113 113 114 114 113 114 114 115 114 115 115 114 114 115 115 115 116 116 116 116 116 116 116 116 117 117 117 117 117 117 117 117 117 118 119 119 119 119 119 119 119 119 119 120 120 120 121 121 121 121 121 121 121 121 121 122 122 122 122 122 122 123 123 123 123 123 123 124 124 124 124 124 124 124 124 125 125 125 125 126 126 126 126 127 128 128 128 128 128 129 129 129 129 129 129 129 130 129 129 129 129 129 129 129 128 129 129 129 129 130 129 130 130 130 130 130 130 130 130 130 130 131 131 131 131 131 131 131 131 132 132 131 131 132 132 132 132 132 132 132 132 132 132 132 132 132 132 132 132 132 132 132 132 132 132 132 133 132 132 133 132 132 133 133 133 133 133 133 134 NA NA NA NA NA NA NA NA NA NA NA NA NA NA NA NA NA NA NA NA NA NA NA NA NA NA NA NA NA NA NA NA NA NA NA NA NA NA NA NA NA NA NA NA NA NA NA NA NA NA NA NA NA NA NA NA NA NA NA NA NA NA NA NA NA NA NA NA NA NA NA NA NA NA NA
NA NA NA NA NA NA NA NA NA NA NA NA NA NA NA NA NA NA NA NA NA NA NA NA NA NA NA NA NA NA NA NA NA NA NA NA NA NA NA NA NA NA NA NA NA NA NA NA NA NA NA NA NA NA NA NA NA NA NA NA NA NA NA 71 72 73 73 73 73 73 73 73 73 73 74 75 76 76 76 76 76 76 76 77 77 77 77 77 77 78 78 78 78 79 79 79 79 79 79 79 79 79 80 80 80 81 81 81 82 82 82 83 83 83 83 83 83 83 83 83 83 84 84 84 84 84 85 85 86 86 86 87 87 87 87 87 87 87 88 88 88 89 89 89 89 90 90 90 90 91 91 91 91 91 91 91 92 92 92 92 92 92 93 93 94 94 94 94 95 95 95 95 95 96 96 96 96 96 96 97 97 97 98 98 98 98 98 98 99 99 99 100 100 101 101 101 101 101 102 102 102 102 102 102 103 103 103 103 103 104 104 104 104 104 104 105 105 105 105 106 106 106 107 107 107 107 107 106 106 106 106 107 107 107 108 108 108 108 108 108 109 109 110 111 111 111 111 111 111 112 113 112 112 112 113 112 112 113 113 113 114 114 114 114 114 114 114 114 114 114 114 114 114 115 115 115 116 116 116 116 116 116 116 116 117 116 117 117 117 117 117 117 118 119 119 119 118 118 119 119 119 119 120 120 120 121 121 121 121 121 121 121 121 121 121 122 122 122 122 122 123 123 123 123 123 123 123 123 123 124 124 124 124 124 124 125 125 125 125 126 126 126 127 127 128 128 128 128 128 129 129 129 129 129 129 129 130 130 129 129 129 129 129 129 128 129 129 129 129 129 129 130 130 130 130 130 130 130 130 130 130 131 131 131 131 131 131 131 132 131 131 131 132 132 132 132 132 132 132 132 132 132 132 132 132 132 132 132 132 132 132 132 132 132 132 133 132 132 132 132 132 133 133 133 133 133 133 134 NA NA NA NA NA NA NA NA NA NA NA NA NA NA NA NA NA NA NA NA NA NA NA NA NA NA NA NA NA NA NA NA NA NA NA NA NA NA NA NA NA NA NA NA NA NA NA NA NA NA NA NA NA NA NA NA NA NA NA NA NA NA NA NA NA NA NA NA NA NA NA NA NA NA NA
NA NA NA NA NA NA NA NA NA NA NA NA NA NA NA NA NA NA NA NA NA NA NA NA NA NA NA NA NA NA NA NA NA NA NA NA NA NA NA NA NA NA NA NA NA NA NA NA NA NA NA NA NA NA NA NA NA NA NA NA NA NA NA NA 72 72 72 73 73 73 73 73 74 74 74 75 76 76 76 76 76 76 77 77 77 77 77 77 77 78 78 78 78 79 79 79 79 80 80 80 80 80 80 80 81 81 81 81 81 82 82 82 83 83 83 83 83 83 83 83 83 83 83 84 84 84 85 85 85 85 86 86 87 87 87 87 87 87 88 88 88 89 89 89 90 90 90 90 90 91 91 91 91 91 92 92 92 92 92 92 92 92 93 93 94 94 94 94 95 95 95 95 95 96 96 97 96 96 96 97 97 97 97 97 98 98 98 98 99 99 99 99 100 100 101 101 101 101 102 102 102 102 102 103 103 103 103 103 103 104 104 104 104 104 104 105 105 105 105 106 106 106 106 107 107 107 106 107 106 106 106 106 107 107 107 108 108 108 108 108 108 109 110 110 110 111 111 111 111 111 112 112 112 113 113 112 113 113 114 114 114 114 114 114 114 114 114 114 114 114 114 114 114 115 115 115 116 116 116 116 116 116 116 116 116 117 116 117 117 117 117 118 118 119 119 119 119 119 119 119 119 119 120 120 120 120 121 121 121 121 121 121 121 121 121 122 122 122 122 122 122 123 123 123 123 123 123 123 123 123 123 124 124 124 124 124 125 125 125 125 125 125 127 127 128 128 127 128 128 129 129 129 129 129 129 129 129 129 129 129 129 129 129 129 129 129 129 129 129 129 130 130 130 130 130 130 130 131 130 131 131 131 131 131 131 131 131 132 132 131 131 132 132 132 132 132 132 132 132 132 132 132 132 132 132 132 132 132 132 132 132 132 132 132 132 132 132 132 132 132 132 133 133 133 133 133 133 133 NA NA NA NA NA NA NA NA NA NA NA NA NA NA NA NA NA NA NA NA NA NA NA NA NA NA NA NA NA NA NA NA NA NA NA NA NA NA NA NA NA NA NA NA NA NA NA NA NA NA NA NA NA NA NA NA NA NA NA NA NA NA NA NA NA NA NA NA NA NA NA NA NA NA NA
NA NA NA NA NA NA NA NA NA NA NA NA NA NA NA NA NA NA NA NA NA NA NA NA NA NA NA NA NA NA NA NA NA NA NA NA NA NA NA NA NA NA NA NA NA NA NA NA NA NA NA NA NA NA NA NA NA NA NA NA NA NA NA NA NA 72 72 72 73 73 73 73 74 75 75 75 76 77 76 76 76 77 77 77 77 77 77 77 77 78 78 79 78 79 79 79 79 80 80 80 80 80 80 80 81 81 81 81 82 82 82 82 82 82 83 83 83 84 83 83 84 84 84 84 84 84 85 85 85 85 85 86 87 87 87 87 87 88 88 88 88 89 89 89 90 90 90 90 90 91 91 91 91 92 92 92 92 92 92 92 92 92 93 93 93 94 94 95 95 95 95 95 95 96 96 97 97 96 97 97 97 97 97 97 98 98 98 98 99 99 99 99 100 100 101 101 101 101 102 102 102 102 102 103 103 103 103 103 104 104 104 104 104 104 104 105 105 105 105 105 105 106 106 107 107 107 107 107 107 106 106 107 107 107 107 108 108 108 108 108 108 109 109 110 111 110 110 111 111 111 112 112 112 112 112 112 113 113 114 114 114 114 114 114 114 114 114 114 114 114 114 114 114 115 115 115 115 116 116 116 116 116 116 116 116 116 117 117 117 117 118 118 119 119 119 118 119 119 119 119 119 119 120 120 120 120 121 121 121 121 121 121 121 121 122 122 122 122 122 122 123 123 123 123 123 123 124 124 124 123 123 124 124 124 124 125 125 125 125 125 125 125 127 127 127 127 127 128 128 128 128 128 129 129 129 129 129 129 129 129 129 129 129 129 129 129 129 129 129 130 130 130 130 130 130 130 130 131 130 131 131 131 131 131 131 131 131 132 132 131 131 132 132 132 132 132 132 132 132 132 132 132 132 132 132 132 132 132 132 132 132 132 132 133 132 132 132 132 132 132 132 132 133 133 133 133 133 NA NA NA NA NA NA NA NA NA NA NA NA NA NA NA NA NA NA NA NA NA NA NA NA NA NA NA NA NA NA NA NA NA NA NA NA NA NA NA NA NA NA NA NA NA NA NA NA NA NA NA NA NA NA NA NA NA NA NA NA NA NA NA NA NA NA NA NA NA NA NA NA NA NA NA NA
NA NA NA NA NA NA NA NA NA NA NA NA NA NA NA NA NA NA NA NA NA NA NA NA NA NA NA NA NA NA NA NA NA NA NA NA NA NA NA NA NA NA NA NA NA NA NA NA NA NA NA NA NA NA NA NA NA NA NA NA NA NA NA NA NA NA 73 73 73 73 73 73 74 74 75 75 75 76 76 76 76 76 76 77 77 77 77 77 77 78 78 79 79 79 79 80 80 80 80 80 81 81 80 80 80 81 81 82 82 82 82 82 83 83 83 83 84 84 84 84 84 85 85 85 84 84 85 85 85 85 85 85 86 87 87 87 88 88 88 88 88 89 89 89 90 90 90 90 91 91 91 91 91 91 92 92 93 93 92 92 92 93 93 93 93 94 94 94 94 95 95 95 95 95 96 96 97 97 97 97 97 97 98 97 97 98 98 98 99 99 99 99 100 100 101 101 101 101 101 102 102 102 102 103 103 103 103 103 104 104 104 104 104 104 104 105 105 105 105 105 106 106 106 107 107 107 107 107 107 106 107 107 107 107 107 107 108 108 108 108 108 109 109 110 111 111 110 111 111 111 111 112 112 113 112 113 113 113 113 114 114 114 114 114 114 114 114 114 114 114 114 114 115 115 115 115 115 115 116 116 116 116 116 116 116 116 116 117 117 117 118 118 119 119 119 118 118 118 119 119 119 119 120 120 120 120 121 121 121 121 121 121 121 121 122 122 122 122 122 123 123 123 123 123 123 123 123 124 124 124 124 124 124 124 125 125 125 125 125 125 125 126 127 127 128 128 128 128 128 128 128 128 128 128 128 129 129 129 129 129 129 129 129 129 129 129 129 129 129 130 130 130 130 130 130 130 130 130 130 131 131 131 131 131 131 131 131 131 132 132 132 132 132 132 132 132 132 132 132 132 132 132 132 132 132 132 132 132 132 132 132 132 133 133 132 132 132 132 132 132 132 132 133 133 133 134 133 NA NA NA NA NA NA NA NA NA NA NA NA NA NA NA NA NA NA NA NA NA NA NA NA NA NA NA NA NA NA NA NA NA NA NA NA NA NA NA NA NA NA NA NA NA NA NA NA NA NA NA NA NA NA NA NA NA NA NA NA NA NA NA NA NA NA NA NA NA NA NA NA NA NA NA NA
NA NA NA NA NA NA NA NA NA NA NA NA NA NA NA NA NA NA NA NA NA NA NA NA NA NA NA NA NA NA NA NA NA NA NA NA NA NA NA NA NA NA NA NA NA NA NA NA NA NA NA NA NA NA NA NA NA NA NA NA NA NA NA NA NA NA NA 73 73 73 73 74 74 74 75 75 76 76 76 76 76 76 76 76 77 77 77 77 78 78 78 78 79 79 79 79 80 80 80 81 81 81 81 81 81 82 82 82 82 82 82 82 83 83 84 84 84 84 84 85 85 85 85 85 84 85 85 85 86 86 85 85 86 87 87 88 88 88 88 89 89 89 89 89 90 90 90 90 91 91 91 91 91 92 92 92 92 93 93 92 92 92 93 93 93 94 94 94 94 94 95 95 95 95 95 96 96 97 97 97 98 98 98 98 98 98 98 98 98 99 99 99 100 100 101 101 101 101 101 102 102 102 102 103 103 103 103 103 104 104 104 104 104 104 104 105 105 105 105 105 106 106 106 106 107 107 107 107 106 106 106 106 107 107 107 107 108 108 108 108 108 108 109 110 111 111 110 111 111 112 112 112 112 113 113 113 113 113 114 114 114 114 114 114 113 114 114 114 114 114 114 114 114 115 115 115 115 115 115 116 116 116 116 116 116 117 117 117 117 118 118 118 119 119 119 118 118 119 119 119 119 119 120 120 120 120 121 121 121 121 121 121 121 121 121 122 122 122 122 123 123 123 123 123 123 123 123 123 124 124 124 124 124 124 125 125 125 126 126 125 125 126 127 127 128 128 128 128 128 128 128 128 128 128 128 128 129 129 128 129 129 129 129 129 129 129 129 129 129 130 130 130 130 130 130 130 130 130 130 130 131 131 131 131 131 131 131 131 131 131 131 132 132 132 132 132 132 132 132 132 132 132 132 132 132 132 132 132 132 132 132 132 132 132 132 132 132 132 132 132 133 132 133 133 133 133 NA NA NA NA NA NA NA NA NA NA NA NA NA NA NA NA NA NA NA NA NA NA NA NA NA NA NA NA NA NA NA NA NA NA NA NA NA NA NA NA NA NA NA NA NA NA NA NA NA NA NA NA NA NA NA NA NA NA NA NA NA NA NA NA NA NA NA NA NA NA NA NA NA NA NA NA NA
NA NA NA NA NA NA NA NA NA NA NA NA NA NA NA NA NA NA NA NA NA NA NA NA NA NA NA NA NA NA NA NA NA NA NA NA NA NA NA NA NA NA NA NA NA NA NA NA NA NA NA NA NA NA NA NA NA NA NA NA NA NA NA NA NA NA NA 73 73 73 73 73 74 74 74 74 75 75 75 75 75 76 76 76 76 77 78 78 78 79 79 79 79 79 79 79 80 80 81 81 81 81 81 81 82 82 82 82 82 82 82 83 83 83 83 84 84 84 85 85 85 85 85 86 85 86 86 85 86 86 85 85 85 86 87 87 88 88 88 88 89 89 89 90 90 90 90 90 91 91 91 91 91 92 92 92 92 92 93 93 93 93 93 93 93 94 94 94 94 94 95 95 95 95 95 96 96 96 97 97 98 98 98 98 98 98 98 98 98 99 99 99 100 100 101 101 101 101 101 102 102 102 102 103 103 103 103 103 104 104 104 104 104 104 105 105 105 105 105 105 105 106 106 106 107 107 107 107 107 107 107 107 107 107 107 107 107 108 108 108 108 108 109 110 110 110 110 111 111 111 112 112 112 113 113 113 113 113 113 113 113 114 114 114 114 114 114 114 115 115 114 115 115 115 115 115 115 115 116 116 116 116 116 116 116 117 117 117 117 118 118 118 119 119 118 118 118 118 119 119 119 119 120 120 120 120 121 121 121 121 121 121 121 121 121 122 122 122 122 123 123 123 123 123 123 123 123 123 124 124 124 124 124 124 124 125 125 125 126 126 126 126 127 127 127 127 127 128 128 128 128 127 128 128 128 128 128 128 128 128 129 129 129 129 129 129 129 129 129 130 130 130 130 130 130 130 130 130 130 130 131 131 131 131 131 131 131 131 131 131 131 131 131 132 132 132 132 132 132 132 132 132 132 132 132 132 132 132 132 132 132 132 132 132 132 132 132 132 132 132 133 133 133 133 133 NA NA NA NA NA NA NA NA NA NA NA NA NA NA NA NA NA NA NA NA NA NA NA NA NA NA NA NA NA NA NA NA NA NA NA NA NA NA NA NA NA NA NA NA NA NA NA NA NA NA NA NA NA NA NA NA NA NA NA NA NA NA NA NA NA NA NA NA NA NA NA NA NA NA NA NA NA NA
NA NA NA NA NA NA NA NA NA NA NA NA NA NA NA NA NA NA NA NA NA NA NA NA NA NA NA NA NA NA NA NA NA NA NA NA NA NA NA NA NA NA NA NA NA NA NA NA NA NA NA NA NA NA NA NA NA NA NA NA NA NA NA NA NA NA NA NA 73 73 73 72 73 73 73 74 74 75 75 76 75 75 76 76 76 77 78 79 79 79 79 79 79 79 79 79 80 80 80 81 81 81 81 82 82 82 82 82 82 82 82 83 83 83 84 84 84 85 85 85 85 85 86 86 86 86 86 86 86 86 86 86 86 86 86 87 87 88 88 88 88 89 89 89 90 90 90 90 91 91 91 91 91 92 92 92 92 92 93 93 93 93 93 93 93 94 94 94 94 94 95 95 95 95 95 96 96 96 96 97 97 98 98 98 98 98 98 98 98 99 99 99 100 100 100 101 101 101 101 102 102 102 102 103 103 103 103 103 104 104 104 104 104 104 105 105 105 105 105 105 105 106 106 106 107 107 107 108 107 107 107 107 107 107 107 107 107 108 108 108 108 108 109 110 110 110 110 111 111 111 111 112 112 113 112 112 112 113 113 113 113 113 113 113 113 113 114 114 114 115 115 115 115 115 115 115 116 116 116 116 116 116 116 116 117 117 117 117 117 118 118 119 119 119 119 118 118 118 119 119 119 119 120 120 120 120 121 121 121 121 121 121 121 121 121 122 122 122 122 122 123 123 123 123 123 123 123 123 124 124 124 124 124 124 125 124 125 125 126 126 126 126 127 127 127 127 128 127 127 128 128 127 127 128 128 128 128 128 128 129 129 129 129 129 129 129 129 129 129 129 130 130 130 130 130 130 130 130 130 130 130 131 131 131 131 132 131 131 131 131 131 131 131 131 132 132 132 131 131 132 132 132 132 132 131 131 132 132 132 132 132 132 132 132 132 132 132 132 132 132 132 133 133 133 133 NA NA NA NA NA NA NA NA NA NA NA NA NA NA NA NA NA NA NA NA NA NA NA NA NA NA NA NA NA NA NA NA NA NA NA NA NA NA NA NA NA NA NA NA NA NA NA NA NA NA NA NA NA NA NA NA NA NA NA NA NA NA NA NA NA NA NA NA NA NA NA NA NA NA NA NA NA NA
NA NA NA NA NA NA NA NA NA NA NA NA NA NA NA NA NA NA NA NA NA NA NA NA NA NA NA NA NA NA NA NA NA NA NA NA NA NA NA NA NA NA NA NA NA NA NA NA NA NA NA NA NA NA NA NA NA NA NA NA NA NA NA NA NA NA NA NA NA 74 73 73 73 73 73 73 74 75 75 76 76 75 75 75 76 77 78 78 78 78 79 80 80 80 80 80 80 80 80 80 81 81 81 82 82 82 82 82 82 83 83 83 83 84 84 84 84 85 85 85 85 85 86 86 86 86 86 87 87 87 87 87 87 86 86 86 87 87 88 88 89 89 89 89 90 90 90 90 91 91 91 91 91 92 92 92 92 92 93 93 93 93 93 93 94 93 94 94 94 95 95 95 95 95 95 96 96 96 96 96 97 98 98 98 99 99 99 99 98 99 99 99 100 100 100 101 101 101 101 101 102 102 102 102 103 103 103 103 104 104 104 104 104 104 105 105 105 105 105 105 105 105 106 106 107 107 107 107 108 107 107 107 107 107 107 107 107 108 108 108 109 109 109 110 110 110 110 111 111 111 111 112 112 113 112 112 112 112 112 113 113 114 114 114 113 113 114 114 114 114 115 115 115 115 115 116 116 116 116 116 116 116 116 116 117 117 117 118 118 118 118 118 119 119 118 118 118 118 119 119 119 119 120 120 120 120 121 121 121 121 121 121 121 121 121 122 122 122 122 122 122 122 123 123 123 123 123 123 124 124 124 124 124 124 124 124 125 125 125 126 126 126 127 127 127 128 128 127 127 127 127 127 127 127 127 128 128 128 128 129 129 129 129 129 128 128 129 129 129 129 129 129 130 130 130 130 130 130 130 130 130 130 130 131 131 131 131 131 131 131 131 131 131 131 131 131 131 132 132 132 131 132 132 132 132 132 132 132 132 132 132 132 132 132 132 132 132 132 132 132 132 132 133 133 133 NA NA NA NA NA NA NA NA NA NA NA NA NA NA NA NA NA NA NA NA NA NA NA NA NA NA NA NA NA NA NA NA NA NA NA NA NA NA NA NA NA NA NA NA NA NA NA NA NA NA NA NA NA NA NA NA NA NA NA NA NA NA NA NA NA NA NA NA NA NA NA NA NA NA NA NA NA NA
NA NA NA NA NA NA NA NA NA NA NA NA NA NA NA NA NA NA NA NA NA NA NA NA NA NA NA NA NA NA NA NA NA NA NA NA NA NA NA NA NA NA NA NA NA NA NA NA NA NA NA NA NA NA NA NA NA NA NA NA NA NA NA NA NA NA NA NA NA NA NA 74 NA 74 73 73 74 75 76 75 76 76 76 76 76 76 77 77 78 78 79 79 80 80 80 80 80 80 80 80 80 81 81 81 81 82 82 82 83 83 83 83 83 84 84 84 84 85 85 85 86 86 86 86 86 86 87 87 87 87 87 87 87 87 87 87 87 88 88 89 89 89 89 89 90 90 90 90 91 91 91 91 91 92 92 92 92 93 93 93 93 94 94 94 94 95 94 94 94 94 95 95 95 95 96 96 96 96 96 97 97 97 98 98 99 99 99 99 99 99 99 99 100 100 100 101 101 101 101 101 102 102 102 102 103 103 103 103 103 104 104 104 104 104 105 105 105 105 105 105 105 105 106 106 107 106 107 107 107 107 107 107 107 107 107 107 107 107 108 108 109 109 110 110 110 110 111 111 111 111 111 111 112 113 113 112 112 112 113 113 114 114 114 114 114 114 114 114 114 114 114 115 115 115 115 116 116 116 116 116 116 116 116 116 117 117 117 117 118 118 118 118 119 118 118 118 118 118 119 119 119 119 120 120 120 120 120 121 121 121 121 121 121 121 121 121 122 122 122 122 122 122 123 123 123 123 123 124 124 124 124 124 124 124 125 124 125 124 124 125 125 126 127 128 128 128 128 128 128 128 128 127 127 127 127 127 128 128 128 128 128 128 128 128 128 128 128 129 129 129 129 129 129 129 130 130 130 130 130 130 130 131 130 131 131 131 131 131 131 131 131 131 131 131 131 131 132 132 132 132 132 132 132 132 132 132 132 132 132 132 132 132 132 132 132 132 132 132 132 132 132 133 133 133 133 133 NA NA NA NA NA NA NA NA NA NA NA NA NA NA NA NA NA NA NA NA NA NA NA NA NA NA NA NA NA NA NA NA NA NA NA NA NA NA NA NA NA NA NA NA NA NA NA NA NA NA NA NA NA NA NA NA NA NA NA NA NA NA NA NA NA NA NA NA NA NA NA NA NA NA NA NA NA
NA NA NA NA NA NA NA NA NA NA NA NA NA NA NA NA NA NA NA NA NA NA NA NA NA NA NA NA NA NA NA NA NA NA NA NA NA NA NA NA NA NA NA NA NA NA NA NA NA NA NA NA NA NA NA NA NA NA NA NA NA NA NA NA NA NA NA NA NA NA NA NA NA NA 74 73 74 75 76 75 75 75 76 76 77 77 77 77 78 78 79 79 80 80 81 80 80 80 80 80 80 81 81 81 81 82 82 82 83 83 83 83 83 84 84 84 84 85 85 86 86 86 86 86 86 86 87 87 87 87 87 87 88 88 88 88 88 89 89 89 89 89 89 89 90 90 90 90 90 91 91 91 91 92 92 92 92 93 93 93 93 93 94 94 94 94 95 94 94 94 95 95 95 96 96 96 96 96 97 97 97 97 98 98 98 99 99 99 99 99 99 99 100 100 100 101 101 101 101 101 102 102 102 102 103 103 103 103 103 104 104 104 104 104 105 105 105 105 105 105 105 105 106 106 106 107 107 107 107 107 107 107 107 107 107 107 107 108 108 108 109 109 110 110 110 110 111 111 111 111 111 111 112 112 113 113 113 113 113 114 113 114 114 114 114 114 114 114 114 114 114 115 115 115 115 115 115 116 116 116 116 116 116 116 117 117 117 117 118 118 118 118 119 118 118 118 118 118 119 119 119 119 120 120 120 120 120 121 121 121 121 121 121 121 121 122 122 122 122 122 122 123 123 123 123 123 123 124 124 124 124 124 124 124 125 125 125 125 125 125 125 125 127 127 127 128 128 128 128 128 128 128 128 128 127 127 128 128 128 128 128 128 128 128 128 129 129 129 129 130 130 129 129 129 130 130 130 130 130 130 130 130 130 131 131 131 131 131 131 131 131 131 131 131 132 132 132 132 132 132 132 132 132 132 132 132 132 132 132 132 132 132 132 132 132 132 132 132 132 132 132 132 132 132 132 133 NA NA NA NA NA NA NA NA NA NA NA NA NA NA NA NA NA NA NA NA NA NA NA NA NA NA NA NA NA NA NA NA NA NA NA NA NA NA NA NA NA NA NA NA NA NA NA NA NA NA NA NA NA NA NA NA NA NA NA NA NA NA NA NA NA NA NA NA NA NA NA NA NA NA NA NA NA
NA NA NA NA NA NA NA NA NA NA NA NA NA NA NA NA NA NA NA NA NA NA NA NA NA NA NA NA NA NA NA NA NA NA NA NA NA NA NA NA NA NA NA NA NA NA NA NA NA NA NA NA NA NA NA NA NA NA NA NA NA NA NA NA NA NA NA NA NA NA NA NA NA NA 75 74 74 75 75 75 75 76 76 76 77 78 78 78 79 79 79 79 80 80 81 81 81 81 81 81 81 81 81 81 81 82 82 82 83 83 83 83 84 84 85 85 85 85 85 85 86 86 86 86 86 86 87 87 87 87 87 87 87 87 88 88 89 89 89 89 89 89 90 90 90 90 90 90 91 91 91 91 92 92 92 92 92 93 93 93 93 93 93 94 94 95 94 94 94 94 95 95 95 95 96 96 96 97 97 97 97 97 97 98 98 98 99 99 100 100 100 99 100 100 101 101 101 101 101 101 102 102 102 102 103 103 103 103 103 104 104 104 104 104 105 105 105 105 105 105 105 105 106 106 106 106 106 107 107 107 107 108 108 108 107 107 107 108 108 108 109 109 110 110 110 110 111 111 111 112 112 112 112 112 113 113 113 113 113 113 113 113 113 114 114 114 114 114 114 114 115 115 115 115 115 115 115 116 116 116 116 116 117 117 117 117 117 117 117 118 118 118 118 118 118 118 118 119 119 119 119 119 120 120 120 120 120 121 121 121 121 121 121 121 121 121 122 122 122 122 123 123 123 123 123 123 123 123 124 124 124 124 124 124 124 124 125 125 125 126 126 125 126 127 127 127 127 128 128 128 129 129 129 128 128 128 128 128 128 128 129 129 129 129 129 130 131 131 131 132 131 130 129 129 130 131 130 130 130 130 130 130 130 131 131 131 131 131 131 131 131 131 131 132 132 132 132 132 132 132 132 131 132 131 131 131 131 132 132 132 132 132 132 132 132 132 132 132 132 132 132 132 132 133 133 133 133 NA NA NA NA NA NA NA NA NA NA NA NA NA NA NA NA NA NA NA NA NA NA NA NA NA NA NA NA NA NA NA NA NA NA NA NA NA NA NA NA NA NA NA NA NA NA NA NA NA NA NA NA NA NA NA NA NA NA NA NA NA NA NA NA NA NA NA NA NA NA NA NA NA NA NA NA
NA NA NA NA NA NA NA NA NA NA NA NA NA NA NA NA NA NA NA NA NA NA NA NA NA NA NA NA NA NA NA NA NA NA NA NA NA NA NA NA NA NA NA NA NA NA NA NA NA NA NA NA NA NA NA NA NA NA NA NA NA NA NA NA NA NA NA NA NA NA NA NA NA NA NA NA NA 74 75 75 76 76 76 77 77 77 78 79 80 80 80 80 80 80 81 81 81 82 82 82 82 82 81 82 82 82 82 82 83 83 83 83 84 84 84 85 85 85 85 85 86 86 86 86 86 86 87 87 87 87 87 87 87 87 87 87 88 88 88 89 89 89 90 90 91 90 90 91 91 91 91 91 91 92 92 92 93 93 93 93 93 93 93 94 94 94 95 94 94 94 94 95 95 95 96 96 96 97 97 97 97 97 98 98 98 98 99 99 100 100 99 100 100 100 100 101 101 101 101 102 102 102 102 102 103 103 103 103 103 104 104 104 104 104 104 105 105 105 105 105 105 106 106 106 106 106 106 106 107 107 107 108 108 108 108 108 108 108 108 108 109 109 110 110 110 110 110 110 111 111 112 112 111 112 112 112 113 113 113 113 113 113 113 113 114 114 114 114 114 114 115 115 115 115 115 116 116 116 116 116 116 117 117 117 117 117 117 117 117 117 117 117 118 118 118 118 119 119 119 119 119 119 120 120 120 120 120 121 121 121 121 121 121 121 121 121 122 122 122 122 123 123 123 123 123 123 123 123 124 124 124 124 124 124 124 124 125 125 125 125 126 126 127 127 127 127 127 128 128 128 128 128 129 129 129 128 128 129 128 128 129 129 129 129 131 131 131 131 131 131 131 131 130 129 130 131 130 130 131 131 131 130 131 131 130 130 131 131 131 131 131 131 131 132 132 132 132 132 132 132 132 131 131 131 131 131 131 132 132 132 132 132 132 132 132 132 132 132 132 132 132 133 133 133 133 133 133 133 NA NA NA NA NA NA NA NA NA NA NA NA NA NA NA NA NA NA NA NA NA NA NA NA NA NA NA NA NA NA NA NA NA NA NA NA NA NA NA NA NA NA NA NA NA NA NA NA NA NA NA NA NA NA NA NA NA NA NA NA NA NA NA NA NA NA NA NA NA NA NA NA NA NA NA
NA NA NA NA NA NA NA NA NA NA NA NA NA NA NA NA NA NA NA NA NA NA NA NA NA NA NA NA NA NA NA NA NA NA NA NA NA NA NA NA NA NA NA NA NA NA NA NA NA NA NA NA NA NA NA NA NA NA NA NA NA NA NA NA NA NA NA NA NA NA NA NA NA NA NA NA NA NA 75 75 76 76 76 77 78 78 78 79 80 80 80 81 81 81 81 81 81 82 82 82 82 82 82 82 82 82 82 83 83 83 83 83 84 84 84 84 85 85 85 85 85 86 86 86 86 87 86 86 87 88 88 88 87 87 88 88 88 88 88 88 88 88 89 90 90 91 91 91 91 91 91 91 91 91 92 92 93 93 93 93 93 94 94 94 94 94 95 95 95 95 95 95 95 96 96 96 96 97 97 97 97 97 98 98 98 98 98 99 100 100 100 99 100 100 100 101 101 101 102 102 102 102 102 102 103 103 103 103 103 103 104 104 104 104 104 105 105 105 105 105 106 106 106 106 106 106 106 106 107 107 107 108 108 108 108 108 108 108 108 108 108 109 110 110 110 110 110 110 111 111 111 111 111 112 112 112 113 113 113 113 113 113 113 113 113 113 114 114 114 114 115 115 115 115 115 116 116 116 116 116 116 117 117 117 117 117 117 117 117 117 118 118 118 118 118 118 118 119 119 119 119 119 119 120 120 120 120 121 121 121 121 121 121 121 121 121 122 122 122 122 123 123 123 123 123 123 123 123 123 124 124 124 124 124 124 124 124 125 125 125 125 126 127 127 127 128 128 127 128 128 128 129 129 129 129 129 129 129 129 129 129 129 129 129 130 130 130 130 130 130 131 131 131 130 130 130 130 131 131 131 130 130 131 131 130 130 130 131 131 132 131 131 131 132 132 132 132 131 132 132 132 131 131 131 131 131 131 132 132 132 132 132 132 132 132 132 132 132 132 132 132 133 133 133 133 133 133 133 133 NA NA NA NA NA NA NA NA NA NA NA NA NA NA NA NA NA NA NA NA NA NA NA NA NA NA NA NA NA NA NA NA NA NA NA NA NA NA NA NA NA NA NA NA NA NA NA NA NA NA NA NA NA NA NA NA NA NA NA NA NA NA NA NA NA NA NA NA NA NA NA NA NA NA
NA NA NA NA NA NA NA NA NA NA NA NA NA NA NA NA NA NA NA NA NA NA NA NA NA NA NA NA NA NA NA NA NA NA NA NA NA NA NA NA NA NA NA NA NA NA NA NA NA NA NA NA NA NA NA NA NA NA NA NA NA NA NA NA NA NA NA NA NA NA NA NA NA NA NA NA NA NA 76 76 76 77 77 78 78 78 79 79 79 80 80 81 80 81 81 81 81 82 82 82 82 83 83 83 83 83 83 83 83 83 83 83 84 84 84 84 85 85 85 85 85 86 86 86 86 86 86 86 87 87 88 88 87 87 88 88 89 89 88 88 88 88 88 89 89 90 90 91 91 91 91 91 91 91 92 92 92 93 93 93 94 94 94 94 94 94 94 95 95 95 95 95 95 95 96 96 96 97 97 97 97 98 98 98 98 98 98 99 100 100 100 100 100 101 101 101 101 101 101 101 102 102 102 102 102 103 103 103 103 103 104 104 104 104 104 105 105 105 105 105 106 106 106 106 106 106 106 106 106 107 107 107 108 108 108 108 108 108 108 108 109 109 110 110 110 110 110 110 111 111 111 111 111 111 112 113 113 113 113 113 113 113 113 114 113 114 113 114 114 114 115 115 115 115 115 115 115 115 115 116 116 116 117 117 117 117 117 117 117 117 117 117 118 118 118 118 118 119 119 119 119 119 119 120 120 120 120 120 121 121 121 121 121 121 121 121 121 122 122 122 122 122 123 123 123 123 123 123 123 124 124 124 124 124 124 124 124 125 125 125 125 126 127 127 127 127 127 127 127 128 128 128 128 128 128 128 129 129 129 129 129 129 130 129 130 130 130 130 130 130 131 131 131 131 130 130 130 131 131 131 131 131 131 131 131 131 131 131 131 132 132 131 131 131 131 131 131 131 131 132 132 131 131 131 132 132 132 132 132 132 133 133 132 132 132 132 132 132 132 132 132 132 132 133 133 133 133 133 133 134 NA NA NA NA NA NA NA NA NA NA NA NA NA NA NA NA NA NA NA NA NA NA NA NA NA NA NA NA NA NA NA NA NA NA NA NA NA NA NA NA NA NA NA NA NA NA NA NA NA NA NA NA NA NA NA NA NA NA NA NA NA NA NA NA NA NA NA NA NA NA NA NA NA
NA NA NA NA NA NA NA NA NA NA NA NA NA NA NA NA NA NA NA NA NA NA NA NA NA NA NA NA NA NA NA NA NA NA NA NA NA NA NA NA NA NA NA NA NA NA NA NA NA NA NA NA NA NA NA NA NA NA NA NA NA NA NA NA NA NA NA NA NA NA NA NA NA NA NA NA NA NA NA 76 76 77 77 78 78 78 79 79 79 80 81 81 80 80 81 81 81 82 82 82 82 83 83 83 83 83 83 83 83 83 84 84 84 84 84 84 84 85 85 86 86 86 86 86 86 86 86 86 86 86 87 87 87 87 87 88 88 89 89 89 89 89 89 89 89 89 89 90 90 90 90 90 90 91 91 91 92 92 93 93 93 94 94 94 94 94 94 94 94 95 95 95 94 95 95 95 96 96 97 97 97 97 97 98 98 98 98 98 99 99 100 99 100 100 100 100 100 100 101 101 101 101 101 102 102 102 102 103 103 103 103 103 104 104 104 104 104 104 104 105 105 105 105 105 106 106 106 106 106 106 107 107 107 107 107 107 107 107 107 108 108 109 110 110 110 110 110 110 110 111 111 112 112 112 112 113 113 113 113 113 114 113 113 113 113 113 114 114 114 114 114 115 115 115 115 115 115 115 116 116 116 116 116 116 116 116 116 117 117 117 117 117 118 118 118 118 119 119 119 119 119 119 119 120 120 120 120 121 121 121 121 121 121 121 121 121 121 121 122 122 122 122 122 123 123 123 123 123 124 124 124 124 124 124 125 125 125 125 125 125 125 125 127 126 127 127 127 128 128 128 128 128 128 128 128 128 129 129 129 129 130 130 130 130 130 130 130 131 131 131 131 131 131 131 131 131 130 131 131 131 132 131 132 132 131 131 131 131 132 132 132 131 131 131 132 132 131 131 131 133 132 132 131 131 132 132 132 132 132 132 133 133 132 132 132 132 132 132 132 132 132 132 133 133 133 133 133 133 133 134 NA NA NA NA NA NA NA NA NA NA NA NA NA NA NA NA NA NA NA NA NA NA NA NA NA NA NA NA NA NA NA NA NA NA NA NA NA NA NA NA NA NA NA NA NA NA NA NA NA NA NA NA NA NA NA NA NA NA NA NA NA NA NA NA NA NA NA NA NA NA NA NA NA
NA NA NA NA NA NA NA NA NA NA NA NA NA NA NA NA NA NA NA NA NA NA NA NA NA NA NA NA NA NA NA NA NA NA NA NA NA NA NA NA NA NA NA NA NA NA NA NA NA NA NA NA NA NA NA NA NA NA NA NA NA NA NA NA NA NA NA NA NA NA NA NA NA NA NA NA NA NA NA NA 76 76 77 77 78 78 79 79 80 80 81 81 80 81 81 81 81 82 82 82 82 83 83 83 83 84 84 84 84 84 85 85 84 84 84 84 84 85 85 86 86 86 86 86 86 86 86 86 86 87 87 87 88 87 88 88 88 89 89 89 90 90 89 89 89 89 90 90 90 91 91 91 91 91 91 91 92 92 92 93 93 93 94 94 94 95 95 94 95 95 95 94 95 95 95 95 96 96 97 97 97 97 97 98 98 98 98 98 99 99 99 99 100 100 100 100 100 100 101 101 101 101 102 102 102 102 102 103 103 103 103 103 104 104 104 104 104 104 105 105 105 105 105 106 106 106 106 106 106 106 106 107 107 107 107 107 107 107 108 108 108 108 110 110 110 110 110 110 111 111 111 111 112 112 112 113 113 112 113 113 113 113 113 114 113 113 113 114 114 114 114 115 115 115 115 115 115 116 116 116 116 116 116 116 116 116 116 117 117 117 117 117 118 118 118 118 118 119 119 119 119 119 120 120 120 120 120 120 121 121 121 121 121 121 121 121 121 122 122 122 122 122 122 123 123 123 123 123 123 124 124 124 124 124 124 125 125 125 125 125 125 125 126 127 126 127 127 128 128 128 129 128 128 128 128 129 129 129 129 129 130 129 130 130 130 130 130 130 131 131 131 131 131 131 131 131 130 130 131 131 131 131 131 132 132 131 131 131 131 131 131 131 131 132 132 131 131 131 131 132 133 133 132 132 131 132 132 132 132 132 133 133 132 133 132 132 132 132 132 132 132 132 133 133 134 133 133 133 133 134 NA NA NA NA NA NA NA NA NA NA NA NA NA NA NA NA NA NA NA NA NA NA NA NA NA NA NA NA NA NA NA NA NA NA NA NA NA NA NA NA NA NA NA NA NA NA NA NA NA NA NA NA NA NA NA NA NA NA NA NA NA NA NA NA NA NA NA NA NA NA NA NA NA
NA NA NA NA NA NA NA NA NA NA NA NA NA NA NA NA NA NA NA NA NA NA NA NA NA NA NA NA NA NA NA NA NA NA NA NA NA NA NA NA NA NA NA NA NA NA NA NA NA NA NA NA NA NA NA NA NA NA NA NA NA NA NA NA NA NA NA NA NA NA NA NA NA NA NA NA NA NA NA NA NA 77 77 77 78 78 79 79 80 80 81 81 80 80 80 81 82 82 82 82 83 83 83 83 84 84 84 84 84 84 85 85 85 85 84 84 85 85 86 86 86 86 86 86 86 86 86 86 86 87 87 88 88 87 87 87 88 89 89 89 90 90 90 90 90 90 90 90 90 91 91 91 91 91 91 91 92 92 92 93 93 93 93 94 94 94 94 95 95 95 95 95 96 95 95 96 96 96 96 97 97 97 97 98 98 98 98 98 98 99 99 100 100 100 100 100 100 101 101 101 101 102 102 102 102 102 102 103 103 103 103 103 104 104 104 104 104 104 105 105 105 105 105 106 106 106 106 106 106 106 106 106 107 107 107 107 107 107 108 108 108 108 109 110 110 110 110 110 111 111 111 111 112 112 112 112 112 112 112 113 113 113 113 113 114 113 113 113 114 114 114 114 115 115 115 115 116 116 116 116 116 116 116 116 116 116 116 117 117 118 118 117 118 118 118 118 118 119 119 119 119 119 120 120 120 120 120 120 121 121 121 121 121 121 121 121 122 122 122 122 123 123 123 123 123 123 123 123 124 124 124 124 124 124 124 124 124 124 124 125 125 125 127 127 127 127 128 128 128 128 128 128 128 128 128 128 129 129 129 129 129 129 130 130 130 130 130 130 130 130 130 130 131 131 131 131 131 130 131 131 131 131 131 131 131 131 131 131 131 131 131 131 131 131 132 131 131 131 131 132 133 133 133 132 132 132 132 132 132 132 132 132 132 133 133 132 132 132 132 132 132 132 133 133 133 133 133 133 134 NA NA NA NA NA NA NA NA NA NA NA NA NA NA NA NA NA NA NA NA NA NA NA NA NA NA NA NA NA NA NA NA NA NA NA NA NA NA NA NA NA NA NA NA NA NA NA NA NA NA NA NA NA NA NA NA NA NA NA NA NA NA NA NA NA NA NA NA NA NA NA NA NA NA
NA NA NA NA NA NA NA NA NA NA NA NA NA NA NA NA NA NA NA NA NA NA NA NA NA NA NA NA NA NA NA NA NA NA NA NA NA NA NA NA NA NA NA NA NA NA NA NA NA NA NA NA NA NA NA NA NA NA NA NA NA NA NA NA NA NA NA NA NA NA NA NA NA NA NA NA NA NA NA NA NA NA NA 78 78 78 78 79 79 80 81 81 80 80 80 81 81 82 82 82 82 83 83 83 84 84 84 84 85 85 85 85 85 85 85 85 85 85 86 86 86 86 86 87 87 86 86 86 86 87 87 88 88 88 88 87 88 89 89 89 89 90 90 91 91 90 90 90 90 91 91 91 91 91 91 91 92 92 92 92 93 93 93 93 94 94 94 94 95 95 95 95 96 95 95 96 96 96 96 97 97 97 97 97 98 98 98 98 98 99 99 100 101 101 101 101 101 101 101 101 101 102 102 102 102 102 102 103 103 103 103 103 103 104 104 104 104 104 104 105 105 105 105 105 106 106 106 106 106 106 107 107 107 107 107 107 108 108 108 108 108 108 109 110 110 110 110 110 110 111 111 111 112 112 112 111 112 112 112 113 113 113 113 113 113 114 113 114 114 114 114 114 115 115 115 115 115 115 116 116 116 116 116 116 116 117 117 117 117 118 118 117 118 118 118 119 119 119 119 119 119 119 119 120 120 120 120 120 121 121 121 121 121 121 121 121 121 122 122 122 122 123 123 123 123 123 123 124 124 124 124 124 124 124 124 124 124 124 124 124 124 125 127 127 128 128 128 128 128 128 128 128 128 128 128 128 128 129 129 129 129 129 130 130 130 130 130 130 130 130 130 130 130 131 131 131 131 131 131 131 131 131 131 132 132 131 131 131 132 132 131 132 131 132 132 131 131 131 131 132 133 133 133 133 133 132 132 132 132 132 132 132 132 132 132 132 132 132 132 132 132 132 132 133 133 133 133 133 133 134 NA NA NA NA NA NA NA NA NA NA NA NA NA NA NA NA NA NA NA NA NA NA NA NA NA NA NA NA NA NA NA NA NA NA NA NA NA NA NA NA NA NA NA NA NA NA NA NA NA NA NA NA NA NA NA NA NA NA NA NA NA NA NA NA NA NA NA NA NA NA NA NA NA
NA NA NA NA NA NA NA NA NA NA NA NA NA NA NA NA NA NA NA NA NA NA NA NA NA NA NA NA NA NA NA NA NA NA NA NA NA NA NA NA NA NA NA NA NA NA NA NA NA NA NA NA NA NA NA NA NA NA NA NA NA NA NA NA NA NA NA NA NA NA NA NA NA NA NA NA NA NA NA NA NA NA NA NA 79 79 79 79 79 80 80 80 79 80 80 81 81 81 82 82 83 83 83 84 84 84 84 84 84 84 85 85 85 85 86 86 85 86 86 86 86 86 86 86 87 87 87 87 87 87 87 88 88 88 87 88 88 89 89 89 89 90 90 90 91 91 90 90 90 91 91 91 91 91 91 91 92 92 92 92 93 93 93 94 94 94 94 94 94 94 95 95 95 95 96 96 96 96 96 96 97 97 97 97 98 98 98 98 99 99 99 99 100 100 100 100 100 101 101 101 101 102 102 102 102 102 102 102 103 103 103 103 104 104 104 104 104 104 104 105 105 105 105 105 106 106 106 106 106 106 107 107 107 107 107 107 107 108 108 108 108 108 110 110 110 110 110 110 110 111 111 112 112 112 111 111 111 112 113 113 113 113 113 113 113 114 114 114 114 114 114 114 114 115 115 115 115 115 115 116 116 116 116 116 117 117 117 117 117 117 117 118 118 118 118 118 119 119 119 119 119 119 119 120 120 120 120 120 121 121 121 121 121 121 121 121 121 122 122 122 122 123 123 123 123 124 124 124 124 124 124 124 124 124 124 124 124 124 125 125 125 125 127 127 128 128 128 128 128 128 128 129 128 128 128 128 128 128 129 129 129 129 129 129 129 130 129 130 130 130 130 130 130 131 131 131 131 131 131 131 131 131 132 132 132 131 131 131 132 132 132 132 131 132 132 131 131 131 131 132 133 133 133 133 133 132 133 132 132 132 132 132 132 132 132 132 132 132 132 132 132 132 132 133 133 133 133 133 133 134 NA NA NA NA NA NA NA NA NA NA NA NA NA NA NA NA NA NA NA NA NA NA NA NA NA NA NA NA NA NA NA NA NA NA NA NA NA NA NA NA NA NA NA NA NA NA NA NA NA NA NA NA NA NA NA NA NA NA NA NA NA NA NA NA NA NA NA NA NA NA NA NA NA
NA NA NA NA NA NA NA NA NA NA NA NA NA NA NA NA NA NA NA NA NA NA NA NA NA NA NA NA NA NA NA NA NA NA NA NA NA NA NA NA NA NA NA NA NA NA NA NA NA NA NA NA NA NA NA NA NA NA NA NA NA NA NA NA NA NA NA NA NA NA NA NA NA NA NA NA NA NA NA NA NA NA NA NA 78 79 79 79 79 79 80 80 80 80 81 82 82 82 82 83 83 83 83 84 84 84 84 84 84 84 84 85 85 85 86 86 86 86 86 86 86 86 86 86 86 87 87 87 87 87 88 87 87 87 88 88 89 89 89 89 90 90 90 91 90 90 91 91 91 91 91 91 91 91 91 91 92 92 92 92 93 93 94 94 94 94 94 94 94 94 95 95 95 95 96 96 96 96 97 97 97 97 97 97 98 98 98 98 99 99 99 99 100 100 101 101 101 101 101 101 101 101 102 102 102 102 102 102 103 103 103 103 103 103 104 104 104 104 104 104 105 105 105 105 105 106 106 106 106 106 107 107 107 107 107 107 107 108 108 108 108 108 109 110 110 110 110 110 110 111 111 111 112 112 112 112 111 112 112 113 113 113 113 113 114 114 114 114 114 114 114 114 114 115 115 115 115 115 115 116 116 116 116 117 117 117 117 117 117 117 117 118 118 118 118 119 119 119 119 119 119 119 119 119 120 120 120 120 121 121 121 121 121 121 121 121 121 122 122 122 123 123 123 123 123 123 124 124 124 124 124 124 124 124 124 125 125 125 125 126 126 126 127 127 127 128 128 128 128 128 128 128 128 128 128 128 128 129 129 129 129 129 129 129 129 129 129 129 130 130 130 130 131 131 131 131 131 131 131 131 131 131 131 131 132 132 132 132 132 132 132 132 131 131 132 132 132 131 131 132 133 133 132 133 133 132 132 132 132 132 132 132 132 133 132 132 132 132 132 132 132 133 133 133 133 133 133 133 133 133 134 NA NA NA NA NA NA NA NA NA NA NA NA NA NA NA NA NA NA NA NA NA NA NA NA NA NA NA NA NA NA NA NA NA NA NA NA NA NA NA NA NA NA NA NA NA NA NA NA NA NA NA NA NA NA NA NA NA NA NA NA NA NA NA NA NA NA NA NA NA NA NA NA
NA NA NA NA NA NA NA NA NA NA NA NA NA NA NA NA NA NA NA NA NA NA NA NA NA NA NA NA NA NA NA NA NA NA NA NA NA NA NA NA NA NA NA NA NA NA NA NA NA NA NA NA NA NA NA NA NA NA NA NA NA NA NA NA NA NA NA NA NA NA NA NA NA NA NA NA NA NA NA NA NA NA NA NA 79 79 79 80 80 80 80 81 80 80 80 81 82 82 83 83 83 83 83 84 84 84 85 85 84 84 84 84 85 85 85 86 86 86 87 87 86 86 86 86 87 87 87 87 87 88 88 88 87 87 87 88 89 89 90 89 89 89 90 90 91 91 90 90 91 91 92 91 91 91 91 91 91 92 93 93 93 93 93 94 94 94 94 94 94 94 95 96 96 96 96 96 96 97 97 97 97 97 97 97 98 98 98 98 98 99 99 100 100 100 100 101 101 101 101 102 101 101 102 102 102 102 102 102 103 103 103 103 103 103 103 104 104 104 104 104 105 105 105 105 105 105 106 106 106 106 107 107 107 107 107 107 107 108 108 108 108 108 110 110 110 110 110 110 110 110 111 111 111 112 112 112 111 112 112 112 113 113 113 113 114 114 114 114 114 114 114 114 114 114 115 115 115 115 115 116 116 116 116 117 117 117 117 117 117 117 117 117 118 118 118 119 119 119 119 119 119 119 119 119 120 120 120 120 121 121 121 121 121 121 121 121 121 122 122 122 122 123 123 123 123 123 124 124 124 124 124 124 125 125 125 125 125 126 126 126 126 126 127 127 127 128 128 128 128 128 128 128 128 128 128 128 128 129 129 129 129 129 129 129 129 129 129 129 130 130 130 130 131 131 131 131 131 131 130 131 131 131 131 132 132 132 132 132 132 132 132 132 132 132 131 132 132 132 132 133 133 133 132 132 132 132 132 132 132 132 132 132 132 132 132 132 132 132 132 132 132 132 132 132 133 133 134 134 133 134 134 NA NA NA NA NA NA NA NA NA NA NA NA NA NA NA NA NA NA NA NA NA NA NA NA NA NA NA NA NA NA NA NA NA NA NA NA NA NA NA NA NA NA NA NA NA NA NA NA NA NA NA NA NA NA NA NA NA NA NA NA NA NA NA NA NA NA NA NA NA NA NA NA
NA NA NA NA NA NA NA NA NA NA NA NA NA NA NA NA NA NA NA NA NA NA NA NA NA NA NA NA NA NA NA NA NA NA NA NA NA NA NA NA NA NA NA NA NA NA NA NA NA NA NA NA NA NA NA NA NA NA NA NA NA NA NA NA NA NA NA NA NA NA NA NA NA NA NA NA NA NA NA NA NA NA NA NA 80 80 80 80 80 80 80 81 80 81 81 82 82 82 83 83 83 83 83 84 84 84 84 85 85 85 85 85 85 85 85 85 86 86 87 87 87 87 87 87 87 87 87 87 88 88 88 88 88 87 88 89 89 89 89 89 90 90 90 90 90 90 91 91 91 91 92 91 91 91 91 92 92 92 92 92 93 93 94 93 94 94 95 94 94 94 95 95 96 96 96 96 96 96 97 97 97 98 97 97 98 98 98 98 98 99 99 100 100 100 100 100 100 100 101 101 101 101 102 102 102 102 102 102 102 102 102 103 103 103 103 103 104 104 104 104 105 105 105 105 105 105 106 106 106 106 106 107 107 107 107 107 107 107 108 108 108 108 110 110 110 110 110 110 110 110 111 111 111 112 112 111 111 112 112 112 113 113 112 113 114 114 114 114 114 114 114 114 114 114 115 115 115 115 115 116 116 116 116 116 117 117 117 117 117 117 117 117 118 118 118 119 119 119 119 119 119 119 119 119 120 120 120 120 120 121 121 121 121 121 121 121 122 122 122 122 122 122 122 123 123 123 123 124 124 124 124 124 125 125 125 125 125 126 126 126 126 126 127 127 128 128 128 128 128 128 128 128 128 128 128 128 129 128 129 129 129 129 129 129 129 129 129 130 130 130 130 130 130 130 130 131 131 131 130 131 131 131 131 131 132 132 132 132 133 132 132 132 132 132 132 131 131 131 132 132 133 133 132 132 131 131 131 132 132 132 132 132 132 132 132 132 132 132 132 132 132 132 133 133 133 133 133 134 134 133 134 134 NA NA NA NA NA NA NA NA NA NA NA NA NA NA NA NA NA NA NA NA NA NA NA NA NA NA NA NA NA NA NA NA NA NA NA NA NA NA NA NA NA NA NA NA NA NA NA NA NA NA NA NA NA NA NA NA NA NA NA NA NA NA NA NA NA NA NA NA NA NA NA
NA NA NA NA NA NA NA NA NA NA NA NA NA NA NA NA NA NA NA NA NA NA NA NA NA NA NA NA NA NA NA NA NA NA NA NA NA NA NA NA NA NA NA NA NA NA NA NA NA NA NA NA NA NA NA NA NA NA NA NA NA NA NA NA NA NA NA NA NA NA NA NA NA NA NA NA NA NA NA NA NA NA NA NA NA 80 81 81 80 80 80 81 80 81 82 82 82 82 82 83 83 83 83 84 84 84 84 85 85 85 85 86 85 85 85 85 85 86 86 86 86 87 87 87 87 88 88 88 88 88 88 88 88 88 88 89 89 89 89 90 90 90 90 90 90 91 92 91 91 92 92 92 92 92 92 92 92 92 92 93 93 93 94 94 94 94 95 94 94 95 95 95 95 95 96 96 96 97 97 97 98 98 98 98 98 98 98 99 98 99 99 100 100 101 100 100 100 100 100 100 101 101 101 101 102 102 102 103 103 103 102 103 103 103 103 103 104 104 104 104 105 105 105 105 105 105 106 106 106 106 106 107 107 107 107 107 107 107 108 108 108 108 110 110 110 110 110 110 110 110 110 111 111 111 112 112 112 111 111 112 113 112 112 113 114 114 113 113 114 114 114 114 115 114 115 115 115 115 116 116 116 116 116 116 117 117 117 117 117 117 117 118 118 118 119 119 119 119 119 119 119 119 119 119 120 120 120 120 120 120 120 120 121 121 121 121 122 121 121 121 122 122 123 123 123 123 123 124 124 124 124 124 125 125 125 125 125 125 125 126 125 125 127 127 127 128 128 128 128 128 128 128 128 128 128 128 128 128 129 129 129 129 129 129 129 129 129 130 130 130 130 130 130 130 130 131 131 131 131 130 131 131 131 131 131 131 131 132 132 132 132 131 131 131 131 131 132 132 132 132 132 133 132 132 132 132 132 132 132 132 132 132 132 132 132 132 132 132 132 132 133 132 133 133 133 133 133 133 133 133 133 133 134 NA NA NA NA NA NA NA NA NA NA NA NA NA NA NA NA NA NA NA NA NA NA NA NA NA NA NA NA NA NA NA NA NA NA NA NA NA NA NA NA NA NA NA NA NA NA NA NA NA NA NA NA NA NA NA NA NA NA NA NA NA NA NA NA NA NA NA NA NA NA
NA NA NA NA NA NA NA NA NA NA NA NA NA NA NA NA NA NA NA NA NA NA NA NA NA NA NA NA NA NA NA NA NA NA NA NA NA NA NA NA NA NA NA NA NA NA NA NA NA NA NA NA NA NA NA NA NA NA NA NA NA NA NA NA NA NA NA NA NA NA NA NA NA NA NA NA NA NA NA NA NA NA NA NA NA 80 81 81 81 81 80 81 80 81 82 82 82 83 83 83 83 83 83 84 84 84 84 85 85 85 86 86 85 85 85 86 86 86 86 86 86 86 87 87 88 88 88 88 88 88 88 88 88 87 88 89 89 89 90 90 90 90 90 90 90 91 91 91 91 92 92 92 92 91 91 91 91 92 92 93 93 93 94 94 94 94 95 95 94 95 95 95 96 96 96 97 97 97 97 97 98 98 98 98 98 99 98 98 99 99 99 100 101 101 100 100 101 101 101 101 101 101 101 101 101 101 102 102 103 103 103 102 103 103 103 104 104 104 104 104 104 104 105 105 105 105 106 106 106 106 106 106 107 107 107 107 107 107 108 108 108 108 109 110 110 110 110 110 110 110 110 110 111 111 111 112 112 112 112 112 112 112 113 113 113 113 113 113 113 114 114 114 115 115 115 115 115 115 115 116 116 116 116 116 116 117 117 117 117 117 117 117 118 118 119 119 119 119 119 119 119 119 119 119 119 120 120 120 120 120 120 120 121 121 121 121 122 121 121 121 122 122 122 123 123 123 123 124 124 124 124 124 124 125 124 125 125 125 125 125 125 125 127 127 127 127 128 128 128 128 128 128 128 128 128 128 128 128 129 129 129 129 129 129 129 129 129 130 130 130 130 130 130 130 131 131 131 131 131 130 131 131 131 131 131 131 132 132 132 132 132 131 131 131 131 131 132 132 132 132 132 132 132 132 132 132 132 132 132 132 132 132 132 132 132 132 132 132 132 132 132 133 133 133 133 133 133 133 133 133 133 133 133 133 134 NA NA NA NA NA NA NA NA NA NA NA NA NA NA NA NA NA NA NA NA NA NA NA NA NA NA NA NA NA NA NA NA NA NA NA NA NA NA NA NA NA NA NA NA NA NA NA NA NA NA NA NA NA NA NA NA NA NA NA NA NA NA NA NA NA NA NA NA
NA NA NA NA NA NA NA NA NA NA NA NA NA NA NA NA NA NA NA NA NA NA NA NA NA NA NA NA NA NA NA NA NA NA NA NA NA NA NA NA NA NA NA NA NA NA NA NA NA NA NA NA NA NA NA NA NA NA NA NA NA NA NA NA NA NA NA NA NA NA NA NA NA NA NA NA NA NA NA NA NA NA NA NA NA NA 80 81 81 81 81 81 80 81 82 82 82 83 83 83 84 84 84 84 84 84 85 85 85 85 86 86 86 86 85 86 86 86 86 87 86 86 86 87 87 88 88 88 88 88 88 88 87 88 89 89 89 89 90 90 90 90 90 91 91 91 91 91 90 91 91 91 91 91 91 91 92 92 93 93 93 93 93 94 95 95 95 95 95 95 96 95 95 95 96 96 97 97 97 97 98 98 98 98 99 99 98 99 99 99 100 99 100 100 99 101 101 102 102 101 101 101 101 101 101 101 101 102 102 102 102 102 102 102 103 104 104 104 104 104 104 105 105 105 105 105 106 106 106 106 106 106 106 107 107 107 107 107 107 108 108 108 109 109 110 110 110 110 110 111 111 111 111 111 111 111 112 112 112 112 112 112 113 113 113 113 113 113 113 114 114 114 115 115 115 115 115 115 115 116 116 116 116 116 116 117 117 117 117 117 118 118 118 118 118 118 119 119 119 119 119 119 119 119 119 119 120 120 120 120 120 120 120 121 121 121 121 121 121 121 122 122 122 123 123 123 123 123 124 124 124 124 124 124 125 125 125 125 125 125 125 125 127 127 127 127 128 128 127 128 129 128 128 128 128 128 128 128 129 129 129 129 129 129 129 129 129 129 130 130 130 130 130 130 130 130 131 131 131 131 131 131 131 131 131 131 132 132 133 132 132 131 131 131 131 131 132 132 132 132 131 131 132 132 132 132 132 132 132 132 132 132 132 132 132 132 132 132 132 132 132 132 132 132 133 133 133 133 133 133 133 133 133 133 133 134 NA NA NA NA NA NA NA NA NA NA NA NA NA NA NA NA NA NA NA NA NA NA NA NA NA NA NA NA NA NA NA NA NA NA NA NA NA NA NA NA NA NA NA NA NA NA NA NA NA NA NA NA NA NA NA NA NA NA NA NA NA NA NA NA NA NA NA
NA NA NA NA NA NA NA NA NA NA NA NA NA NA NA NA NA NA NA NA NA NA NA NA NA NA NA NA NA NA NA NA NA NA NA NA NA NA NA NA NA NA NA NA NA NA NA NA NA NA NA NA NA NA NA NA NA NA NA NA NA NA NA NA NA NA NA NA NA NA NA NA NA NA NA NA NA NA NA NA NA NA NA NA NA 80 80 80 81 82 81 81 80 80 81 81 82 83 84 84 84 84 84 84 84 84 85 85 85 86 86 86 86 87 86 86 86 86 87 87 86 86 86 86 87 87 87 88 88 88 88 87 88 89 89 90 89 89 90 90 90 90 90 91 91 91 91 91 91 91 91 91 92 92 92 91 91 92 93 93 93 94 94 94 95 94 95 95 96 96 96 96 96 96 96 96 97 97 97 97 98 98 98 98 99 99 99 99 99 99 99 99 100 100 100 100 101 101 102 102 102 101 101 101 101 101 101 102 102 102 102 102 103 103 103 104 104 105 104 104 104 105 106 105 105 105 105 106 106 106 106 106 106 106 107 107 107 107 107 108 108 108 109 109 110 110 110 110 110 111 111 111 111 111 111 112 112 112 112 112 112 112 113 113 113 113 113 113 113 114 114 114 115 114 115 115 115 115 115 115 116 116 116 116 116 116 117 117 117 117 117 117 118 118 118 119 119 119 119 119 119 120 120 120 120 120 120 120 120 120 120 120 120 120 121 121 121 121 121 121 121 122 123 123 123 123 123 123 124 124 124 124 124 124 125 125 125 125 125 125 125 125 127 127 127 127 128 127 127 128 128 128 128 127 127 128 128 128 128 129 129 129 129 129 129 129 129 129 129 130 130 130 130 130 130 130 130 131 131 131 131 131 131 131 131 131 131 132 132 132 132 131 131 131 131 131 132 132 131 132 132 132 132 132 132 132 132 132 132 132 132 132 132 132 132 132 132 132 132 132 132 132 132 133 133 133 132 133 133 133 132 133 133 133 133 133 133 134 134 134 NA NA NA NA NA NA NA NA NA NA NA NA NA NA NA NA NA NA NA NA NA NA NA NA NA NA NA NA NA NA NA NA NA NA NA NA NA NA NA NA NA NA NA NA NA NA NA NA NA NA NA NA NA NA NA NA NA NA NA NA NA NA NA
NA NA NA NA NA NA NA NA NA NA NA NA NA NA NA NA NA NA NA NA NA NA NA NA NA NA NA NA NA NA NA NA NA NA NA NA NA NA NA NA NA NA NA NA NA NA NA NA NA NA NA NA NA NA NA NA NA NA NA NA NA NA NA NA NA NA NA NA NA NA NA NA NA NA NA NA NA NA NA NA NA NA NA NA 79 80 80 80 81 82 82 82 80 81 81 81 82 82 83 83 83 83 84 85 85 85 85 85 86 86 86 86 86 87 87 87 87 87 87 87 87 87 87 87 87 87 87 87 88 88 88 88 88 89 89 90 90 90 90 90 90 90 90 91 91 91 91 92 92 91 91 91 92 93 93 92 91 92 92 93 93 93 93 94 94 94 94 95 95 95 96 96 96 96 96 96 97 98 98 98 98 98 98 99 99 99 99 100 100 100 99 100 101 101 100 101 101 101 102 102 102 102 101 101 101 102 102 102 101 102 102 102 103 103 103 103 104 105 104 104 104 105 106 106 106 105 105 106 107 107 107 107 107 106 107 107 107 107 107 108 108 108 110 110 110 110 110 110 110 110 111 111 111 111 111 111 111 112 112 112 113 112 113 113 113 113 113 113 113 113 114 114 114 114 114 115 115 115 115 115 116 116 116 116 116 116 117 117 117 117 117 117 118 118 118 119 119 119 119 119 120 120 120 120 120 120 120 119 120 120 121 121 120 121 121 121 121 121 121 121 121 122 122 123 123 123 123 123 124 124 124 124 124 125 125 125 125 125 125 125 125 125 127 127 127 127 127 127 128 128 128 128 128 128 128 128 128 128 128 128 128 128 129 129 129 129 129 129 129 129 129 129 129 130 130 130 130 130 131 131 131 131 131 131 131 131 131 131 132 132 132 132 131 132 132 132 132 132 132 132 131 132 132 132 132 132 132 132 132 132 132 132 132 132 132 132 132 132 132 132 133 132 132 133 133 133 133 132 132 132 132 132 133 133 133 133 133 133 134 134 NA NA NA NA NA NA NA NA NA NA NA NA NA NA NA NA NA NA NA NA NA NA NA NA NA NA NA NA NA NA NA NA NA NA NA NA NA NA NA NA NA NA NA NA NA NA NA NA NA NA NA NA NA NA NA NA NA NA NA NA NA NA NA
NA NA NA NA NA NA NA NA NA NA NA NA NA NA NA NA NA NA NA NA NA NA NA NA NA NA NA NA NA NA NA NA NA NA NA NA NA NA NA NA NA NA NA NA NA NA NA NA NA NA NA NA NA NA NA NA NA NA NA NA NA NA NA NA NA NA NA NA NA NA NA NA NA NA NA NA NA NA NA NA NA 77 NA NA 79 79 80 81 81 82 82 82 81 81 82 82 83 83 83 83 83 83 83 84 84 84 85 85 86 86 86 86 86 87 87 87 87 87 87 87 88 88 88 88 88 88 88 88 88 88 88 88 88 89 89 90 89 90 90 91 91 91 91 91 91 91 91 91 91 91 91 91 92 92 92 92 92 92 92 92 93 93 93 94 94 94 95 95 95 96 96 96 96 97 97 97 97 97 97 98 98 98 98 98 99 99 99 100 100 100 100 100 101 101 100 101 102 102 102 102 103 102 102 101 101 101 102 101 101 102 103 103 103 103 103 104 104 105 105 105 105 105 105 106 106 106 105 106 106 107 107 108 107 107 107 107 107 107 107 107 108 108 109 109 110 110 110 110 110 110 111 111 111 111 111 111 111 111 111 112 112 112 113 113 112 113 113 113 114 114 114 114 114 114 114 115 115 115 115 115 116 116 116 116 116 116 116 117 117 117 117 117 118 118 118 118 119 119 119 119 119 119 120 120 120 120 120 120 120 121 121 121 121 121 121 121 121 121 122 122 122 122 123 123 123 123 123 123 123 124 124 124 124 125 125 125 125 125 125 125 125 125 127 127 127 127 127 127 127 128 128 128 128 129 129 128 128 128 128 128 128 128 128 129 128 129 129 129 128 129 129 129 129 130 130 129 130 130 130 130 130 130 130 131 131 131 131 131 131 131 131 132 132 132 132 132 132 132 132 132 131 132 132 132 132 132 132 132 132 132 132 132 132 131 132 132 132 132 132 132 133 133 133 132 132 133 133 133 133 133 133 132 132 132 132 133 133 133 133 133 134 NA NA NA NA NA NA NA NA NA NA NA NA NA NA NA NA NA NA NA NA NA NA NA NA NA NA NA NA NA NA NA NA NA NA NA NA NA NA NA NA NA NA NA NA NA NA NA NA NA NA NA NA NA NA NA NA NA NA NA NA NA NA
NA NA NA NA NA NA NA NA NA NA NA NA NA NA NA NA NA NA NA NA NA NA NA NA NA NA NA NA NA NA NA NA NA NA NA NA NA NA NA NA NA NA NA NA NA NA NA NA NA NA NA NA NA NA NA NA NA NA NA NA NA NA NA NA NA NA NA NA NA NA NA NA NA NA NA NA NA NA NA NA NA 78 78 78 79 79 80 80 80 81 81 82 81 81 82 82 82 82 83 83 84 84 83 83 83 84 85 85 86 86 86 86 86 87 87 87 87 86 87 87 87 88 88 88 88 88 89 89 89 89 89 89 88 89 90 90 90 89 90 90 91 91 91 92 92 92 91 91 91 92 92 91 92 91 92 92 92 92 93 92 93 93 93 94 94 94 94 95 95 96 96 96 96 96 97 97 97 97 97 98 98 99 99 99 99 99 99 99 100 101 100 100 100 100 100 101 102 102 102 103 102 102 102 102 101 101 101 101 102 103 103 103 104 104 104 104 104 104 104 105 106 105 105 105 105 105 105 106 106 107 107 107 108 107 107 107 107 107 107 107 108 108 109 110 110 110 110 110 110 110 110 111 111 111 111 111 111 111 111 112 112 112 112 112 112 113 113 113 113 114 114 114 114 114 114 115 115 115 115 115 116 116 116 116 116 116 116 117 117 117 117 118 118 118 118 118 118 119 119 119 119 119 119 120 120 120 120 120 120 121 121 121 121 121 122 122 122 122 122 122 121 122 122 123 123 123 123 123 123 124 124 124 124 124 125 125 125 125 125 125 125 125 127 127 127 127 127 127 127 127 127 128 128 128 128 129 129 128 128 128 129 129 129 129 129 129 129 130 129 129 129 129 129 129 129 129 129 130 130 130 130 130 130 130 130 131 131 131 131 131 131 132 132 132 131 132 132 132 132 132 132 132 132 132 132 132 132 132 132 132 132 132 132 131 132 132 132 132 132 132 132 132 132 132 132 132 133 133 133 134 134 133 133 133 133 133 133 133 133 133 NA NA NA NA NA NA NA NA NA NA NA NA NA NA NA NA NA NA NA NA NA NA NA NA NA NA NA NA NA NA NA NA NA NA NA NA NA NA NA NA NA NA NA NA NA NA NA NA NA NA NA NA NA NA NA NA NA NA NA NA NA NA NA
NA NA NA NA NA NA NA NA NA NA NA NA NA NA NA NA NA NA NA NA NA NA NA NA NA NA NA NA NA NA NA NA NA NA NA NA NA NA NA NA NA NA NA NA NA NA NA NA NA NA NA NA NA NA NA NA NA NA NA NA NA NA NA NA NA NA NA NA NA NA NA NA NA NA NA NA NA NA NA NA NA 78 79 79 79 79 79 79 79 79 80 81 80 81 81 81 82 82 83 83 84 84 84 84 84 84 84 85 85 86 86 86 87 87 87 87 87 87 86 87 87 87 87 87 88 88 88 89 88 89 89 89 88 89 90 90 90 90 90 90 90 91 91 92 92 92 91 91 92 93 92 92 91 91 91 92 92 92 93 93 93 93 93 94 94 94 95 96 96 95 95 95 96 96 97 97 97 97 97 98 98 98 99 99 100 100 100 100 100 101 101 100 100 100 100 101 101 102 103 102 102 101 101 102 102 102 101 101 101 102 102 103 103 104 105 105 105 105 105 104 104 105 105 105 105 106 106 106 106 107 107 108 108 107 107 107 107 107 107 107 108 108 109 109 109 110 110 110 110 110 110 110 111 111 111 111 111 112 112 112 112 112 112 112 113 113 113 113 113 114 114 114 114 114 115 115 115 115 115 115 116 116 116 116 116 116 116 116 117 117 117 118 118 118 118 118 118 118 119 119 119 119 119 119 120 120 120 120 120 121 121 121 121 122 122 122 122 122 122 122 121 122 122 122 123 123 123 123 123 124 124 124 124 124 125 125 125 125 125 125 125 126 127 127 127 127 127 127 128 128 127 128 128 129 128 128 128 128 128 129 129 129 129 129 128 129 129 130 130 130 130 129 130 130 130 129 130 130 130 131 131 131 131 131 131 130 131 131 131 131 132 132 132 131 131 131 132 132 132 132 132 132 132 132 132 132 132 132 132 132 132 132 132 131 132 132 132 132 132 132 132 132 133 133 133 133 132 133 133 133 134 134 134 134 133 133 133 132 133 133 NA NA NA NA NA NA NA NA NA NA NA NA NA NA NA NA NA NA NA NA NA NA NA NA NA NA NA NA NA NA NA NA NA NA NA NA NA NA NA NA NA NA NA NA NA NA NA NA NA NA NA NA NA NA NA NA NA NA NA NA NA NA NA
NA NA NA NA NA NA NA NA NA NA NA NA NA NA NA NA NA NA NA NA NA NA NA NA NA NA NA NA NA NA NA NA NA NA NA NA NA NA NA NA NA NA NA NA NA NA NA NA NA NA NA NA NA NA NA NA NA NA NA NA NA NA NA NA NA NA NA NA NA NA NA NA NA NA NA NA NA NA NA NA NA NA 78 79 79 80 80 80 81 81 80 80 79 80 80 81 82 82 83 83 83 84 84 83 84 84 84 85 85 86 86 86 87 87 87 88 87 87 87 87 88 88 88 88 88 88 88 88 88 88 88 89 88 89 90 90 90 90 90 90 91 91 91 91 92 91 91 91 92 92 92 91 91 91 92 92 93 93 93 93 93 93 93 94 94 94 94 95 95 95 95 95 96 96 97 97 97 97 98 98 98 98 98 99 99 99 99 100 101 100 100 100 100 100 100 101 101 101 102 103 102 102 101 101 102 102 101 101 101 102 103 103 103 103 104 105 105 104 104 104 104 104 105 105 105 105 106 106 107 107 107 107 108 108 108 107 107 107 107 107 108 108 109 109 110 109 110 110 110 110 110 110 111 111 111 111 111 112 112 112 112 112 112 112 112 113 113 113 113 114 114 114 114 114 115 115 115 115 115 116 116 116 116 116 116 116 116 116 117 117 117 117 118 118 118 118 118 118 119 119 119 119 120 120 120 120 120 120 120 121 121 121 121 122 122 122 122 121 121 122 121 122 122 122 122 123 123 123 123 124 124 124 124 124 124 125 125 125 125 125 125 126 127 127 127 127 127 127 128 128 128 128 128 128 129 128 129 128 128 129 130 129 129 129 129 129 129 129 130 130 130 130 131 131 130 131 131 131 131 132 132 132 132 131 131 131 131 131 131 131 132 132 132 132 131 131 131 131 131 131 131 132 132 132 132 132 132 132 132 132 132 132 132 131 132 132 132 132 132 132 132 132 133 133 134 133 133 133 133 133 133 133 134 134 134 133 133 133 133 133 133 NA NA NA NA NA NA NA NA NA NA NA NA NA NA NA NA NA NA NA NA NA NA NA NA NA NA NA NA NA NA NA NA NA NA NA NA NA NA NA NA NA NA NA NA NA NA NA NA NA NA NA NA NA NA NA NA NA NA NA NA NA NA
NA NA NA NA NA NA NA NA NA NA NA NA NA NA NA NA NA NA NA NA NA NA NA NA NA NA NA NA NA NA NA NA NA NA NA NA NA NA NA NA NA NA NA NA NA NA NA NA NA NA NA NA NA 74 NA NA NA NA NA NA NA NA NA NA NA 75 74 NA NA NA NA NA NA NA NA NA NA NA NA NA NA 78 79 79 80 80 80 81 81 82 81 81 80 80 80 80 81 82 83 83 83 84 84 84 84 84 85 85 86 86 86 86 87 87 88 88 88 88 87 88 88 89 89 88 89 89 89 89 89 89 89 90 90 89 89 90 91 91 91 91 91 92 91 92 93 93 92 92 92 92 92 92 92 92 93 93 93 94 94 93 93 93 94 94 94 94 94 94 95 95 95 95 96 97 97 97 97 98 98 98 98 98 98 99 99 99 100 100 101 100 100 100 101 101 101 101 101 101 102 103 102 101 102 102 101 102 102 102 102 102 103 103 103 104 105 105 106 105 105 104 104 105 105 105 106 105 105 106 106 106 106 107 107 108 108 107 107 107 107 107 108 108 109 109 109 110 110 110 110 110 110 111 111 111 111 111 111 112 112 112 112 112 112 112 112 113 113 113 113 114 114 114 114 114 115 115 115 115 115 116 116 116 116 116 116 116 116 116 116 117 117 117 118 118 118 118 118 119 119 119 119 119 120 120 120 120 120 120 120 120 121 121 121 121 121 122 122 122 122 122 122 122 122 122 123 123 123 123 123 124 124 124 124 124 124 125 125 125 125 125 125 126 127 127 127 127 127 127 128 128 129 128 128 129 129 129 129 128 128 128 129 130 129 129 130 130 130 130 130 131 131 131 132 132 131 132 132 132 132 132 132 132 132 132 131 131 131 131 131 131 131 132 132 132 132 131 131 131 131 131 131 131 132 132 132 132 132 132 132 132 132 132 132 132 132 132 132 132 132 132 133 132 132 133 133 134 133 133 133 133 133 134 134 134 134 134 134 133 134 134 133 NA NA NA NA NA NA NA NA NA NA NA NA NA NA NA NA NA NA NA NA NA NA NA NA NA NA NA NA NA NA NA NA NA NA NA NA NA NA NA NA NA NA NA NA NA NA NA NA NA NA NA NA NA NA NA NA NA NA NA NA NA NA
NA NA NA NA NA NA NA NA NA NA NA NA NA NA NA NA NA NA NA NA NA NA NA NA NA NA NA NA NA NA NA NA NA NA NA NA NA NA NA NA NA NA NA NA NA NA NA NA NA NA NA NA NA NA NA 75 NA 75 NA NA NA NA NA 76 75 75 75 75 NA NA NA NA NA NA NA NA NA NA NA NA NA NA 78 79 79 80 80 81 81 82 82 82 81 81 82 81 81 81 82 83 83 84 83 84 84 84 85 85 85 86 86 86 86 87 87 87 88 88 88 88 88 88 88 88 89 89 90 89 90 90 90 90 91 91 90 90 91 91 92 92 92 92 91 91 92 93 93 93 93 93 93 93 92 93 93 93 93 93 93 93 93 94 94 94 94 95 94 94 94 95 95 95 96 97 97 97 97 98 97 97 97 98 98 99 99 99 100 101 101 101 101 101 102 102 102 102 102 102 102 103 102 102 102 102 102 101 101 102 102 102 102 102 103 104 105 105 105 105 105 105 106 106 106 106 105 105 105 106 106 106 107 107 108 108 108 108 107 107 108 108 108 108 109 109 109 109 109 110 110 110 110 111 111 111 111 111 111 112 112 112 112 112 112 112 113 113 113 113 113 113 114 114 114 114 115 115 115 115 115 115 116 116 116 116 116 116 116 117 117 117 117 117 117 118 118 118 118 119 119 119 119 119 120 120 120 120 120 120 120 121 121 121 121 121 121 122 122 122 122 122 122 122 122 122 123 123 123 123 123 123 124 124 124 124 125 125 125 125 125 125 125 125 127 127 127 127 127 127 128 128 128 129 129 129 129 129 129 129 129 129 129 130 130 130 130 131 130 130 130 131 131 131 131 132 132 132 132 132 132 132 132 132 131 132 131 131 131 131 131 132 132 131 131 131 131 131 131 131 131 131 132 132 132 132 132 132 132 132 132 132 132 132 132 132 132 132 132 132 132 132 132 132 133 133 133 133 134 133 133 133 133 133 133 133 134 134 134 134 134 135 135 NA NA NA NA NA NA NA NA NA NA NA NA NA NA NA NA NA NA NA NA NA NA NA NA NA NA NA NA NA NA NA NA NA NA NA NA NA NA NA NA NA NA NA NA NA NA NA NA NA NA NA NA NA NA NA NA NA NA NA NA NA NA
NA NA NA NA NA NA NA NA NA NA NA NA NA NA NA NA NA NA NA NA NA NA NA NA NA NA NA NA NA NA NA NA NA NA NA NA NA NA NA NA NA NA NA NA NA NA NA NA NA NA NA NA 73 74 74 75 75 75 76 76 76 76 77 76 75 75 75 75 75 75 NA NA NA NA NA NA NA NA NA NA NA NA NA 78 79 79 80 80 80 81 82 82 81 82 82 82 82 82 81 82 83 84 83 84 84 84 85 85 85 85 86 86 86 86 87 87 88 88 88 88 88 88 88 88 89 89 89 89 89 90 90 90 90 91 90 90 90 91 92 92 92 92 92 92 92 92 92 93 93 93 93 93 92 92 92 93 92 92 93 94 94 94 94 94 94 95 95 95 95 95 95 96 96 97 97 97 97 97 97 98 98 98 98 98 99 99 100 100 101 101 102 102 103 103 103 102 103 103 103 103 102 102 103 102 102 102 102 102 102 103 102 102 103 104 104 104 105 104 105 105 105 105 106 105 105 105 106 106 106 106 107 107 107 107 108 108 108 108 108 108 107 108 109 109 109 110 110 110 110 110 110 111 111 111 111 111 111 111 112 112 112 113 113 113 113 113 113 113 113 113 114 114 114 114 114 115 115 115 115 115 116 116 116 116 116 116 117 117 117 117 117 117 118 118 118 118 118 119 119 119 119 119 120 120 120 120 120 120 120 121 121 121 121 121 121 121 122 122 122 122 122 122 122 122 123 123 123 123 123 123 124 124 124 124 125 125 125 125 125 125 125 125 127 127 127 127 127 127 128 128 128 129 129 128 129 129 129 129 129 129 129 130 131 131 131 131 131 131 131 130 130 130 131 131 132 132 132 132 132 132 132 132 132 132 132 132 132 131 131 132 131 131 132 132 132 131 131 131 131 132 132 132 132 132 132 132 132 132 132 132 132 132 132 132 132 132 132 132 132 132 132 133 133 133 133 133 133 133 134 134 133 133 133 134 134 134 134 134 134 134 135 NA NA NA NA NA NA NA NA NA NA NA NA NA NA NA NA NA NA NA NA NA NA NA NA NA NA NA NA NA NA NA NA NA NA NA NA NA NA NA NA NA NA NA NA NA NA NA NA NA NA NA NA NA NA NA NA NA NA NA NA NA NA
NA NA NA NA NA NA NA NA NA NA NA NA NA NA NA NA NA NA NA NA NA NA NA NA NA NA NA NA NA NA NA NA NA NA NA NA NA NA NA NA NA NA NA NA NA NA NA NA NA NA NA NA 74 74 74 75 76 76 76 75 75 75 75 75 75 75 76 76 76 NA NA NA NA 77 78 79 NA NA NA NA NA NA 79 79 79 79 80 80 81 81 81 82 82 82 82 82 82 82 82 82 82 83 83 85 84 84 85 85 85 85 86 86 86 87 87 87 88 88 88 89 89 88 88 89 90 90 90 89 89 89 89 90 90 90 90 90 91 91 91 92 92 92 93 93 92 92 92 92 93 93 93 93 93 93 93 92 92 93 94 94 94 94 95 95 95 95 95 95 95 95 95 96 96 97 97 97 97 97 98 99 99 99 99 99 99 100 100 100 101 101 101 102 103 103 103 103 103 103 103 103 102 103 103 102 102 102 102 102 102 102 102 102 102 103 103 103 104 104 104 104 105 106 106 106 106 105 106 106 106 106 107 107 108 108 108 108 109 109 108 108 108 108 109 109 109 110 110 110 110 110 110 111 111 111 111 111 111 112 112 112 113 113 113 113 112 113 113 113 113 113 114 114 114 114 114 114 115 115 115 115 115 116 116 116 116 116 116 116 117 117 117 117 118 118 118 118 118 119 119 119 119 119 119 120 120 120 120 120 120 120 121 121 121 121 121 121 122 122 122 122 122 122 122 122 123 123 123 123 123 123 123 124 124 124 125 125 125 125 125 125 125 125 127 127 127 127 127 127 128 128 128 128 129 129 128 129 129 129 129 129 129 129 130 130 130 130 131 131 131 131 130 130 131 131 131 131 132 131 132 132 132 132 132 132 132 132 132 131 131 132 132 132 132 132 131 131 131 131 131 131 131 132 132 132 132 132 132 132 132 132 132 132 132 132 132 132 132 132 132 132 132 133 132 132 133 133 133 134 134 134 134 133 133 133 133 133 133 134 134 134 134 NA NA NA NA NA NA NA NA NA NA NA NA NA NA NA NA NA NA NA NA NA NA NA NA NA NA NA NA NA NA NA NA NA NA NA NA NA NA NA NA NA NA NA NA NA NA NA NA NA NA NA NA NA NA NA NA NA NA NA NA NA NA
NA NA NA NA NA NA NA NA NA NA NA NA NA NA NA NA NA NA NA NA NA NA NA NA NA NA NA NA NA NA NA NA NA NA NA NA NA NA NA NA NA NA NA NA NA NA NA NA NA NA NA NA 75 74 75 75 75 76 76 75 75 75 75 76 76 76 77 77 77 77 NA 77 76 77 78 78 79 79 80 81 81 81 80 79 79 79 80 80 81 81 81 82 81 82 83 83 83 83 83 83 83 83 84 85 85 84 84 85 85 86 86 86 87 87 87 87 88 88 89 89 89 89 89 89 89 90 90 90 90 89 90 90 90 90 91 91 91 91 91 92 92 92 93 93 93 93 93 93 93 93 94 93 93 93 93 93 93 93 94 94 94 94 95 95 95 95 95 95 95 95 95 95 96 96 97 96 97 97 97 98 98 99 99 99 100 100 100 100 101 101 101 102 102 102 103 103 103 103 103 103 103 104 104 103 102 102 102 102 102 102 102 102 102 102 102 103 103 104 103 104 105 106 106 106 105 105 106 106 107 106 106 107 107 107 108 108 108 109 109 109 109 109 110 110 110 110 110 110 110 110 110 111 111 111 111 111 111 111 111 112 112 112 112 112 112 113 113 113 113 113 114 114 114 114 114 114 115 115 115 115 115 115 116 116 116 116 116 116 117 117 117 117 118 118 118 118 118 118 119 119 119 119 119 120 120 120 120 120 120 120 121 121 121 121 121 121 122 122 122 122 122 122 122 122 123 123 123 123 124 124 124 124 124 124 124 125 125 125 125 125 125 125 127 127 127 127 127 127 127 127 128 128 128 129 128 128 129 129 129 129 129 129 129 129 130 130 130 130 131 131 131 130 130 131 131 131 132 132 132 132 132 132 132 132 132 132 132 132 131 132 132 132 132 132 132 131 131 131 131 131 131 132 132 132 132 132 132 132 132 132 132 132 132 132 132 132 132 132 132 132 132 132 132 133 133 133 133 134 133 134 134 134 133 133 133 133 133 134 134 134 135 NA NA NA NA NA NA NA NA NA NA NA NA NA NA NA NA NA NA NA NA NA NA NA NA NA NA NA NA NA NA NA NA NA NA NA NA NA NA NA NA NA NA NA NA NA NA NA NA NA NA NA NA NA NA NA NA NA NA NA NA NA NA
NA NA NA NA NA NA NA NA NA NA NA NA NA NA NA NA NA NA NA NA NA NA NA NA NA NA NA NA NA NA NA NA NA NA NA NA NA NA NA NA NA NA NA NA NA NA NA NA NA NA NA NA 75 75 75 76 76 77 76 75 75 76 76 77 77 77 78 77 77 77 77 NA NA 77 78 79 78 79 79 80 81 80 80 80 80 80 80 80 81 81 81 81 81 82 83 82 83 83 83 84 84 84 85 85 85 85 84 85 86 86 86 87 87 87 87 87 87 88 88 88 89 89 90 90 90 90 90 90 90 90 90 91 91 92 92 92 91 91 91 91 92 92 92 93 93 93 93 92 92 93 93 93 93 93 92 93 94 94 94 94 94 94 95 96 96 96 96 96 96 96 96 96 96 96 96 97 97 98 98 98 98 98 99 99 100 100 101 100 100 101 101 101 102 102 102 102 102 102 103 104 104 104 104 103 102 102 102 102 102 102 102 103 103 103 102 102 103 103 103 105 105 105 105 105 106 106 106 107 107 107 107 108 108 108 108 108 108 108 109 109 110 110 111 111 111 112 112 111 111 111 111 111 111 111 111 111 111 111 111 112 112 112 112 112 113 113 113 113 113 113 114 114 114 114 114 114 115 115 115 115 115 115 116 116 116 116 116 116 117 117 117 117 118 118 118 118 118 119 119 119 119 119 119 120 120 120 120 120 120 121 121 121 121 121 121 121 122 122 122 122 122 122 122 122 123 123 123 123 124 124 124 124 124 124 124 124 125 125 125 125 125 126 127 127 127 127 127 127 127 127 128 128 128 128 129 128 128 129 129 129 129 129 129 129 130 130 130 130 130 131 131 130 131 131 131 132 132 131 132 132 132 132 132 132 132 132 132 132 132 132 132 132 132 132 132 132 131 131 131 131 131 131 131 132 132 132 132 132 132 132 132 132 132 132 132 131 132 132 132 132 132 132 132 132 132 133 133 133 133 133 133 134 134 134 133 134 134 134 134 134 135 NA NA NA NA NA NA NA NA NA NA NA NA NA NA NA NA NA NA NA NA NA NA NA NA NA NA NA NA NA NA NA NA NA NA NA NA NA NA NA NA NA NA NA NA NA NA NA NA NA NA NA NA NA NA NA NA NA NA NA NA NA NA
NA NA NA NA NA NA NA NA NA NA NA NA NA NA NA NA NA NA NA NA NA NA NA NA NA NA NA NA NA NA NA NA NA NA NA NA NA NA NA NA NA NA NA NA NA NA NA NA NA NA NA NA 75 75 76 76 76 77 77 77 76 77 77 77 78 78 78 77 77 77 NA NA NA 77 78 78 78 79 79 79 80 80 80 80 80 80 80 80 81 81 81 82 81 82 82 82 82 83 83 84 84 84 85 85 85 85 84 85 85 86 86 87 87 88 87 87 87 88 88 88 89 89 89 90 90 90 90 90 91 91 91 91 91 91 92 92 92 91 92 92 92 93 93 93 93 93 93 92 92 92 93 93 93 93 93 94 94 95 94 94 94 94 95 95 95 95 95 95 95 96 97 96 96 96 97 98 98 98 98 98 98 99 99 100 100 100 101 100 100 101 101 101 102 102 102 102 102 102 102 103 104 104 104 104 103 103 103 103 102 103 103 103 103 103 103 102 103 103 104 105 105 105 105 105 106 106 106 106 107 107 107 107 108 108 108 109 109 109 109 109 109 110 111 112 111 112 112 112 112 112 111 111 112 112 112 111 111 111 112 112 112 112 112 112 113 113 113 113 113 113 114 114 114 114 114 114 115 115 115 115 115 115 116 116 116 116 116 116 117 117 117 117 118 118 118 118 118 119 119 119 119 119 119 119 120 120 120 120 120 120 121 121 121 121 121 122 121 122 122 122 122 122 122 122 123 123 123 124 124 124 124 124 124 124 124 124 125 125 125 125 125 126 127 127 127 127 127 127 127 127 128 128 128 128 128 129 128 129 129 129 129 129 129 130 130 130 130 130 130 131 131 130 131 131 131 131 131 131 131 132 132 132 131 132 132 132 132 132 132 132 132 132 132 132 132 132 132 131 131 131 131 131 131 131 131 131 131 131 131 131 131 131 132 132 132 132 131 132 132 132 132 132 132 132 133 133 132 132 132 133 133 133 133 134 134 134 134 134 133 134 134 NA NA NA NA NA NA NA NA NA NA NA NA NA NA NA NA NA NA NA NA NA NA NA NA NA NA NA NA NA NA NA NA NA NA NA NA NA NA NA NA NA NA NA NA NA NA NA NA NA NA NA NA NA NA NA NA NA NA NA NA NA NA
NA NA NA NA NA NA NA NA NA NA NA NA NA NA NA NA NA NA NA NA NA NA NA NA NA NA NA NA NA NA NA NA NA NA NA NA NA NA NA NA NA NA NA NA NA NA NA NA NA NA NA NA 76 75 76 76 77 78 78 78 77 77 77 78 78 78 78 78 77 77 77 NA NA 78 78 79 79 79 80 80 80 80 80 80 80 80 80 80 81 81 82 82 82 83 82 82 82 83 83 84 84 85 85 85 85 85 85 85 85 86 87 87 87 87 88 88 88 88 88 88 89 89 89 89 89 90 90 90 90 91 91 91 91 91 91 91 91 91 92 93 93 94 94 94 94 94 94 93 92 92 92 93 93 94 94 94 95 95 94 95 95 95 95 95 95 96 96 96 95 96 96 96 95 96 97 97 98 98 98 99 99 99 100 99 100 100 100 100 100 100 100 101 103 102 102 102 102 102 101 102 102 102 103 104 104 104 104 104 104 104 104 104 103 103 103 102 103 104 104 105 106 106 105 106 106 107 107 107 107 107 107 108 108 108 108 109 109 109 109 110 110 110 111 111 111 111 112 112 112 112 112 112 112 112 112 111 111 111 112 112 112 113 112 113 113 113 113 113 113 113 113 114 114 114 114 114 115 115 115 115 115 115 116 116 116 116 116 117 117 117 117 117 117 118 118 118 119 119 119 119 119 119 119 119 120 120 120 120 120 120 121 121 121 121 122 121 122 122 122 122 122 122 122 122 123 123 123 123 124 123 124 124 124 124 124 124 124 125 125 125 125 126 127 127 127 127 127 127 127 128 128 128 128 128 128 129 129 128 129 129 129 129 129 130 130 130 130 130 130 130 131 131 131 131 131 131 131 132 131 131 131 131 132 132 132 132 132 132 132 132 132 132 132 132 132 132 132 132 131 131 131 131 131 131 131 131 131 131 131 131 131 131 132 132 132 132 131 132 132 132 132 132 133 133 132 132 132 133 133 133 133 133 133 133 133 133 134 133 133 134 134 135 NA NA NA NA NA NA NA NA NA NA NA NA NA NA NA NA NA NA NA NA NA NA NA NA NA NA NA NA NA NA NA NA NA NA NA NA NA NA NA NA NA NA NA NA NA NA NA NA NA NA NA NA NA NA NA NA NA NA NA NA NA
NA NA NA NA NA NA NA NA NA NA NA NA NA NA NA NA NA NA NA NA NA NA NA NA NA NA NA NA NA NA NA NA NA NA NA NA NA NA NA NA NA NA NA NA NA NA NA NA NA NA NA NA 76 76 77 77 77 78 77 77 77 77 77 78 79 79 78 78 77 77 77 78 79 78 79 80 79 80 80 81 81 81 80 80 80 81 80 80 80 81 81 82 81 83 83 82 82 83 83 84 84 84 85 85 86 86 85 85 85 86 87 87 87 88 88 88 88 88 88 89 89 89 89 90 90 90 90 90 90 91 91 91 92 92 92 91 91 91 92 92 92 92 93 93 94 94 93 93 92 93 93 93 93 94 94 95 95 95 95 95 95 95 95 95 94 95 96 96 95 95 96 95 96 96 96 96 97 97 98 99 99 100 100 100 100 101 101 101 100 100 100 101 102 102 102 102 102 102 102 101 102 102 103 103 103 104 105 104 104 104 104 103 103 102 102 102 103 103 104 104 105 106 106 106 107 107 107 107 108 108 108 108 108 108 109 109 110 110 109 109 110 110 111 112 112 111 111 111 112 112 112 112 112 112 111 111 112 112 112 112 112 112 113 113 113 113 113 113 113 113 113 114 114 114 114 114 115 115 115 115 115 116 116 116 116 116 116 116 116 117 117 117 117 118 118 118 119 119 119 119 119 119 119 119 120 120 120 120 120 120 120 121 121 121 121 122 122 122 122 122 122 122 122 122 122 123 123 123 124 124 124 124 124 124 124 124 124 125 125 125 125 125 127 127 127 127 127 127 128 128 128 128 128 128 128 128 129 128 129 129 129 129 129 129 130 130 130 130 130 130 131 131 131 131 131 131 131 131 131 131 131 131 132 132 132 132 132 132 132 132 132 131 132 132 132 132 132 132 131 131 131 131 131 131 131 131 131 132 132 131 131 132 132 132 132 131 131 132 132 132 132 132 132 132 132 132 133 133 133 132 133 133 133 133 133 133 133 133 133 134 134 134 NA NA NA NA NA NA NA NA NA NA NA NA NA NA NA NA NA NA NA NA NA NA NA NA NA NA NA NA NA NA NA NA NA NA NA NA NA NA NA NA NA NA NA NA NA NA NA NA NA NA NA NA NA NA NA NA NA NA NA NA NA
NA NA NA NA NA NA NA NA NA NA NA NA NA NA NA NA NA NA NA NA NA NA NA NA NA NA NA NA NA NA NA NA NA NA NA NA NA NA NA NA NA NA NA NA NA NA NA NA NA NA NA 76 76 76 77 77 77 78 77 77 77 77 77 78 78 78 78 78 77 77 78 79 79 79 79 80 80 80 80 81 81 81 81 81 81 81 81 81 81 81 81 81 81 82 82 82 82 83 83 83 84 84 84 85 85 85 86 86 86 86 87 87 87 87 88 88 88 88 88 89 89 90 90 90 90 90 90 91 91 91 91 91 92 92 92 92 92 92 92 93 93 93 93 93 93 93 93 93 93 93 94 94 93 94 94 95 95 95 95 95 94 94 95 94 94 95 95 95 95 95 96 96 96 97 97 96 96 97 97 98 99 100 100 100 100 101 101 101 100 100 99 100 101 102 102 102 101 102 102 102 101 102 103 102 102 103 104 104 104 104 104 103 103 102 102 102 103 104 104 104 105 105 106 107 107 107 107 107 108 108 108 108 109 109 110 110 110 109 109 109 109 109 111 112 112 111 111 111 112 112 112 112 113 112 113 113 113 113 112 112 112 112 113 113 113 113 113 113 113 113 113 113 114 114 114 114 114 115 115 115 115 115 116 116 116 116 116 116 116 116 116 117 117 118 118 118 119 119 119 119 119 119 119 119 119 120 120 120 120 120 121 121 121 121 121 121 122 122 122 122 122 122 122 122 122 123 123 123 124 124 124 124 124 124 124 124 125 125 125 125 125 125 127 127 127 127 127 127 127 127 127 128 128 128 128 129 129 129 128 129 129 129 129 129 129 129 129 130 130 130 130 130 131 131 130 130 130 130 131 131 131 132 132 132 131 131 131 131 131 131 131 131 131 131 132 132 132 132 132 131 131 131 131 131 131 131 131 132 131 131 131 131 132 132 132 131 131 131 131 132 132 132 132 132 132 132 132 132 132 132 132 132 132 132 133 133 133 133 133 133 133 134 NA NA NA NA NA NA NA NA NA NA NA NA NA NA NA NA NA NA NA NA NA NA NA NA NA NA NA NA NA NA NA NA NA NA NA NA NA NA NA NA NA NA NA NA NA NA NA NA NA NA NA NA NA NA NA NA NA NA NA NA NA
NA NA NA NA NA NA NA NA NA NA NA NA NA NA NA NA NA NA NA NA NA NA NA NA NA NA NA NA NA NA NA NA NA NA NA NA NA NA NA NA NA NA NA NA NA NA NA NA NA NA 77 77 77 77 77 76 76 78 78 78 78 77 77 77 78 77 77 77 77 78 79 80 80 79 79 80 81 81 81 81 82 82 82 82 82 81 81 81 81 81 81 81 81 81 81 83 84 84 84 84 84 84 84 84 85 85 85 85 86 86 86 86 87 88 88 88 88 88 88 88 89 89 90 90 90 90 90 90 90 90 91 91 91 92 92 93 93 92 93 93 94 94 94 93 93 93 93 93 93 93 93 94 93 94 95 95 95 94 94 95 95 94 94 95 95 95 95 96 95 95 96 96 97 97 97 97 97 97 98 99 99 99 99 99 100 100 100 100 100 101 100 100 100 101 102 101 101 101 101 101 101 101 102 102 102 103 103 103 104 104 104 104 103 103 102 102 103 104 104 105 105 106 107 107 106 106 106 107 108 107 107 108 108 109 109 110 110 109 109 109 109 109 110 111 111 111 111 111 112 112 112 112 113 113 112 112 112 113 113 113 113 113 113 113 114 114 113 113 114 113 114 114 114 114 114 114 115 115 115 115 115 115 115 115 116 116 116 116 116 116 116 117 117 118 118 118 118 118 118 118 119 119 119 119 119 120 120 120 120 121 121 121 121 121 121 122 122 122 122 122 122 122 122 122 122 123 123 123 124 124 124 124 124 124 124 124 125 125 125 125 125 125 127 127 127 127 127 127 127 127 128 128 128 128 128 129 129 128 128 129 129 129 129 129 129 129 129 130 130 130 130 131 130 131 130 131 131 131 132 132 132 132 131 131 131 131 131 131 131 131 131 131 131 131 132 132 132 132 131 131 131 131 131 132 131 131 131 132 131 131 131 131 131 132 132 132 131 131 132 132 132 132 132 132 132 132 132 132 132 132 132 133 133 133 133 133 133 133 133 133 134 134 134 NA NA NA NA NA NA NA NA NA NA NA NA NA NA NA NA NA NA NA NA NA NA NA NA NA NA NA NA NA NA NA NA NA NA NA NA NA NA NA NA NA NA NA NA NA NA NA NA NA NA NA NA NA NA NA NA NA NA NA NA
NA NA NA NA NA NA NA NA NA NA NA NA NA NA NA NA NA NA NA NA NA NA NA NA NA NA NA NA NA NA NA NA NA NA NA NA NA NA NA NA NA NA NA NA NA NA NA NA NA 76 76 77 77 78 77 76 76 78 77 77 77 78 78 77 77 77 77 77 78 78 79 80 79 79 79 80 81 81 82 82 83 83 83 83 83 83 83 82 82 82 82 82 81 81 82 83 83 84 84 85 85 84 84 84 85 85 85 85 85 86 86 86 87 87 88 88 88 88 88 88 88 89 89 89 89 89 89 90 90 90 91 91 91 92 92 92 93 93 93 94 94 94 94 94 94 93 93 93 93 93 94 94 93 94 95 94 94 94 94 94 94 94 94 95 96 96 96 96 96 95 96 97 97 98 98 98 98 98 99 99 99 99 99 99 100 100 101 101 101 101 101 101 101 100 101 100 101 101 102 101 101 101 101 101 102 102 103 103 104 104 104 104 104 103 103 102 103 104 104 105 105 106 106 106 106 105 106 107 107 106 107 107 108 108 108 109 109 109 109 109 109 109 110 110 110 111 111 111 112 112 112 113 113 112 112 112 112 113 113 113 113 113 113 113 113 114 113 114 114 114 114 114 114 114 114 114 115 115 115 115 115 115 115 116 116 116 116 116 116 116 117 117 117 118 118 118 118 118 118 118 119 119 119 119 119 120 120 120 120 121 121 121 121 121 121 122 121 122 122 122 122 122 122 122 122 123 123 123 123 124 124 124 124 124 124 124 125 125 125 125 125 125 126 127 127 127 127 128 128 128 128 128 128 128 128 128 128 128 128 129 129 129 129 129 129 129 129 130 130 130 130 131 130 131 130 130 131 131 131 131 131 131 131 131 131 131 131 131 131 131 131 131 131 131 132 132 131 131 131 131 131 131 131 132 132 131 131 132 132 132 132 131 131 131 132 132 132 131 131 131 131 132 132 132 132 132 132 132 132 133 133 133 133 133 133 134 133 133 133 133 134 133 134 NA NA NA NA NA NA NA NA NA NA NA NA NA NA NA NA NA NA NA NA NA NA NA NA NA NA NA NA NA NA NA NA NA NA NA NA NA NA NA NA NA NA NA NA NA NA NA NA NA NA NA NA NA NA NA NA NA NA NA NA
NA NA NA NA NA NA NA NA NA NA NA NA NA NA NA NA NA NA NA NA NA NA NA NA NA NA NA NA NA NA NA NA NA NA NA NA NA NA NA NA NA NA NA NA NA NA NA NA NA 76 76 76 77 78 78 77 76 77 78 77 77 77 77 77 77 77 78 78 79 80 79 79 79 79 80 80 80 81 82 82 82 82 82 83 84 84 84 84 83 83 83 82 81 81 82 82 83 83 83 84 85 85 85 86 85 85 86 86 86 86 87 87 87 87 88 88 88 88 88 89 89 89 89 89 89 89 90 91 90 90 91 91 91 92 92 92 93 93 93 93 94 94 94 94 94 94 93 93 93 93 93 93 94 94 95 95 95 95 95 94 94 95 95 95 96 96 96 96 96 96 96 97 97 97 98 98 99 99 99 99 99 99 99 99 99 100 100 100 100 100 100 100 100 100 101 101 102 102 102 102 102 102 102 101 102 103 103 103 103 103 103 103 103 103 103 103 103 104 105 104 105 105 106 106 106 105 106 107 106 106 107 107 107 107 108 108 109 110 109 109 109 109 110 110 110 111 111 111 111 111 112 112 112 112 112 112 112 113 113 113 113 113 113 113 113 114 114 113 113 114 114 114 114 114 114 114 115 115 115 115 115 115 115 116 116 116 116 116 116 116 116 117 117 118 118 118 118 118 118 118 119 119 119 119 119 120 120 120 120 120 120 121 121 121 121 121 121 121 122 122 122 122 122 122 123 123 123 123 123 124 124 124 124 124 124 124 125 125 125 125 125 125 126 127 127 127 127 127 128 128 128 128 128 128 128 128 128 128 128 129 129 129 129 129 129 130 130 130 130 130 130 131 130 131 130 130 130 130 131 131 131 131 131 131 131 131 131 131 131 131 131 131 131 131 131 131 131 131 131 131 131 131 131 132 132 132 132 132 132 132 131 131 131 131 132 132 132 132 132 131 131 131 132 132 133 133 132 132 132 132 132 133 132 133 134 134 134 133 133 133 133 133 133 134 NA NA NA NA NA NA NA NA NA NA NA NA NA NA NA NA NA NA NA NA NA NA NA NA NA NA NA NA NA NA NA NA NA NA NA NA NA NA NA NA NA NA NA NA NA NA NA NA NA NA NA NA NA NA NA NA NA NA NA
NA NA NA NA NA NA NA NA NA NA NA NA NA NA NA NA NA NA NA NA NA NA NA NA NA NA NA NA NA NA NA NA NA NA NA NA NA NA NA NA NA NA NA NA NA NA NA NA NA 76 76 76 77 77 77 78 77 77 78 78 78 77 77 78 78 79 79 80 81 81 80 79 79 80 81 80 80 81 82 81 81 82 82 83 83 84 84 84 84 83 82 82 82 82 82 82 82 82 82 83 84 84 85 86 86 86 87 87 87 87 87 88 88 88 88 88 88 88 89 89 89 90 90 90 90 90 90 90 91 91 91 91 92 92 92 92 93 93 93 93 94 94 94 94 94 94 95 94 94 94 94 94 94 95 95 95 95 95 95 94 95 95 96 96 96 96 95 95 96 97 96 96 97 97 98 98 99 99 99 99 99 99 99 99 99 99 100 100 100 100 100 100 100 101 101 101 102 102 103 103 102 102 101 101 101 102 102 103 103 104 104 103 103 103 103 103 103 104 104 104 104 105 105 106 106 105 106 106 106 107 107 107 108 108 108 109 109 110 109 109 109 110 111 110 111 111 111 111 111 111 111 111 112 112 112 113 112 112 113 113 113 113 113 113 113 113 113 114 114 113 113 114 114 114 114 115 115 115 115 115 115 115 115 115 116 116 116 116 116 116 117 117 117 118 118 118 118 118 118 118 119 119 119 119 120 119 120 120 120 120 120 120 121 121 121 121 121 121 121 122 122 122 122 122 123 123 123 123 123 124 124 123 124 124 124 124 125 125 125 125 125 125 126 127 127 127 127 127 128 128 128 128 128 128 128 128 128 128 129 129 129 129 129 129 130 129 130 129 129 130 130 130 130 130 130 130 130 130 130 130 131 131 131 131 131 131 131 131 131 131 131 131 131 131 131 131 131 131 131 131 131 131 131 131 131 132 132 132 132 132 132 132 132 131 132 132 132 132 132 131 131 131 131 132 132 132 132 132 132 132 133 132 133 133 133 133 133 133 133 133 133 133 134 134 135 NA NA NA NA NA NA NA NA NA NA NA NA NA NA NA NA NA NA NA NA NA NA NA NA NA NA NA NA NA NA NA NA NA NA NA NA NA NA NA NA NA NA NA NA NA NA NA NA NA NA NA NA NA NA NA NA NA NA
NA NA NA NA NA NA NA NA NA NA NA NA NA NA NA NA NA NA NA NA NA NA NA NA NA NA NA NA NA NA NA NA NA NA NA NA NA NA NA NA NA NA NA NA NA NA NA NA NA 77 77 76 76 76 77 77 78 77 77 78 77 78 78 79 79 80 81 81 81 81 81 80 81 82 82 81 81 80 81 81 82 83 83 84 84 84 84 85 84 84 83 83 83 82 82 83 83 82 82 83 83 84 85 86 86 86 87 88 87 87 88 88 88 88 88 89 89 89 90 90 89 89 90 90 90 91 90 90 90 91 91 91 91 92 92 92 93 93 93 93 94 94 94 94 94 94 95 95 95 94 94 94 94 94 94 95 95 95 95 95 95 95 96 96 97 96 96 96 97 97 96 97 97 97 97 98 99 100 100 100 100 100 100 100 100 100 100 100 100 100 100 100 101 101 102 102 102 102 104 103 102 102 102 102 102 101 102 102 103 104 104 104 103 103 103 103 103 104 104 104 105 105 106 106 106 106 105 106 106 106 107 107 108 108 109 109 109 110 110 110 110 110 111 110 111 112 111 112 111 111 111 111 111 112 112 113 112 112 112 113 113 113 113 113 113 113 113 113 114 114 113 114 114 114 114 114 115 115 115 115 115 115 115 115 116 116 116 116 116 117 117 117 117 118 118 118 118 118 118 119 119 119 119 119 119 119 120 120 120 120 120 120 120 121 121 121 121 121 121 121 122 122 122 122 123 123 123 123 123 123 123 123 123 124 124 124 125 125 125 125 125 125 126 127 127 127 127 127 127 128 128 128 128 128 128 128 128 129 129 129 129 129 129 129 130 129 129 129 129 130 130 130 130 130 130 130 130 130 130 130 131 131 131 131 131 131 131 131 131 131 131 131 131 130 130 130 130 131 131 131 131 131 131 131 131 132 132 132 132 132 132 132 132 132 132 132 132 132 132 131 131 131 131 132 131 131 132 132 132 132 132 133 133 133 133 133 133 133 133 133 133 133 133 134 134 NA NA NA NA NA NA NA NA NA NA NA NA NA NA NA NA NA NA NA NA NA NA NA NA NA NA NA NA NA NA NA NA NA NA NA NA NA NA NA NA NA NA NA NA NA NA NA NA NA NA NA NA NA NA NA NA NA NA
NA NA NA NA NA NA NA NA NA NA NA NA NA NA NA NA NA NA NA NA NA NA NA NA NA NA NA NA NA NA NA NA NA NA NA NA NA NA NA NA NA NA NA NA NA NA NA NA NA 78 78 77 77 77 76 77 77 77 77 77 78 78 78 79 79 80 81 81 80 80 80 80 80 82 82 83 83 82 81 82 83 83 83 83 84 85 85 85 85 85 85 85 84 83 83 84 84 83 83 82 83 84 85 85 86 85 86 87 87 87 87 88 88 88 88 89 89 90 90 90 90 89 90 90 91 91 91 91 91 90 91 92 92 92 93 93 93 93 93 93 93 94 94 94 94 94 95 95 95 95 94 94 94 94 94 94 95 94 95 95 95 95 95 96 97 96 96 97 97 97 96 97 97 98 98 98 99 99 100 100 100 100 100 100 100 100 100 100 99 100 100 100 101 101 102 103 103 103 104 104 103 103 102 102 102 102 102 103 103 104 104 104 103 103 103 103 103 104 104 105 105 106 106 106 105 105 106 106 106 107 107 107 108 109 109 110 110 111 112 111 110 110 111 111 111 111 111 111 111 111 111 111 111 111 112 112 112 112 112 112 113 113 113 113 113 113 113 113 113 113 113 114 114 114 114 114 114 115 115 115 115 115 115 115 116 116 116 116 116 117 117 117 117 117 117 118 118 118 118 118 119 119 119 119 119 119 119 120 120 120 120 120 120 120 121 121 121 121 121 122 122 122 122 122 123 123 123 123 123 123 123 123 124 124 124 124 125 125 125 125 125 125 127 127 127 127 127 127 127 128 128 128 128 128 128 128 128 129 129 129 129 129 129 129 129 129 129 129 130 130 130 130 130 129 130 130 129 130 130 130 130 131 131 131 131 131 131 131 131 131 131 131 131 130 130 131 131 132 132 131 131 131 131 132 132 132 132 132 133 133 133 132 132 132 132 133 133 132 132 131 131 131 131 131 131 131 132 132 132 132 132 132 133 132 132 132 132 133 133 133 132 133 133 134 134 135 NA NA NA NA NA NA NA NA NA NA NA NA NA NA NA NA NA NA NA NA NA NA NA NA NA NA NA NA NA NA NA NA NA NA NA NA NA NA NA NA NA NA NA NA NA NA NA NA NA NA NA NA NA NA NA NA NA
NA NA NA NA NA NA NA NA NA NA NA NA NA NA NA NA NA NA NA NA NA NA NA NA NA NA NA NA NA NA NA NA NA NA NA NA NA NA NA NA NA NA NA NA NA NA NA NA NA NA NA 79 78 78 77 77 77 77 77 78 78 79 79 79 79 80 81 81 81 81 81 81 81 81 82 83 83 83 82 82 83 83 83 83 84 84 85 85 85 85 85 85 84 84 84 83 84 84 83 83 83 83 84 84 85 85 85 85 86 87 87 87 87 88 88 89 90 90 90 90 90 90 90 90 91 91 91 92 91 91 91 91 92 92 92 93 93 93 94 94 94 94 94 94 95 95 95 95 95 95 94 94 94 94 94 94 94 95 95 95 95 95 96 96 97 97 97 97 97 96 96 97 97 98 99 99 99 99 99 99 100 100 99 99 100 100 100 100 100 101 101 101 101 101 102 103 103 104 104 104 104 103 103 103 102 102 102 102 102 103 103 103 103 103 103 103 103 103 104 104 104 105 105 104 104 105 106 106 106 107 108 108 108 108 109 110 110 111 111 111 111 110 111 111 112 112 111 112 111 111 111 111 111 111 112 112 112 113 112 113 113 113 113 113 113 113 113 113 113 113 113 114 114 114 114 114 114 115 115 115 115 115 115 115 116 116 116 116 116 117 117 117 117 117 117 118 118 118 118 118 119 119 119 119 119 119 119 120 120 120 120 120 120 120 121 121 121 122 122 122 122 122 122 122 123 123 123 123 123 123 123 123 124 124 124 124 125 125 125 125 125 125 127 127 127 127 127 127 127 127 128 128 128 128 128 128 128 129 129 129 129 129 129 129 129 129 129 130 130 130 130 130 129 129 129 129 129 130 130 130 130 131 131 131 131 131 131 131 131 131 131 131 131 130 131 132 131 131 132 132 132 132 132 132 132 132 132 132 132 133 133 133 132 132 132 133 133 132 132 131 131 132 131 131 131 131 131 131 132 132 132 132 132 132 133 133 133 133 133 132 132 133 133 133 134 135 NA NA NA NA NA NA NA NA NA NA NA NA NA NA NA NA NA NA NA NA NA NA NA NA NA NA NA NA NA NA NA NA NA NA NA NA NA NA NA NA NA NA NA NA NA NA NA NA NA NA NA NA NA NA NA NA NA
NA NA NA NA NA NA NA NA NA NA NA NA NA NA NA NA NA NA NA NA NA NA NA NA NA NA NA NA NA NA NA NA NA NA NA NA NA NA NA NA NA NA NA NA NA NA NA NA NA NA NA NA NA 79 78 78 78 78 78 78 78 78 79 79 80 81 81 81 81 81 81 82 81 82 82 83 83 84 83 83 83 84 84 84 84 84 85 85 84 84 85 85 84 85 84 84 83 83 83 83 84 84 84 84 85 85 86 86 86 86 87 87 87 87 87 88 89 89 89 90 90 90 90 91 91 91 91 91 91 91 91 91 92 92 92 93 93 93 94 94 94 94 95 94 95 95 95 95 95 95 95 94 94 94 95 95 95 95 96 95 95 95 95 96 97 97 96 96 96 96 97 97 97 98 98 99 100 99 100 100 99 99 100 101 101 100 100 100 101 102 102 102 103 102 102 103 103 104 104 103 103 103 102 102 102 102 102 103 102 102 103 103 103 102 102 103 103 103 103 103 104 104 104 104 105 106 106 107 107 107 108 108 109 109 109 109 110 111 111 110 110 110 111 111 112 112 112 112 111 111 112 112 112 111 111 111 112 112 112 112 113 113 113 113 113 113 113 113 113 113 114 114 114 114 114 115 115 115 115 115 115 115 115 115 116 116 116 116 116 116 116 116 117 117 117 118 118 118 118 118 118 119 119 119 119 119 119 120 120 121 120 120 120 120 120 121 121 122 122 122 122 122 122 122 123 123 123 123 123 123 123 123 124 124 124 124 125 125 125 125 125 125 127 127 127 127 127 127 127 127 128 128 128 128 128 128 128 128 128 129 129 129 129 129 129 129 130 130 130 129 129 129 129 129 129 129 129 130 130 130 131 131 131 131 131 131 131 131 132 132 131 131 131 131 130 130 130 131 131 131 132 132 132 132 132 132 132 132 132 133 133 133 132 132 132 133 132 132 132 132 131 131 131 131 131 131 131 131 131 132 132 132 132 132 132 132 132 132 132 133 133 133 133 133 134 134 134 135 NA 136 135 NA NA NA NA NA NA NA NA NA NA NA NA NA NA NA NA NA NA NA NA NA NA NA NA NA NA NA NA NA NA NA NA NA NA NA NA NA NA NA NA NA NA NA NA NA NA NA NA NA NA NA NA
NA NA NA NA NA NA NA NA NA NA NA NA NA NA NA NA NA NA NA NA NA NA NA NA NA NA NA NA NA NA NA NA NA NA NA NA NA NA NA NA NA NA NA NA NA NA NA NA NA NA NA NA NA NA NA 79 79 78 78 78 79 79 79 80 81 81 81 81 82 82 81 81 82 83 83 83 84 84 84 84 83 84 84 85 85 85 85 85 84 84 84 84 84 85 85 84 83 83 83 84 85 86 86 86 86 86 86 86 87 87 87 87 88 88 88 88 89 89 90 90 90 90 90 91 91 91 91 91 91 91 91 91 92 92 93 93 93 93 94 94 94 94 95 95 95 95 95 95 95 96 95 94 94 95 95 95 95 95 95 95 95 95 95 96 97 97 97 96 96 97 97 98 98 97 99 100 100 99 99 99 99 99 100 101 100 99 99 100 101 102 102 103 103 103 103 103 103 103 104 104 104 103 102 102 102 102 103 103 103 102 102 102 102 102 103 103 104 104 104 104 104 104 104 104 105 105 106 106 107 107 108 108 108 109 109 110 110 111 111 111 111 111 112 112 112 112 112 112 112 112 112 111 111 111 112 112 112 112 112 112 113 113 113 113 113 113 113 113 113 113 114 114 114 114 114 114 114 115 115 115 115 115 115 115 116 116 116 116 116 116 116 116 117 117 117 117 118 118 118 118 119 119 119 119 119 119 119 120 121 121 120 120 121 121 121 121 121 122 122 122 122 122 122 122 122 122 123 123 123 123 123 124 124 124 124 124 125 125 125 125 125 125 127 127 127 127 127 127 127 127 127 128 128 128 128 128 128 128 128 129 129 129 129 129 129 129 130 129 129 129 129 129 129 129 130 130 130 130 130 130 131 130 131 131 131 131 131 131 131 131 131 131 130 130 130 130 130 131 131 131 131 132 132 132 131 132 132 132 132 132 133 132 132 132 132 132 133 132 132 132 132 132 131 132 132 132 132 132 131 131 131 132 132 132 131 132 132 132 133 133 133 133 133 133 133 134 134 135 134 134 134 134 NA NA NA NA NA NA NA NA NA NA NA NA NA NA NA NA NA NA NA NA NA NA NA NA NA NA NA NA NA NA NA NA NA NA NA NA NA NA NA NA NA NA NA NA NA NA NA NA NA NA NA
NA NA NA NA NA NA NA NA NA NA NA NA NA NA NA NA NA NA NA NA NA NA NA NA NA NA NA NA NA NA NA NA NA NA NA NA NA NA NA NA NA NA NA NA NA NA NA NA NA NA NA NA NA NA NA NA NA 80 80 80 80 80 80 80 80 81 81 81 81 81 82 81 82 83 84 84 85 85 85 84 84 84 84 84 85 85 86 85 84 84 84 84 84 85 85 84 84 83 83 84 84 85 85 86 87 88 87 87 88 88 88 88 89 89 88 88 88 89 90 90 91 91 91 91 91 91 92 92 92 92 92 92 92 92 93 93 93 93 94 94 94 94 94 95 95 96 96 96 96 96 96 95 95 95 95 96 96 96 96 96 96 95 95 96 97 96 96 96 97 97 97 98 99 98 99 100 100 99 100 100 100 100 100 100 100 100 99 100 101 101 101 102 103 103 103 103 103 103 104 104 104 103 102 102 103 103 103 103 103 103 103 103 103 103 103 103 104 104 105 105 105 104 104 104 105 105 106 107 107 108 107 108 108 108 108 109 110 110 110 109 110 110 112 112 112 112 112 113 112 112 111 111 112 112 112 112 112 112 112 112 112 113 113 113 113 113 113 113 113 113 114 114 114 114 114 114 114 114 115 115 115 115 115 115 116 116 116 116 116 116 116 116 117 117 117 117 118 118 118 118 118 119 119 119 119 119 120 120 121 121 121 121 122 121 121 121 121 121 122 122 122 122 122 123 122 122 123 123 123 123 123 124 124 124 124 124 125 125 125 125 125 125 126 127 127 127 127 127 127 127 127 128 128 128 128 128 128 128 129 129 129 129 129 129 129 129 129 129 130 130 130 130 130 130 131 131 130 130 130 130 131 130 130 130 130 130 130 130 130 130 130 131 130 130 130 131 131 131 131 131 131 131 132 131 132 132 132 132 132 132 133 132 132 132 132 132 132 132 132 133 133 133 132 132 132 132 132 132 131 131 131 131 132 131 131 132 132 132 133 133 133 133 133 133 133 133 133 133 133 133 133 134 135 NA NA NA NA NA NA NA NA NA NA NA NA NA NA NA NA NA NA NA NA NA NA NA NA NA NA NA NA NA NA NA NA NA NA NA NA NA NA NA NA NA NA NA NA NA NA NA NA NA NA
NA NA NA NA NA NA NA NA NA NA NA NA NA NA NA NA NA NA NA NA NA NA NA NA NA NA NA NA NA NA NA NA NA NA NA NA NA NA NA NA NA NA NA NA NA NA NA NA NA NA NA NA NA NA NA NA NA NA NA NA NA NA 81 81 81 81 81 81 82 82 82 82 83 84 84 84 85 85 85 85 85 85 85 85 85 86 86 85 85 85 85 84 84 84 85 84 84 84 84 84 84 85 85 86 86 87 87 87 88 89 88 88 89 89 89 89 89 90 90 90 90 91 91 91 91 91 92 92 92 92 92 92 92 92 92 93 93 93 94 94 94 94 95 95 95 96 96 96 96 96 96 96 96 96 96 96 96 96 96 96 95 95 95 96 97 96 96 97 97 97 98 98 99 99 100 100 100 100 101 101 101 100 100 101 100 100 99 100 100 100 101 102 103 103 103 103 103 103 104 104 105 103 103 103 103 103 103 103 103 103 104 103 103 104 104 103 103 104 104 104 104 104 104 105 105 106 107 107 107 107 107 107 108 107 107 108 109 109 109 109 110 110 111 112 112 112 112 113 113 113 113 113 112 111 111 112 112 112 112 112 112 113 113 113 113 113 113 113 113 113 113 114 114 114 114 114 114 114 114 115 115 115 115 116 116 116 116 115 116 116 116 116 117 117 117 117 117 118 118 118 119 119 119 120 119 119 119 119 120 120 121 122 121 121 121 121 121 121 121 121 122 122 122 122 123 122 123 123 123 123 123 123 124 124 124 124 125 124 124 125 124 125 126 126 126 127 127 127 127 127 127 127 128 128 128 128 128 128 128 129 129 129 129 129 129 129 129 130 130 130 130 130 130 131 131 131 131 131 131 131 130 130 130 130 130 130 130 130 130 130 130 131 130 131 130 131 131 131 131 131 131 131 132 132 131 132 132 132 132 132 132 132 132 132 132 132 132 132 132 133 133 132 132 133 133 132 132 132 132 132 131 131 131 131 132 132 132 132 132 132 132 133 133 133 132 133 133 133 132 132 133 134 135 NA NA NA NA NA NA NA NA NA NA NA NA NA NA NA NA NA NA NA NA NA NA NA NA NA NA NA NA NA NA NA NA NA NA NA NA NA NA NA NA NA NA NA NA NA NA NA NA NA NA
NA NA NA NA NA NA NA NA NA NA NA NA NA NA NA NA NA NA NA NA NA NA NA NA NA NA NA NA NA NA NA NA NA NA NA NA NA NA NA NA NA NA NA NA NA NA NA NA NA NA NA NA NA NA NA NA NA NA NA NA NA NA NA 82 82 82 81 82 82 83 83 83 84 84 84 85 85 85 86 86 86 86 86 86 86 86 86 86 86 86 85 85 83 84 84 84 84 84 84 85 85 85 85 86 86 86 87 88 88 88 88 88 89 89 89 89 90 90 90 90 90 91 91 91 91 92 92 92 92 92 93 92 92 92 93 93 93 94 94 94 94 95 95 95 95 96 96 96 96 96 97 97 97 97 96 96 96 96 96 96 95 96 97 97 97 96 97 97 97 97 97 98 99 100 100 100 100 100 101 101 101 101 101 101 100 100 100 100 101 101 101 102 103 103 103 103 104 104 104 104 104 103 103 103 104 103 103 103 104 104 104 103 103 103 104 104 104 104 104 103 104 104 105 105 105 106 106 106 107 107 107 107 107 107 108 109 109 109 109 109 109 110 111 112 112 112 113 113 113 113 113 112 112 112 112 112 112 112 112 112 112 112 113 113 113 113 113 113 113 113 113 114 114 114 114 114 114 114 114 115 115 115 115 115 115 116 115 115 115 116 116 116 117 117 117 117 118 118 118 118 118 119 119 120 119 119 119 119 120 120 121 122 122 121 121 122 122 121 122 122 122 122 122 122 122 122 122 122 123 123 123 123 124 124 124 124 124 124 124 124 124 124 126 126 126 126 127 127 127 127 127 127 128 128 128 128 128 128 128 128 129 129 129 129 129 129 129 129 129 130 130 130 130 130 130 130 131 131 131 131 131 131 130 130 130 130 130 130 130 130 131 131 131 131 131 131 131 131 131 131 131 131 131 131 131 131 132 131 132 132 132 132 132 132 132 132 132 132 133 133 132 132 133 133 133 133 133 132 132 132 131 131 131 132 132 132 131 132 132 132 133 133 133 133 132 133 132 132 132 133 133 133 134 134 135 135 NA NA 136 136 NA NA NA NA NA NA NA NA NA NA NA NA NA NA NA NA NA NA NA NA NA NA NA NA NA NA NA NA NA NA NA NA NA NA NA NA NA NA NA NA NA NA NA
NA NA NA NA NA NA NA NA NA NA NA NA NA NA NA NA NA NA NA NA NA NA NA NA NA NA NA NA NA NA NA NA NA NA NA NA NA NA NA NA NA NA NA NA NA NA NA NA NA NA NA NA NA NA NA NA NA NA NA NA NA NA NA NA 83 83 83 83 83 83 83 84 84 85 85 85 85 86 86 86 86 86 86 86 87 87 87 87 87 87 86 85 84 84 84 84 84 84 85 85 85 85 86 86 87 87 88 88 88 88 88 88 89 90 90 90 90 90 91 91 91 91 91 91 91 91 92 92 92 92 93 93 93 92 93 93 94 94 94 94 95 95 95 95 96 96 96 95 96 96 96 97 97 97 96 96 95 96 96 96 96 97 98 98 97 96 97 98 98 97 98 98 99 100 100 100 101 101 101 101 101 101 101 101 101 101 100 100 100 100 101 101 102 103 103 104 104 104 104 104 104 104 104 103 103 103 103 104 104 104 104 104 104 104 103 104 104 104 104 104 104 104 104 105 106 106 106 106 107 107 107 106 107 107 108 109 109 108 109 109 109 110 111 111 111 112 113 112 113 113 113 112 112 111 112 112 112 112 112 112 112 112 113 113 113 113 113 113 114 113 113 114 114 114 114 114 114 114 115 115 115 115 115 115 115 115 115 115 115 116 116 116 117 117 118 117 118 118 118 119 118 118 119 120 119 119 119 119 119 120 120 121 122 122 123 123 122 122 121 121 122 122 122 122 122 123 122 122 123 123 123 123 124 124 124 124 124 124 124 124 124 125 126 126 126 126 126 127 127 127 127 127 127 128 128 128 128 128 129 129 129 129 129 129 129 129 129 130 130 130 131 130 130 131 131 131 131 131 131 131 131 131 131 130 130 130 130 130 131 131 131 131 131 131 131 130 131 131 131 131 131 131 131 131 131 131 131 131 131 132 132 132 132 132 132 132 132 132 132 132 132 132 132 133 132 132 132 132 132 131 131 131 131 131 132 131 132 132 132 132 133 133 133 132 132 132 132 132 133 133 133 133 133 133 134 134 135 135 135 135 136 NA NA NA NA NA NA NA NA NA NA NA NA NA NA NA NA NA NA NA NA NA NA NA NA NA NA NA NA NA NA NA NA NA NA NA NA NA NA NA NA NA NA
NA NA NA NA NA NA NA NA NA NA NA NA NA NA NA NA NA NA NA NA NA NA NA NA NA NA NA NA NA NA NA NA NA NA NA NA NA NA NA NA NA NA NA NA NA NA NA NA NA NA NA NA NA NA NA NA NA NA NA NA NA NA NA NA NA 83 NA NA 83 84 84 84 84 85 85 85 86 86 86 86 86 86 86 87 87 87 87 87 87 87 87 86 85 85 84 84 84 84 85 86 86 86 86 86 87 87 87 88 88 87 88 88 89 89 90 91 91 91 91 91 91 91 91 91 91 91 92 92 92 92 92 93 93 93 93 93 94 94 94 95 95 95 95 96 96 96 96 96 96 96 96 97 97 97 97 96 96 96 96 96 96 97 98 98 98 97 96 97 98 98 97 98 98 100 100 100 101 101 101 101 101 101 100 100 100 100 100 101 100 101 102 103 103 103 103 104 104 104 104 104 104 104 104 103 103 104 104 104 104 104 103 103 103 103 104 104 104 105 105 104 104 104 105 105 105 105 106 106 107 107 107 106 107 108 109 109 109 109 109 109 109 110 111 111 111 112 112 112 113 113 113 113 112 112 112 112 112 112 112 112 112 112 113 113 113 113 113 113 113 114 114 114 114 114 114 114 114 115 115 115 115 115 115 115 115 115 115 115 116 116 116 116 117 117 118 117 118 118 118 118 119 118 119 120 120 120 120 119 120 120 120 121 122 122 122 122 121 121 122 122 122 122 122 122 122 123 123 123 123 123 123 124 124 124 123 124 124 124 124 124 125 125 126 126 126 126 126 127 127 127 127 127 127 127 128 128 128 128 129 129 129 129 129 129 129 129 130 130 130 130 130 131 131 131 131 131 131 131 131 131 131 131 131 131 130 130 130 130 131 131 131 131 131 131 130 130 130 130 130 131 131 131 131 131 131 131 131 131 131 132 132 132 132 132 132 132 132 132 132 132 132 132 132 132 132 132 132 132 132 132 131 131 131 131 131 131 131 131 132 132 133 132 133 132 132 132 133 133 133 133 133 133 133 133 133 133 133 134 134 135 135 136 NA NA NA NA NA NA NA NA NA NA NA NA NA NA NA NA NA NA NA NA NA NA NA NA NA NA NA NA NA NA NA NA NA NA NA NA NA NA NA NA NA
NA NA NA NA NA NA NA NA NA NA NA NA NA NA NA NA NA NA NA NA NA NA NA NA NA NA NA NA NA NA NA NA NA NA NA NA NA NA NA NA NA NA NA NA NA NA NA NA NA NA NA NA NA NA NA NA NA NA NA NA NA NA NA NA NA NA NA NA NA 84 85 85 85 85 85 86 86 86 86 86 86 87 87 87 87 87 87 87 87 87 87 86 86 85 85 85 84 84 84 85 85 86 86 86 86 86 87 88 88 87 88 88 89 90 90 91 91 91 92 92 92 92 92 92 92 92 92 92 92 92 92 92 93 93 94 93 94 94 94 94 95 95 95 95 95 96 96 96 96 96 97 97 97 97 96 96 96 96 96 96 96 97 97 98 98 97 97 98 99 98 97 98 99 100 100 100 100 101 100 100 101 100 100 101 101 101 101 101 100 101 101 103 103 103 103 103 103 103 104 104 104 104 103 103 103 103 103 104 104 104 104 103 104 104 104 104 104 104 104 104 104 104 104 104 104 104 105 105 105 106 106 107 108 108 109 109 109 109 109 110 110 110 111 111 111 112 112 112 113 113 113 112 112 111 111 112 112 112 112 112 112 112 112 113 114 113 113 114 113 113 114 113 113 114 114 114 114 115 115 115 114 115 115 115 116 116 116 116 116 116 117 116 117 117 117 117 118 118 118 118 119 119 120 120 121 121 120 120 120 120 121 122 122 122 122 122 122 121 122 122 122 122 122 122 122 123 123 123 123 123 123 123 123 123 124 124 124 124 125 125 125 125 126 126 126 126 127 127 127 127 127 127 127 127 128 128 128 128 128 128 129 129 129 129 129 129 130 130 130 130 130 131 131 131 131 131 131 131 131 131 131 131 131 131 131 130 130 131 131 131 131 130 130 130 130 130 130 130 130 130 130 130 131 131 131 131 131 132 132 132 132 132 132 132 132 132 132 132 132 132 132 133 132 132 132 132 132 132 132 132 132 131 131 131 131 131 131 131 131 131 132 132 132 132 132 132 133 133 133 133 133 133 133 133 133 134 134 134 135 136 136 137 NA NA NA NA NA NA NA NA NA NA NA NA NA NA NA NA NA NA NA NA NA NA NA NA NA NA NA NA NA NA NA NA NA NA NA NA NA NA NA NA NA
NA NA NA NA NA NA NA NA NA NA NA NA NA NA NA NA NA NA NA NA NA NA NA NA NA NA NA NA NA NA NA NA NA NA NA NA NA NA NA NA NA NA NA NA NA NA NA NA NA NA NA NA NA NA NA NA NA NA NA NA NA NA NA NA NA NA NA NA NA NA NA 85 85 85 86 86 86 86 86 86 86 87 87 87 87 87 87 87 87 87 86 86 85 86 86 85 85 85 84 85 85 85 86 86 86 87 87 88 88 87 88 88 89 89 90 91 91 91 91 92 92 92 92 92 92 92 92 92 92 92 92 92 93 93 93 94 94 94 95 95 95 95 95 95 95 96 96 96 96 97 97 97 97 97 97 97 97 97 96 96 97 97 98 98 98 97 97 98 99 99 98 98 99 99 100 99 100 101 101 100 100 100 101 102 101 101 102 101 101 101 102 103 103 103 103 103 104 103 104 104 104 104 103 103 102 103 103 104 104 104 104 104 104 104 103 103 103 103 103 104 104 104 104 105 105 105 105 106 106 106 106 106 107 108 108 108 108 108 109 109 110 110 111 111 112 112 112 112 113 113 113 113 113 112 112 112 112 112 112 112 112 112 112 113 113 114 114 114 114 114 113 113 113 113 114 114 114 114 114 115 115 114 115 115 115 115 115 116 116 116 116 116 117 117 117 118 118 118 119 119 119 120 120 120 120 121 121 121 121 121 122 122 122 123 123 123 122 122 123 123 123 122 122 123 123 123 123 123 122 123 123 123 123 124 124 124 125 125 125 125 125 125 126 127 127 127 127 127 127 127 128 128 127 127 127 128 128 128 128 128 129 129 129 129 129 130 130 130 130 130 130 130 131 131 131 131 131 131 131 131 131 131 131 131 131 131 130 130 131 130 130 130 130 130 130 130 130 130 130 130 130 130 130 130 131 131 131 131 132 132 132 132 132 132 132 132 132 132 132 132 132 132 132 132 132 132 132 131 131 131 132 131 131 131 132 131 131 131 131 131 131 131 132 132 132 132 132 132 132 132 133 134 134 133 133 133 134 135 136 136 136 136 137 NA NA NA NA NA NA NA NA NA NA NA NA NA NA NA NA NA NA NA NA NA NA NA NA NA NA NA NA NA NA NA NA NA NA NA NA NA NA NA NA
NA NA NA NA NA NA NA NA NA NA NA NA NA NA NA NA NA NA NA NA NA NA NA NA NA NA NA NA NA NA NA NA NA NA NA NA NA NA NA NA NA NA NA NA NA NA NA NA NA NA NA NA NA NA NA NA NA NA NA NA NA NA NA NA NA NA NA NA NA NA NA NA NA NA NA NA 86 86 87 86 87 87 87 87 87 87 87 87 87 86 86 86 85 86 86 86 86 85 85 85 85 85 85 86 86 87 87 87 87 87 88 89 89 90 91 91 91 91 92 92 92 92 92 92 92 92 93 93 93 93 93 93 93 93 93 94 94 94 95 95 95 95 96 96 96 96 96 97 96 97 97 97 97 97 97 97 96 96 96 96 96 97 98 98 97 97 97 98 98 99 98 98 99 100 100 100 100 100 100 101 101 101 102 102 101 101 102 102 101 101 102 103 103 103 104 104 104 104 103 104 104 104 103 103 103 102 103 103 103 104 104 104 104 104 103 103 103 103 103 104 104 104 105 105 105 106 106 107 107 107 106 106 106 107 107 107 108 108 109 109 110 111 112 111 112 112 113 112 112 113 113 113 113 112 112 112 112 112 112 112 112 113 113 112 113 113 113 114 114 114 114 113 113 113 114 114 114 114 114 115 114 114 114 115 115 115 115 116 116 117 117 116 117 117 118 118 119 119 119 119 119 120 120 120 120 121 120 120 121 121 122 122 121 122 123 123 123 123 124 124 123 123 122 123 122 122 123 122 122 123 123 123 124 124 124 125 125 125 125 125 125 125 127 127 127 127 127 127 127 128 127 127 127 127 127 128 128 128 128 129 129 129 129 129 130 130 129 129 130 130 130 130 130 130 130 130 131 131 130 131 131 131 131 131 131 131 131 131 131 131 131 131 131 130 130 130 130 130 130 130 130 130 130 130 130 130 130 131 131 131 132 132 132 132 132 132 132 132 132 132 132 132 132 132 132 132 132 132 131 131 131 131 131 131 132 132 131 131 131 131 131 131 131 132 132 132 132 133 132 133 132 133 134 133 133 133 134 135 135 135 134 135 135 136 137 136 136 136 135 136 136 NA NA NA NA NA NA NA NA NA NA NA NA NA NA NA NA NA NA NA NA NA NA NA NA NA NA NA NA NA NA NA NA
NA NA NA NA NA NA NA NA NA NA NA NA NA NA NA NA NA NA NA NA NA NA NA NA NA NA NA NA NA NA NA NA NA NA NA NA NA NA NA NA NA NA NA NA NA NA NA NA NA NA NA NA NA NA NA NA NA NA NA NA NA NA NA NA NA NA NA NA NA NA NA NA NA NA NA NA 87 87 87 87 87 87 87 87 87 87 87 87 87 86 85 85 85 85 86 86 86 85 85 85 86 86 86 86 86 87 87 87 87 88 89 90 91 91 91 91 91 91 91 92 92 92 92 93 93 93 93 93 93 93 93 93 93 93 93 94 94 95 95 95 95 96 96 96 96 96 96 97 97 97 97 97 97 97 97 97 98 97 96 96 97 97 97 98 97 97 98 98 98 99 99 99 99 100 100 100 100 100 100 101 101 101 102 101 101 102 102 102 102 101 102 102 102 103 103 104 104 104 103 104 104 103 103 103 103 103 102 103 103 104 104 104 104 104 104 103 103 103 103 104 104 104 104 105 105 106 107 107 107 106 106 106 107 107 108 108 108 108 108 109 110 110 112 112 112 113 113 112 112 112 113 113 113 112 112 111 112 112 112 113 113 113 113 113 113 113 113 113 114 114 114 114 113 113 114 114 114 115 115 114 114 114 114 115 115 115 116 116 117 117 117 117 118 118 118 119 119 119 119 119 119 120 119 120 120 120 120 120 121 122 122 121 121 122 122 122 122 123 123 123 123 123 122 123 123 123 123 123 123 122 123 123 124 124 124 125 125 125 125 125 125 125 127 127 127 127 127 128 127 127 127 127 127 127 127 128 128 128 128 129 129 129 129 129 129 129 129 129 130 130 130 130 130 130 130 130 131 131 130 131 131 131 131 131 131 131 131 130 130 131 131 131 131 131 130 131 131 131 130 130 130 131 131 130 130 130 130 131 131 131 131 131 131 131 131 131 131 132 132 131 132 132 132 132 132 132 132 132 132 132 131 131 131 130 131 132 132 131 132 132 132 132 131 131 132 132 132 133 133 133 133 133 133 133 134 134 134 135 134 134 133 134 134 135 136 136 135 134 134 135 135 135 136 NA NA NA NA NA NA NA NA NA NA NA NA NA NA NA NA NA NA NA NA NA NA NA NA NA NA NA NA NA NA
NA NA NA NA NA NA NA NA NA NA NA NA NA NA NA NA NA NA NA NA NA NA NA NA NA NA NA NA NA NA NA NA NA NA NA NA NA NA NA NA NA NA NA NA NA NA NA NA NA NA NA NA NA NA NA NA NA NA NA NA NA NA NA NA NA NA NA NA NA NA NA NA NA NA NA NA 87 87 87 87 87 87 87 87 87 87 87 87 87 87 86 86 85 85 85 85 85 85 85 86 87 87 87 87 86 87 87 87 87 88 89 90 90 91 91 92 91 91 92 92 92 93 93 93 93 93 93 93 93 93 93 93 94 94 94 94 94 95 95 95 95 95 96 96 96 96 96 96 97 97 97 97 97 97 98 98 98 97 97 96 97 97 98 98 97 97 98 98 98 99 99 100 100 100 101 100 100 100 100 101 101 101 101 101 101 102 102 102 102 102 102 102 103 103 103 104 104 103 103 103 103 103 103 103 103 103 102 103 103 103 103 104 104 104 104 104 104 104 104 104 104 104 104 105 105 106 107 107 107 106 106 107 108 108 108 108 108 109 109 109 109 110 112 112 112 112 112 112 112 113 113 113 113 112 112 112 112 112 113 113 113 112 112 113 113 113 113 113 113 113 114 114 114 114 114 114 114 114 115 115 114 114 114 115 115 115 115 116 117 117 117 117 118 118 118 118 119 119 119 119 119 120 119 119 120 119 120 121 121 121 121 121 121 121 122 121 122 122 122 123 123 123 123 123 123 123 123 123 123 123 123 123 124 124 125 125 124 125 125 125 125 125 126 126 126 127 127 127 127 127 127 127 127 127 128 128 128 128 129 129 129 129 129 129 129 129 129 129 130 130 130 130 130 130 130 130 130 130 130 130 130 131 131 131 130 131 130 130 130 130 130 131 131 131 131 131 131 131 130 130 130 131 130 130 130 130 130 131 131 131 131 131 131 131 131 131 131 131 131 131 131 131 131 131 131 132 132 132 132 132 132 131 131 131 130 131 132 131 132 132 133 132 132 131 131 132 132 132 132 132 133 133 133 134 135 135 135 134 133 133 133 133 134 134 134 134 135 134 133 133 134 134 134 135 NA NA NA NA NA NA NA NA NA NA NA NA NA NA NA NA NA NA NA NA NA NA NA NA NA NA NA NA NA
NA NA NA NA NA NA NA NA NA NA NA NA NA NA NA NA NA NA NA NA NA NA NA NA NA NA NA NA NA NA NA NA NA NA NA NA NA NA NA NA NA NA NA NA NA NA NA NA NA NA NA NA NA NA NA NA NA NA NA NA NA NA NA NA NA NA NA NA NA NA NA NA NA NA NA NA NA 87 87 87 87 88 88 88 88 87 87 87 86 86 85 85 85 85 85 85 85 85 85 86 87 87 87 87 87 87 88 88 87 87 88 89 89 90 91 91 91 91 92 92 92 92 93 93 93 93 93 93 93 93 93 94 94 94 94 94 94 95 95 95 95 95 96 96 96 96 96 96 96 97 97 97 97 97 97 98 98 97 96 96 97 97 98 98 97 98 98 98 98 99 100 100 100 100 101 101 101 100 101 101 101 101 101 101 101 102 102 102 102 101 102 103 103 103 104 104 103 103 103 103 102 102 102 102 103 103 103 103 103 103 103 103 104 104 104 104 104 104 104 104 104 104 104 105 106 106 107 107 107 106 106 107 108 109 109 109 109 109 110 109 109 110 112 112 113 112 112 112 112 113 113 114 113 113 112 112 112 112 112 112 112 112 113 113 114 113 113 113 113 113 113 114 114 114 114 114 114 114 114 114 114 115 114 114 115 115 116 116 116 117 117 117 118 118 118 119 119 119 119 118 119 119 120 119 120 119 120 120 120 121 121 121 120 121 121 121 121 122 122 122 122 122 123 123 123 124 124 124 123 124 123 123 124 124 124 124 124 124 125 125 125 125 126 126 126 126 126 126 126 127 127 127 127 127 128 128 128 128 129 129 129 129 129 129 129 129 129 129 130 130 130 130 130 130 130 130 130 130 130 130 130 130 130 130 130 130 130 130 130 130 131 131 131 131 131 131 131 131 131 131 131 131 131 130 130 131 131 131 130 131 131 131 131 131 131 131 131 131 131 131 132 132 131 131 131 131 132 132 132 132 132 132 131 131 130 131 132 132 131 132 132 132 132 132 131 131 132 132 132 133 133 134 134 135 135 135 134 134 133 133 132 132 132 133 134 133 133 135 134 133 133 134 134 135 136 NA NA NA NA NA NA NA NA NA NA NA NA NA NA NA NA NA NA NA NA NA NA NA NA NA NA NA NA
NA NA NA NA NA NA NA NA NA NA NA NA NA NA NA NA NA NA NA NA NA NA NA NA NA NA NA NA NA NA NA NA NA NA NA NA NA NA NA NA NA NA NA NA NA NA NA NA NA NA NA NA NA NA NA NA NA NA NA NA NA NA NA NA NA NA NA NA NA NA NA NA NA NA NA NA NA 87 87 87 87 88 88 88 88 87 86 86 85 85 86 87 86 86 86 86 85 85 85 86 86 87 87 87 87 88 88 88 88 88 89 90 89 89 90 91 91 91 91 92 92 92 92 93 93 93 93 93 93 93 94 94 94 95 95 94 94 94 95 95 95 95 96 96 96 96 97 97 97 97 97 97 97 97 98 98 98 98 97 97 97 97 98 98 98 99 98 99 100 100 100 100 100 101 101 100 100 101 101 101 102 102 102 101 101 101 102 102 102 101 102 102 103 104 104 104 103 103 103 102 102 102 102 102 103 104 103 103 103 103 103 103 103 103 103 104 104 104 104 104 104 104 105 105 105 106 106 107 107 107 107 107 108 109 109 110 110 110 110 110 110 110 112 112 113 113 112 112 112 113 113 113 113 112 112 112 112 112 112 113 112 113 113 113 114 113 113 113 114 113 113 113 114 114 114 114 114 115 114 114 115 114 114 114 115 115 116 116 116 116 117 117 118 118 118 118 119 119 119 119 118 119 119 119 119 119 119 120 120 120 120 120 121 121 121 121 121 122 122 122 122 122 122 123 123 123 123 123 123 124 124 124 124 124 124 124 124 124 124 124 124 125 126 126 126 126 126 127 127 127 127 127 127 127 128 128 128 128 129 129 129 129 129 129 129 129 129 130 130 130 130 130 130 130 130 130 130 130 130 130 130 130 130 130 130 130 130 130 130 130 131 130 131 131 131 131 131 131 131 131 132 132 132 132 132 132 132 131 131 130 130 130 130 131 131 132 131 132 132 132 132 132 131 131 131 131 131 131 132 132 132 132 132 131 130 130 131 131 131 131 131 132 132 132 131 131 131 131 131 132 133 134 134 134 134 134 133 134 134 134 133 133 132 133 133 133 133 134 134 133 133 133 134 134 134 135 NA NA NA NA NA NA NA NA NA NA NA NA NA NA NA NA NA NA NA NA NA NA NA NA NA NA NA
NA NA NA NA NA NA NA NA NA NA NA NA NA NA NA NA NA NA NA NA NA NA NA NA NA NA NA NA NA NA NA NA NA NA NA NA NA NA NA NA NA NA NA NA NA NA NA NA NA NA NA NA NA NA NA NA NA NA NA NA NA NA NA NA NA NA NA NA NA NA NA NA NA NA NA NA NA NA 87 87 88 88 88 88 88 87 86 85 86 86 86 87 86 87 87 86 86 85 85 86 86 86 87 87 87 87 88 89 89 89 90 91 91 90 90 91 91 91 91 91 91 92 92 93 93 93 93 93 94 94 94 94 95 95 95 95 95 95 95 95 96 96 96 96 96 96 97 97 97 97 97 97 98 98 98 98 98 98 97 97 98 98 98 98 98 99 99 99 100 101 101 100 100 101 101 101 101 101 101 101 102 101 101 101 102 102 102 102 102 102 102 103 104 104 104 104 103 103 103 103 102 102 102 103 104 104 103 103 103 103 103 103 103 104 104 104 104 104 104 104 104 104 104 104 105 105 106 107 107 108 108 108 109 109 109 110 111 111 111 111 110 110 111 112 113 113 113 113 112 113 113 112 111 112 112 112 113 113 112 112 112 113 113 113 113 113 113 113 113 113 113 113 113 113 113 113 114 114 114 114 114 114 114 114 114 115 115 116 116 116 116 117 118 118 118 118 118 118 118 118 118 118 119 119 119 119 119 120 120 120 120 120 121 121 121 121 121 122 122 122 122 122 122 122 122 123 123 123 123 123 123 123 123 124 124 124 124 124 124 124 124 124 126 126 126 126 126 127 127 127 127 127 127 127 128 128 128 128 129 129 129 129 129 129 129 129 129 130 130 130 130 130 130 130 130 130 130 130 130 130 130 130 131 131 130 130 130 130 130 130 130 130 130 130 130 130 130 129 130 131 131 131 130 130 131 131 131 132 132 131 131 131 131 131 132 132 132 132 132 132 132 132 131 131 131 131 131 131 131 132 132 132 132 131 130 130 130 131 131 131 131 131 132 132 132 131 131 132 132 132 132 133 133 134 134 133 133 133 134 134 133 133 132 132 133 133 133 133 133 133 133 133 133 133 134 134 135 NA NA NA NA NA NA NA NA NA NA NA NA NA NA NA NA NA NA NA NA NA NA NA NA NA NA
NA NA NA NA NA NA NA NA NA NA NA NA NA NA NA NA NA NA NA NA NA NA NA NA NA NA NA NA NA NA NA NA NA NA NA NA NA NA NA NA NA NA NA NA NA NA NA NA NA NA NA NA NA NA NA NA NA NA NA NA NA NA NA NA NA NA NA NA NA NA NA NA NA NA NA NA NA NA NA 88 88 88 88 88 88 87 86 86 87 87 87 88 87 88 87 86 86 86 86 86 86 86 87 87 88 87 88 88 88 89 89 90 91 91 90 90 90 91 92 92 92 92 93 93 93 93 93 94 94 94 94 95 95 94 94 95 95 95 95 95 95 96 96 96 96 97 97 97 97 97 97 97 98 98 98 98 99 98 97 97 98 98 98 98 98 98 99 100 100 101 101 101 101 101 102 102 101 101 101 101 101 101 101 101 102 102 102 102 102 102 102 102 104 104 104 103 103 103 102 102 102 103 103 103 104 104 104 103 103 103 103 103 103 104 104 104 104 104 103 104 104 104 105 105 105 106 106 107 108 108 109 109 109 110 110 110 111 111 111 111 110 111 112 113 113 113 113 112 112 112 112 111 111 111 111 111 112 112 112 112 113 113 113 114 114 113 113 113 113 113 113 113 114 114 114 114 114 114 114 115 114 114 114 114 114 114 115 115 116 116 116 116 117 117 118 118 118 118 118 118 118 118 119 119 119 119 119 120 120 120 120 120 121 121 121 121 121 121 121 122 122 122 122 122 122 122 123 123 123 123 123 123 123 124 124 124 124 124 124 124 124 124 126 126 126 127 127 127 127 127 127 127 127 127 127 128 128 128 128 129 129 129 129 129 129 129 129 130 130 130 130 130 130 130 130 130 130 130 130 130 130 130 130 130 130 130 130 130 130 130 130 129 129 129 129 129 128 128 129 129 129 129 129 129 129 130 131 131 132 132 132 132 132 132 132 132 132 132 132 132 132 132 132 131 131 131 131 131 131 131 131 132 132 131 130 131 130 130 131 131 131 132 132 132 132 132 132 132 132 132 133 133 132 132 133 133 132 133 133 133 132 132 132 132 132 132 132 132 133 133 133 134 134 134 134 134 135 136 136 NA NA NA NA NA NA NA NA NA NA NA NA NA NA NA NA NA NA NA NA NA NA NA NA
NA NA NA NA NA NA NA NA NA NA NA NA NA NA NA NA NA NA NA NA NA NA NA NA NA NA NA NA NA NA NA NA NA NA NA NA NA NA NA NA NA NA NA NA NA NA NA NA NA NA NA NA NA NA NA NA NA NA NA NA NA NA NA NA NA NA NA NA NA NA NA NA NA NA NA NA NA NA NA NA 88 88 88 88 89 88 87 87 87 87 87 88 88 88 87 87 86 87 87 87 87 87 87 87 89 89 89 89 89 89 90 90 91 92 92 92 91 92 93 93 93 93 93 93 94 94 94 94 94 94 95 95 95 95 95 95 95 96 96 96 96 96 96 96 96 97 97 97 97 97 98 98 98 98 99 99 99 98 98 97 98 98 99 98 99 99 100 99 100 101 101 100 100 101 101 101 102 102 102 102 102 102 102 102 102 102 102 103 103 103 103 103 103 103 103 103 103 102 102 102 102 102 103 103 103 103 103 103 103 103 103 103 103 103 103 103 103 103 103 103 104 104 104 105 105 105 106 106 107 107 109 109 109 109 110 110 111 111 111 111 111 111 112 112 112 112 112 111 111 111 111 111 111 111 111 111 111 111 111 111 111 112 112 112 112 112 112 112 112 112 112 113 112 113 113 113 113 113 113 113 113 113 114 114 114 114 114 114 114 115 115 115 117 117 117 117 118 118 118 118 118 118 118 118 119 119 119 119 120 120 120 120 120 120 120 120 121 121 121 121 121 121 121 121 122 122 122 122 123 123 123 123 123 123 123 124 124 124 124 124 124 124 125 125 125 126 126 126 126 126 126 126 126 126 126 126 127 127 127 128 128 128 128 128 128 128 128 129 129 129 129 129 129 129 129 129 129 129 129 129 129 129 129 129 129 129 129 129 129 128 128 129 130 129 129 128 128 129 129 129 129 129 129 129 129 129 130 130 130 131 131 132 132 132 132 132 132 132 132 132 133 132 132 132 131 130 131 131 131 131 131 132 132 132 131 131 131 131 131 131 131 132 132 132 133 132 132 132 132 132 133 133 133 133 132 133 133 134 134 133 133 133 134 134 134 134 133 134 134 135 135 135 136 136 136 136 136 136 136 136 137 NA NA NA NA NA NA NA NA NA NA NA NA NA NA NA NA NA NA NA NA NA NA
NA NA NA NA NA NA NA NA NA NA NA NA NA NA NA NA NA NA NA NA NA NA NA NA NA NA NA NA NA NA NA NA NA NA NA NA NA NA NA NA NA NA NA NA NA NA NA NA NA NA NA NA NA NA NA NA NA NA NA NA NA NA NA NA NA NA NA NA NA NA NA NA NA NA NA NA NA NA NA NA NA NA NA 89 89 89 88 88 87 87 88 88 88 87 87 87 87 87 87 87 87 88 87 87 88 88 89 89 90 90 91 90 91 91 92 92 91 91 92 93 93 94 94 94 94 94 94 94 94 95 95 95 95 95 95 95 95 96 96 96 96 96 96 96 96 97 97 97 97 97 97 97 98 98 98 98 98 99 99 98 98 99 99 99 100 100 100 100 100 100 100 99 100 100 100 101 101 102 102 102 102 102 102 103 103 102 103 103 104 104 103 103 103 103 103 103 103 102 102 102 102 102 103 103 103 103 103 103 103 103 103 103 103 102 103 103 103 103 103 103 104 104 104 105 105 106 106 106 106 107 108 109 109 109 110 110 111 111 111 111 112 112 112 112 111 111 111 112 111 111 111 111 110 111 112 112 111 111 112 112 111 111 111 111 111 111 111 111 112 112 112 113 113 113 113 113 113 113 113 113 113 114 114 114 115 114 114 114 114 115 115 115 117 117 117 117 118 118 118 118 118 118 118 118 119 119 119 120 120 120 120 120 120 120 120 121 121 121 121 121 121 121 121 121 122 122 122 122 123 123 123 123 123 123 123 124 124 124 124 124 124 124 125 125 125 125 126 126 126 126 126 126 126 126 126 126 127 127 127 127 128 128 128 128 128 128 128 128 128 129 129 129 129 129 129 129 129 129 129 129 129 129 129 129 129 129 129 129 128 129 129 130 130 130 129 129 129 129 130 131 130 129 129 129 129 129 129 130 130 130 131 131 131 131 131 132 132 132 132 132 132 132 131 131 131 131 131 131 131 131 131 131 131 132 131 131 131 131 131 131 131 131 132 132 132 132 132 132 132 132 133 133 133 133 133 133 133 133 133 133 133 133 133 133 134 135 135 134 135 135 136 136 136 137 137 136 136 136 135 136 136 NA NA NA NA NA NA NA NA NA NA NA NA NA NA NA NA NA NA NA NA NA NA
NA NA NA NA NA NA NA NA NA NA NA NA NA NA NA NA NA NA NA NA NA NA NA NA NA NA NA NA NA NA NA NA NA NA NA NA NA NA NA NA NA NA NA NA NA NA NA NA NA NA NA NA NA NA NA NA NA NA NA NA NA NA NA NA NA NA NA NA NA NA NA NA NA NA NA NA NA NA NA NA NA NA NA NA NA NA 89 88 88 88 88 88 88 87 87 87 88 87 87 87 88 88 87 87 87 87 88 89 89 90 90 91 91 92 92 92 92 92 92 92 92 93 93 94 94 94 94 95 95 95 95 95 95 95 95 95 96 96 96 96 96 97 96 96 97 97 97 97 97 97 97 97 98 98 98 98 98 99 99 99 99 99 99 99 99 100 100 100 100 100 100 99 100 99 99 100 101 102 102 102 102 102 103 103 103 102 103 103 104 104 103 103 102 102 102 103 103 103 103 102 102 102 102 102 102 102 102 103 103 103 103 103 103 103 103 103 103 103 103 104 104 104 105 105 105 105 106 105 106 106 107 108 109 110 110 110 110 111 111 111 112 112 112 111 111 111 111 111 111 111 111 111 111 112 112 112 112 112 112 112 111 111 112 111 112 112 112 112 112 112 112 112 113 113 114 113 113 112 113 113 113 114 114 114 114 114 114 114 114 115 115 115 117 117 117 118 118 118 118 118 118 118 118 118 119 119 119 119 119 120 120 120 120 120 120 121 121 121 121 121 121 121 121 121 122 122 122 122 122 123 123 123 123 123 123 123 124 124 124 124 124 124 125 125 125 125 125 126 126 126 126 126 126 126 126 126 126 127 127 127 128 128 128 128 128 128 128 128 128 128 128 128 128 128 128 128 128 129 129 129 129 129 129 129 129 129 129 128 128 129 129 129 130 130 129 129 129 129 129 130 130 129 129 129 129 129 129 129 130 130 130 130 130 131 131 131 131 131 131 131 131 131 131 131 130 131 131 131 131 131 131 131 131 131 131 131 131 131 131 131 130 130 131 132 132 132 131 132 132 132 133 132 133 132 133 133 133 133 132 132 133 133 133 134 134 135 135 135 135 136 136 136 135 135 136 135 135 135 136 136 137 137 NA NA NA NA NA NA NA NA NA NA NA NA NA NA NA NA NA NA NA NA NA
NA NA NA NA NA NA NA NA NA NA NA NA NA NA NA NA NA NA NA NA NA NA NA NA NA NA NA NA NA NA NA NA NA NA NA NA NA NA NA NA NA NA NA NA NA NA NA NA NA NA NA NA NA NA NA NA NA NA NA NA NA NA NA NA NA NA NA NA NA NA NA NA NA NA NA NA NA NA NA NA NA NA NA NA NA NA NA 89 88 88 88 88 88 87 87 87 87 88 88 89 89 88 88 88 88 87 87 88 89 89 89 91 92 93 93 93 93 93 92 92 93 93 94 94 94 94 94 95 95 95 95 95 95 95 96 96 96 96 96 96 96 96 96 96 97 97 97 97 97 97 97 97 98 98 98 98 99 99 99 99 99 99 99 99 100 99 100 100 100 100 99 99 100 99 100 100 101 101 102 102 102 102 103 103 103 103 103 104 104 104 103 102 102 101 102 103 103 103 103 103 103 102 102 102 102 102 102 102 103 103 103 103 103 103 103 103 103 104 104 104 104 105 105 105 105 105 105 105 106 106 107 108 109 110 110 110 110 111 111 111 112 112 111 111 110 110 110 110 111 111 111 111 111 112 112 112 112 112 112 112 112 112 112 112 112 112 112 112 112 111 112 112 112 113 113 113 113 113 113 113 113 114 114 114 114 114 114 114 114 115 115 115 116 117 117 117 118 118 118 118 118 118 118 118 119 119 119 119 119 119 120 120 120 120 120 120 121 121 121 121 121 121 121 121 121 122 122 122 122 123 123 123 123 123 123 123 124 124 124 124 124 124 124 125 125 125 125 125 126 126 126 126 126 126 126 126 126 127 127 127 127 128 128 128 128 128 128 128 128 128 128 128 128 128 128 128 128 128 128 128 128 128 128 128 128 128 128 128 128 128 128 129 130 130 130 130 130 129 129 130 130 129 129 129 128 129 128 129 129 129 130 130 131 130 130 130 131 131 131 131 131 131 132 132 131 131 131 131 131 130 130 131 131 130 131 131 131 131 131 131 131 130 130 131 131 132 131 132 132 132 132 132 132 132 132 132 132 132 132 133 133 133 133 134 135 134 134 135 135 135 135 135 135 135 135 134 135 135 136 137 137 137 137 NA NA NA NA NA NA NA NA NA NA NA NA NA NA NA NA NA NA NA NA
NA NA NA NA NA NA NA NA NA NA NA NA NA NA NA NA NA NA NA NA NA NA NA NA NA NA NA NA NA NA NA NA NA NA NA NA NA NA NA NA NA NA NA NA NA NA NA NA NA NA NA NA NA NA NA NA NA NA NA NA NA NA NA NA NA NA NA NA NA NA NA NA NA NA NA NA NA NA NA NA NA NA NA NA NA NA 89 90 89 88 88 88 88 87 87 88 88 88 89 89 89 88 89 89 89 89 88 87 88 89 89 91 92 93 93 93 94 94 93 93 93 93 94 94 94 94 95 95 95 95 95 95 95 95 95 96 96 96 96 96 96 97 96 97 97 97 97 97 97 97 97 98 98 98 98 98 98 98 98 99 99 99 99 99 99 99 100 100 100 100 99 99 99 99 100 100 100 101 101 102 102 102 103 104 104 103 103 104 104 104 103 103 102 101 102 102 103 103 103 102 102 102 102 102 102 102 102 102 102 103 103 103 103 103 103 103 103 104 104 105 105 105 104 105 105 105 105 105 106 107 107 108 109 109 109 110 110 110 111 111 112 112 112 112 111 111 111 111 111 111 112 111 112 112 112 112 111 111 111 112 112 112 112 113 113 113 112 112 111 111 112 113 112 113 113 113 113 113 113 113 113 114 114 114 114 114 114 114 115 115 115 115 117 117 117 117 117 118 118 118 118 118 118 118 118 119 119 119 119 120 119 120 120 120 120 120 121 121 121 121 121 121 121 121 121 122 122 122 122 122 123 123 123 123 123 123 123 124 124 124 124 124 124 125 125 125 125 125 126 126 126 126 126 126 126 126 127 127 127 127 127 127 128 128 128 128 128 128 128 128 128 128 128 128 129 129 128 128 128 128 128 128 128 128 128 128 128 128 128 128 128 128 129 129 130 130 130 130 129 129 130 130 130 129 129 129 129 128 128 129 129 130 130 130 130 131 131 131 131 131 131 132 132 132 131 131 131 130 130 130 130 130 130 130 131 131 131 131 131 131 131 131 131 130 131 131 131 131 132 132 132 131 131 131 131 131 132 133 133 133 134 134 134 134 135 133 133 134 134 135 135 135 134 134 134 135 135 136 136 136 136 136 135 NA NA NA NA NA NA NA NA NA NA NA NA NA NA NA NA NA NA NA NA
NA NA NA NA NA NA NA NA NA NA NA NA NA NA NA NA NA NA NA NA NA NA NA NA NA NA NA NA NA NA NA NA NA NA NA NA NA NA NA NA NA NA NA NA NA NA NA NA NA NA NA NA NA NA NA NA NA NA NA NA NA NA NA NA NA NA NA NA NA NA NA NA NA NA NA NA NA NA NA NA NA NA NA NA NA 89 90 90 89 89 89 89 88 87 88 88 89 89 89 89 89 89 90 89 89 89 89 88 88 90 90 91 92 92 93 93 94 94 94 94 94 94 94 94 94 94 94 94 94 95 95 95 95 96 96 96 96 96 96 96 96 97 97 97 97 97 97 97 97 97 97 98 98 98 98 98 98 98 98 98 99 99 99 99 99 99 100 100 100 100 99 99 99 100 101 101 100 100 101 102 102 103 103 103 103 103 103 104 103 103 102 102 101 101 101 102 103 103 103 102 102 102 102 102 102 102 102 102 102 103 103 103 103 103 103 103 103 103 104 104 104 104 105 105 105 105 106 106 106 106 107 108 108 109 109 109 110 110 111 111 112 112 112 111 111 111 111 110 111 111 111 111 111 111 111 111 111 111 111 111 111 112 112 112 112 113 113 112 112 112 112 113 112 112 113 113 114 114 113 113 114 114 115 115 114 114 114 115 115 115 115 116 117 117 117 117 117 118 118 118 118 118 118 118 118 119 119 119 119 119 119 120 120 120 120 120 120 121 121 121 121 121 121 121 121 121 122 122 122 122 123 123 123 123 123 123 123 123 124 124 124 124 124 124 125 125 125 125 125 125 126 126 126 126 126 126 126 127 127 127 127 127 127 127 127 127 128 128 128 128 128 128 128 128 128 129 128 128 128 128 128 128 128 128 128 128 128 128 128 128 129 129 129 130 129 129 130 130 130 130 130 130 130 129 129 129 129 129 129 129 129 129 130 130 130 130 130 130 130 130 131 131 131 131 131 130 130 130 130 130 130 130 130 130 130 131 131 131 131 131 131 131 131 131 130 131 131 131 132 131 131 130 131 132 132 132 132 132 132 132 132 133 134 134 134 133 133 134 135 135 135 135 135 134 134 134 135 135 136 136 135 134 134 NA NA NA NA NA NA NA NA NA NA NA NA NA NA NA NA NA NA NA NA
NA NA NA NA NA NA NA NA NA NA NA NA NA NA NA NA NA NA NA NA NA NA NA NA NA NA NA NA NA NA NA NA NA NA NA NA NA NA NA NA NA NA NA NA NA NA NA NA NA NA NA NA NA NA NA NA NA NA NA NA NA NA NA NA NA NA NA NA NA NA NA NA NA NA NA NA NA NA NA NA NA NA NA NA NA 90 90 89 90 90 89 89 88 88 89 89 90 89 89 89 90 90 90 90 90 90 89 88 88 89 90 91 92 92 93 93 94 94 94 94 95 95 95 95 94 94 94 94 94 95 95 95 96 96 96 96 96 96 96 96 97 97 97 97 97 97 97 97 97 97 97 98 98 98 98 98 98 98 98 98 98 99 99 99 99 99 100 100 100 100 99 99 99 100 100 101 101 100 100 101 102 102 103 103 103 103 103 103 102 102 102 102 101 101 101 102 102 102 103 103 103 102 102 102 102 102 103 103 103 103 103 103 103 103 103 103 103 103 103 104 104 105 105 105 105 106 106 106 106 106 107 107 108 108 109 109 110 110 111 111 112 111 112 112 111 110 110 110 111 111 111 111 111 112 111 111 111 111 112 112 111 111 111 111 112 112 113 113 112 113 112 113 113 112 113 113 114 114 114 114 114 115 115 115 114 114 114 115 115 115 115 115 117 117 117 117 117 117 118 118 118 118 118 118 118 118 119 119 119 119 119 119 120 120 120 120 120 120 121 121 121 121 121 121 121 121 122 122 122 122 122 122 123 123 123 123 123 123 123 124 124 124 125 125 125 125 125 125 125 125 125 126 126 126 126 126 126 126 126 127 127 127 127 127 127 127 127 127 128 128 128 128 128 128 128 128 128 128 128 128 127 128 128 129 129 128 128 128 128 128 128 129 130 130 130 130 129 130 130 130 130 130 130 130 130 130 129 129 129 129 129 129 129 129 130 130 129 130 130 130 130 131 130 130 131 130 130 130 130 130 130 130 130 130 130 130 131 131 130 130 131 131 131 131 131 131 131 131 131 131 130 131 131 132 133 132 132 131 131 132 132 133 133 133 133 132 133 133 134 135 135 135 135 134 134 134 135 135 136 135 134 134 134 135 NA NA NA NA NA NA NA NA NA NA NA NA NA NA NA NA NA NA NA
NA NA NA NA NA NA NA NA NA NA NA NA NA NA NA NA NA NA NA NA NA NA NA NA NA NA NA NA NA NA NA NA NA NA NA NA NA NA NA NA NA NA NA NA NA NA NA NA NA NA NA NA NA NA NA NA NA NA NA NA NA NA NA NA NA NA NA NA NA NA NA NA NA NA NA NA NA NA NA NA NA NA NA NA NA NA 90 90 90 90 90 90 89 89 89 89 90 89 89 89 90 90 90 90 90 89 88 88 90 90 91 91 91 92 92 93 93 94 94 94 95 95 95 95 94 94 94 94 94 95 96 96 96 96 96 96 96 96 96 96 96 97 96 97 97 97 97 97 97 97 97 98 98 98 98 98 98 98 98 99 99 99 99 99 99 100 100 100 100 100 99 99 99 99 100 100 101 100 100 101 101 102 102 102 103 103 102 102 102 101 102 102 102 102 102 102 102 102 103 103 103 103 102 102 102 102 102 103 103 103 103 103 103 103 103 103 104 104 104 103 104 104 104 105 105 106 105 105 105 106 107 107 108 108 109 109 109 110 110 111 112 112 112 111 110 110 110 110 110 111 110 111 111 111 111 111 111 111 112 111 112 112 112 112 111 112 112 112 113 113 113 113 113 113 113 114 114 115 114 114 114 114 114 114 114 114 115 115 115 115 115 115 116 117 117 117 117 117 118 118 118 118 118 118 118 118 118 119 119 119 119 120 120 120 120 120 120 120 120 121 121 121 121 121 121 121 121 122 122 122 122 122 122 123 123 123 123 123 123 123 124 124 125 125 125 125 125 125 125 125 125 126 126 126 126 126 126 126 126 126 127 127 127 127 127 127 127 127 128 128 128 128 128 128 128 128 128 128 128 128 127 127 128 128 129 129 129 129 128 128 128 128 129 130 130 130 130 130 130 130 130 130 130 130 130 130 130 129 129 129 129 129 129 129 129 129 129 129 129 129 129 130 130 130 130 130 130 130 130 130 130 130 130 130 130 130 130 130 130 130 130 131 131 131 131 131 131 131 130 130 131 131 132 132 132 133 132 132 131 132 132 132 132 132 133 132 132 133 133 134 135 135 134 134 133 134 134 135 135 135 134 134 134 134 134 134 NA NA NA NA NA NA NA NA NA NA NA NA NA NA NA NA NA
NA NA NA NA NA NA NA NA NA NA NA NA NA NA NA NA NA NA NA NA NA NA NA NA NA NA NA NA NA NA NA NA NA NA NA NA NA NA NA NA NA NA NA NA NA NA NA NA NA NA NA NA NA NA NA NA NA NA NA NA NA NA NA NA NA NA NA NA NA NA NA NA NA NA NA NA NA NA NA NA NA NA NA NA NA NA NA 90 90 90 90 90 90 89 89 89 89 89 89 89 90 89 89 90 90 89 89 89 91 91 91 91 91 91 92 92 93 93 94 94 95 95 95 95 95 95 95 95 95 95 96 96 96 96 96 96 97 97 97 97 97 97 96 97 97 97 97 98 98 98 98 98 98 98 98 98 98 99 99 99 99 99 99 99 100 100 100 100 100 100 99 99 99 99 99 99 100 100 100 101 101 101 101 102 102 101 102 101 101 101 102 102 102 102 102 102 102 103 102 102 103 102 103 102 102 102 102 102 102 102 103 103 103 103 103 104 104 104 104 104 104 104 104 105 105 105 105 105 106 106 106 107 107 108 108 109 109 109 NA NA NA NA 111 111 110 110 110 110 110 110 110 111 111 111 111 111 111 111 111 111 111 112 111 112 112 112 112 112 112 113 113 113 113 113 113 114 114 114 114 114 114 114 114 114 114 114 114 115 115 115 115 115 116 117 117 117 117 117 118 118 118 118 118 118 118 118 118 119 119 119 119 119 120 120 120 120 120 120 120 120 121 121 121 121 121 121 121 121 121 122 122 122 122 122 122 123 123 123 123 123 123 124 124 125 125 125 125 125 125 125 125 126 126 126 126 126 126 126 126 126 126 127 127 127 127 127 127 127 127 127 127 127 128 128 128 128 128 128 128 128 127 127 127 127 128 128 129 129 129 129 128 128 128 129 129 130 130 130 130 129 130 130 130 130 129 129 129 129 129 129 129 129 129 129 129 129 129 129 129 129 129 129 129 129 129 129 129 130 129 129 129 130 130 130 130 130 130 130 130 130 130 130 131 131 131 131 130 130 130 131 131 131 131 131 132 132 132 131 131 131 132 132 132 132 132 132 132 132 133 133 134 134 134 134 133 134 134 134 135 135 134 134 133 133 134 134 NA NA NA NA NA NA NA NA NA NA NA NA NA NA NA NA NA
NA NA NA NA NA NA NA NA NA NA NA NA NA NA NA NA NA NA NA NA NA NA NA NA NA NA NA NA NA NA NA NA NA NA NA NA NA NA NA NA NA NA NA NA NA NA NA NA NA NA NA NA NA NA NA NA NA NA NA NA NA NA NA NA NA NA NA NA NA NA NA NA NA NA NA NA NA NA NA NA NA NA NA NA NA NA NA 90 90 91 91 91 90 90 89 90 90 90 90 89 89 89 89 89 89 90 89 89 90 90 91 91 91 91 91 92 93 93 94 94 94 95 95 95 95 95 95 95 95 96 96 96 96 96 96 96 97 97 97 97 97 97 96 97 97 97 97 98 98 98 98 98 98 98 98 98 98 99 99 99 99 99 99 100 100 100 100 100 100 100 99 99 99 99 100 100 100 101 100 101 101 101 101 102 101 101 101 101 101 101 101 101 101 101 102 102 102 103 103 102 102 102 102 102 102 102 102 102 102 102 102 103 103 103 103 104 104 104 104 104 104 104 104 105 105 105 105 105 105 106 106 106 107 107 108 109 109 NA NA NA NA NA NA 111 111 110 111 111 110 110 110 110 110 111 110 110 110 111 110 110 111 111 111 111 111 111 111 112 112 113 113 113 113 114 114 114 114 114 114 114 114 114 113 114 114 114 114 114 115 115 115 115 117 117 117 117 117 117 117 118 118 118 118 118 118 118 118 118 119 119 119 119 119 119 120 120 120 120 120 120 120 120 121 121 121 121 121 121 121 122 122 122 122 122 122 122 123 123 123 123 123 123 124 124 125 125 125 125 125 125 125 125 126 126 126 126 126 126 126 126 126 126 127 127 127 127 127 127 127 127 127 127 127 127 128 128 128 128 128 128 128 127 127 127 127 128 128 128 129 129 128 128 129 128 129 129 129 130 129 129 129 129 129 130 130 129 129 129 130 130 129 129 129 129 129 129 129 129 129 129 129 129 129 129 129 129 130 129 130 129 129 130 130 130 130 130 130 130 130 130 130 130 131 131 130 130 130 130 131 131 131 131 131 131 132 132 131 131 131 131 131 132 132 132 132 131 132 132 133 133 133 133 134 134 134 133 134 134 135 135 135 134 133 133 134 134 134 NA NA NA NA NA NA NA NA NA NA NA NA NA NA NA NA
NA NA NA NA NA NA NA NA NA NA NA NA NA NA NA NA NA NA NA NA NA NA NA NA NA NA NA NA NA NA NA NA NA NA NA NA NA NA NA NA NA NA NA NA NA NA NA NA NA NA NA NA NA NA NA NA NA NA NA NA NA NA NA NA NA NA NA NA NA NA NA NA NA NA NA NA NA NA NA NA NA NA NA NA NA NA NA NA 91 NA NA 91 91 90 90 90 90 90 90 89 89 88 89 89 89 90 90 90 90 90 91 91 90 92 92 92 93 93 94 94 94 94 95 95 96 95 95 95 95 96 96 96 96 96 97 97 97 97 97 97 97 97 97 97 97 97 97 98 98 98 98 98 98 98 98 98 99 99 99 99 99 100 100 100 100 100 100 100 100 100 100 100 99 99 99 100 100 100 100 101 101 101 101 101 101 101 101 101 101 101 101 101 101 101 102 101 102 103 103 103 102 102 102 102 102 103 103 103 103 102 102 102 103 103 103 104 104 104 104 104 104 104 104 105 105 105 105 105 106 106 NA NA NA 107 108 NA NA NA NA NA NA NA NA NA NA 110 110 110 110 110 110 110 111 111 111 110 111 111 111 111 111 111 111 111 112 112 112 112 112 112 112 113 113 113 113 114 114 114 114 114 114 114 114 114 114 114 114 114 115 115 115 115 116 117 117 117 117 117 117 117 118 118 118 118 118 118 118 118 119 119 119 119 119 119 119 120 120 120 120 120 120 120 121 121 121 121 121 121 121 121 122 122 122 122 122 122 122 123 123 123 123 123 124 124 124 125 125 125 125 125 125 125 125 126 126 126 126 126 126 126 126 126 127 127 127 126 127 127 127 127 127 127 127 128 128 128 128 128 128 128 127 127 127 127 127 127 128 128 128 128 128 129 129 129 129 129 129 129 129 129 129 129 129 129 129 129 129 130 130 130 129 129 129 128 128 129 129 129 129 129 129 129 129 129 129 129 129 129 129 129 129 129 129 130 130 130 129 130 129 129 130 130 131 131 130 130 130 131 131 131 131 131 132 132 132 132 131 131 131 131 131 131 131 132 131 132 132 132 132 132 132 132 133 134 134 133 134 134 135 134 135 134 133 133 133 134 135 134 NA NA NA NA NA NA NA NA NA NA NA NA NA NA NA
NA NA NA NA NA NA NA NA NA NA NA NA NA NA NA NA NA NA NA NA NA NA NA NA NA NA NA NA NA NA NA NA NA NA NA NA NA NA NA NA NA NA NA NA NA NA NA NA NA NA NA NA NA NA NA NA NA NA NA NA NA NA NA NA NA NA NA NA NA NA NA NA NA NA NA NA NA NA NA NA NA NA NA NA NA NA NA NA NA NA NA NA NA 91 91 91 91 91 90 89 88 89 89 89 90 90 90 90 90 90 90 91 91 91 92 92 93 93 93 94 93 94 95 95 95 95 95 95 95 96 96 96 96 96 96 97 97 97 97 97 97 97 97 97 97 97 97 98 98 98 98 98 98 98 98 98 99 99 99 99 99 100 100 100 100 100 100 100 101 101 100 100 100 99 99 99 100 100 100 100 101 101 101 101 101 101 101 101 101 101 101 101 101 101 102 102 102 102 102 103 102 102 102 102 102 102 102 103 103 103 102 102 103 103 103 104 104 104 104 104 104 104 104 104 104 105 105 106 106 NA NA NA NA NA NA NA NA NA NA NA NA NA NA NA NA NA 111 110 110 110 110 110 111 111 111 111 110 111 112 111 111 112 112 111 112 113 112 112 112 112 112 112 112 113 113 113 113 113 113 114 114 114 114 114 114 114 114 114 114 115 115 115 116 116 117 117 117 117 117 117 117 118 118 118 118 118 118 118 119 119 119 119 119 119 119 119 120 120 120 120 120 120 120 121 121 121 121 121 121 121 121 122 122 122 122 122 122 122 123 123 123 123 124 124 124 124 125 125 125 125 125 125 125 125 126 126 126 126 126 126 126 126 126 126 126 126 126 126 127 127 127 128 127 127 128 128 128 129 129 128 128 128 127 127 127 127 128 127 127 127 128 129 130 129 129 129 129 129 129 129 129 129 129 129 129 129 129 129 129 129 129 128 128 128 128 128 128 129 129 129 129 129 128 128 128 128 129 129 129 129 129 129 129 129 129 129 129 129 129 129 130 130 131 130 130 130 130 131 131 130 130 131 131 132 132 132 131 132 132 132 132 131 131 131 131 132 132 132 131 132 131 132 133 134 134 133 133 134 134 134 134 134 133 133 134 134 134 134 NA NA NA NA NA NA NA NA NA NA NA NA NA NA NA
NA NA NA NA NA NA NA NA NA NA NA NA NA NA NA NA NA NA NA NA NA NA NA NA NA NA NA NA NA NA NA NA NA NA NA NA NA NA NA NA NA NA NA NA NA NA NA NA NA NA NA NA NA NA NA NA NA NA NA NA NA NA NA NA NA NA NA NA NA NA NA NA NA NA NA NA NA NA NA NA NA NA NA NA NA NA NA NA NA NA NA NA NA NA NA NA 91 91 89 89 89 90 89 90 90 90 90 90 90 90 91 90 91 91 91 91 92 93 93 93 94 95 95 95 95 95 95 95 95 96 96 96 96 96 96 97 97 97 97 97 97 97 97 97 97 97 97 98 98 98 98 98 98 98 98 98 99 99 99 99 99 100 100 100 100 100 100 100 100 100 100 100 99 99 99 99 99 100 100 100 101 101 101 101 101 101 101 101 101 101 101 101 101 102 102 102 102 102 102 102 103 103 102 102 102 102 102 102 103 103 103 102 103 103 104 104 104 104 104 104 104 104 104 104 104 104 105 NA NA NA NA NA NA NA NA NA NA NA NA NA NA NA NA NA NA NA NA 111 111 111 110 110 110 111 111 110 111 111 112 111 111 112 112 112 113 112 112 112 112 112 112 112 112 112 113 112 112 113 113 113 114 114 114 114 114 114 114 114 114 115 115 115 116 116 116 117 117 117 117 117 117 117 117 117 118 118 118 118 118 118 119 119 119 119 119 119 119 120 120 120 120 120 120 120 120 120 120 120 120 121 121 121 121 121 122 122 122 122 122 123 123 123 124 124 124 124 124 125 125 125 125 125 125 125 125 126 126 126 126 126 126 126 126 126 126 126 126 127 127 127 128 128 128 128 128 128 128 128 128 128 128 127 127 127 127 127 128 127 128 128 128 128 130 129 129 129 129 129 129 129 129 129 129 129 129 129 129 129 129 130 129 128 128 128 128 128 128 128 128 129 129 128 128 128 128 128 128 128 128 129 129 129 129 129 129 129 129 129 129 129 129 129 130 130 130 130 130 130 130 130 130 131 131 131 132 132 132 132 132 132 132 132 131 131 131 131 131 131 131 131 132 133 133 134 134 133 133 133 133 134 134 134 133 133 133 133 133 134 135 135 NA NA NA NA NA NA NA NA NA NA NA NA NA
NA NA NA NA NA NA NA NA NA NA NA NA NA NA NA NA NA NA NA NA NA NA NA NA NA NA NA NA NA NA NA NA NA NA NA NA NA NA NA NA NA NA NA NA NA NA NA NA NA NA NA NA NA NA NA NA NA NA NA NA NA NA NA NA NA NA NA NA NA NA NA NA NA NA NA NA NA NA NA NA NA NA NA NA NA NA NA NA NA NA NA NA NA NA NA NA NA 91 90 89 90 90 90 90 91 91 91 90 90 90 90 90 90 91 91 92 92 92 93 94 94 94 95 95 95 95 95 95 96 96 96 96 96 96 96 97 97 97 97 97 97 97 97 97 97 97 97 97 98 98 98 98 98 98 99 99 99 99 99 99 100 100 100 100 100 100 100 100 100 100 100 100 100 100 100 99 100 100 100 101 101 101 101 101 102 102 102 102 101 101 101 101 101 101 101 101 102 102 102 102 102 103 102 102 102 102 102 102 102 102 102 102 103 103 103 104 104 104 104 104 105 104 104 105 104 NA NA NA NA NA NA NA NA NA NA NA NA NA NA NA NA NA NA NA NA NA NA NA 111 111 110 110 110 110 110 111 111 112 112 112 112 112 112 112 112 112 112 112 112 112 113 112 111 111 112 112 112 113 113 113 113 113 114 114 114 114 114 114 114 115 115 115 116 116 117 117 117 117 117 117 117 117 117 117 117 118 118 118 118 118 118 118 119 119 119 119 119 119 119 119 120 120 120 120 120 120 120 120 120 121 121 121 121 121 122 122 122 122 122 122 122 123 124 124 124 124 124 124 125 125 125 125 125 125 125 126 126 126 126 126 126 126 126 126 126 127 126 127 127 127 127 128 128 128 128 128 127 128 128 127 127 127 127 127 127 127 127 127 127 127 127 128 129 130 130 129 129 129 128 128 128 129 129 129 129 129 128 129 129 130 130 129 128 128 128 128 128 128 128 128 128 128 128 128 128 128 128 129 129 129 128 128 128 129 129 129 129 128 128 128 128 129 130 130 130 130 130 130 130 130 130 130 131 131 131 131 131 131 132 132 132 132 132 132 131 131 130 130 131 131 132 132 132 133 133 134 133 132 133 133 134 133 133 133 133 134 134 134 134 135 135 135 NA NA NA NA NA NA NA NA NA NA NA
NA NA NA NA NA NA NA NA NA NA NA NA NA NA NA NA NA NA NA NA NA NA NA NA NA NA NA NA NA NA NA NA NA NA NA NA NA NA NA NA NA NA NA NA NA NA NA NA NA NA NA NA NA NA NA NA NA NA NA NA NA NA NA NA NA NA NA NA NA NA NA NA NA NA NA NA NA NA NA NA NA NA NA NA NA NA NA NA NA NA NA NA NA NA NA NA NA NA 91 90 90 90 90 90 90 90 90 90 91 91 92 92 92 90 91 92 92 93 93 94 94 94 94 94 95 95 96 96 96 96 96 96 96 96 97 97 97 98 98 98 97 97 97 97 97 97 97 98 98 98 98 98 98 98 99 99 99 99 99 99 100 100 100 100 100 100 100 100 100 100 101 101 101 100 99 100 100 100 100 101 101 101 101 102 102 102 102 102 102 102 101 101 101 101 101 102 102 102 102 102 102 103 103 103 103 103 102 102 102 103 103 102 103 103 103 104 104 104 105 105 105 105 104 104 NA NA NA NA NA NA NA NA NA NA NA NA NA NA NA NA NA NA NA NA NA NA NA NA 110 110 110 110 110 110 110 111 111 111 112 112 112 112 111 111 112 113 112 112 112 113 113 112 112 112 112 112 112 112 112 113 113 113 113 114 114 114 114 114 115 115 115 115 116 116 117 117 116 116 117 117 117 117 117 117 117 117 118 118 118 118 118 118 119 119 119 119 119 119 119 120 120 120 120 120 120 120 121 120 120 120 121 121 121 121 121 122 122 122 122 122 122 122 123 124 124 124 124 124 124 125 125 125 125 125 125 125 125 126 126 126 126 126 126 126 126 126 127 127 127 127 127 127 127 128 128 127 127 127 127 127 127 127 127 127 127 127 127 127 127 127 127 127 129 129 130 131 130 129 129 129 128 128 128 128 128 128 128 128 129 129 130 130 129 129 128 128 128 128 128 129 128 128 128 128 128 128 128 128 129 128 129 129 129 129 129 129 129 129 129 129 129 128 129 129 129 130 130 130 130 130 130 131 131 131 131 131 131 131 131 131 131 132 132 132 133 132 132 131 130 130 131 131 132 132 133 134 134 133 132 133 134 133 133 133 134 134 134 134 134 134 134 135 134 NA NA NA NA NA NA NA NA NA NA
NA NA NA NA NA NA NA NA NA NA NA NA NA NA NA NA NA NA NA NA NA NA NA NA NA NA NA NA NA NA NA NA NA NA NA NA NA NA NA NA NA NA NA NA NA NA NA NA NA NA NA NA NA NA NA NA NA NA NA NA NA NA NA NA NA NA NA NA NA NA NA NA NA NA NA NA NA NA NA NA NA NA NA NA NA NA NA NA NA NA NA NA NA NA NA NA NA NA 91 91 90 90 90 90 90 90 90 90 91 92 93 91 91 91 92 92 93 94 94 94 94 94 94 94 94 95 96 96 97 97 97 96 96 97 97 97 98 98 97 98 98 97 97 97 97 97 98 98 98 98 98 98 98 98 98 99 99 99 99 100 100 100 100 100 100 100 100 100 100 100 101 101 100 100 99 99 99 100 100 100 100 101 101 102 102 102 102 102 102 102 102 102 102 102 102 102 102 102 102 102 102 102 103 103 103 103 102 102 102 103 103 103 103 103 NA NA NA NA NA NA NA NA NA NA NA NA NA NA NA NA NA NA NA NA NA NA NA NA NA NA NA NA NA 109 109 109 109 110 NA 111 110 110 110 110 110 111 111 111 112 112 112 112 112 111 111 112 112 112 112 113 113 113 112 112 112 113 112 112 112 112 112 113 114 113 114 115 114 114 114 115 115 115 116 116 116 116 116 117 117 117 117 117 117 117 117 117 117 118 118 118 118 118 118 119 119 119 119 119 120 120 120 120 120 120 121 121 121 121 120 121 121 121 121 121 121 122 122 122 122 122 122 122 123 123 124 124 124 124 124 124 124 125 125 125 125 125 125 125 125 126 126 126 126 126 126 126 126 126 126 126 126 126 127 127 127 127 127 127 127 127 127 127 127 127 127 127 128 128 127 127 127 127 128 128 129 130 131 131 130 129 129 129 128 129 128 128 128 128 129 129 130 130 129 129 128 128 128 128 128 129 129 128 128 128 128 128 128 128 129 129 129 129 129 129 130 130 131 131 130 130 129 129 129 129 129 129 130 130 130 130 130 130 131 131 131 131 131 131 131 131 131 131 131 131 132 132 132 132 132 131 131 131 131 131 132 133 133 133 132 133 134 133 133 133 134 134 134 133 133 134 135 134 133 134 134 134 134 134 134 NA NA NA NA
NA NA NA NA NA NA NA NA NA NA NA NA NA NA NA NA NA NA NA NA NA NA NA NA NA NA NA NA NA NA NA NA NA NA NA NA NA NA NA NA NA NA NA NA NA NA NA NA NA NA NA NA NA NA NA NA NA NA NA NA NA NA NA NA NA NA NA NA NA NA NA NA NA NA NA NA NA NA NA NA NA NA NA NA NA NA NA NA NA NA NA NA NA NA NA NA NA NA 92 91 91 91 90 90 90 90 90 90 91 92 91 91 91 90 91 93 92 92 93 93 93 93 93 94 94 95 95 96 96 96 96 96 97 97 98 98 98 98 97 98 98 98 97 98 98 98 98 98 99 99 98 98 98 98 99 99 99 99 100 100 100 100 100 100 100 100 100 100 100 101 101 101 101 100 100 100 100 99 99 99 100 100 101 102 101 101 101 101 101 102 102 102 102 102 102 102 102 102 102 102 102 102 103 103 103 103 102 102 103 102 103 103 103 103 104 NA NA NA NA NA NA NA NA NA NA NA NA NA NA NA NA NA NA NA NA NA NA NA NA NA NA NA NA NA 109 109 110 110 111 111 110 110 110 110 110 111 111 112 112 113 112 112 112 112 112 111 111 112 113 113 113 112 112 112 112 113 113 113 112 113 112 112 113 113 114 114 114 114 114 115 115 115 116 116 116 116 117 117 117 117 117 117 117 117 117 117 117 118 118 118 118 118 118 119 119 119 119 119 119 120 120 120 120 120 120 121 121 120 121 121 121 121 121 121 121 121 122 122 122 122 122 122 123 123 123 123 124 124 124 124 124 124 125 125 125 125 125 125 125 125 125 126 126 126 126 126 126 126 126 126 126 126 126 127 127 127 127 127 127 127 127 128 128 127 127 127 128 128 128 128 127 127 128 128 128 129 129 129 130 130 130 129 129 129 129 128 128 128 128 129 129 130 130 129 128 128 128 128 128 128 129 129 129 128 128 128 128 129 129 129 129 130 130 130 130 130 131 130 131 131 130 130 130 130 130 130 130 130 130 130 130 131 131 130 131 131 132 132 132 131 131 131 131 131 131 132 132 132 132 132 132 132 131 131 132 132 133 133 133 132 133 133 132 133 134 134 134 133 133 134 134 134 133 133 133 134 133 133 134 134 134 NA NA
NA NA NA NA NA NA NA NA NA NA NA NA NA NA NA NA NA NA NA NA NA NA NA NA NA NA NA NA NA NA NA NA NA NA NA NA NA NA NA NA NA NA NA NA NA NA NA NA NA NA NA NA NA NA NA NA NA NA NA NA NA NA NA NA NA NA NA NA NA NA NA NA NA NA NA NA NA NA NA NA NA NA NA NA NA NA NA NA NA NA NA NA NA NA NA NA NA NA NA NA 92 92 91 91 91 91 91 91 90 90 90 90 90 90 91 92 92 92 92 93 93 93 94 94 95 95 95 95 96 96 97 97 97 98 98 97 98 98 98 98 98 98 98 98 98 98 99 99 99 99 99 98 98 98 99 99 99 99 99 100 100 100 100 100 100 100 100 101 101 101 101 101 101 101 101 101 101 100 100 100 99 99 100 101 101 101 101 101 101 102 102 102 102 102 102 102 102 102 102 102 102 102 103 103 103 102 102 102 103 103 103 103 104 103 104 104 NA NA NA NA NA NA NA NA NA NA NA NA NA NA NA NA NA NA NA NA NA NA NA NA NA NA NA NA NA 110 110 110 110 111 111 110 110 110 110 111 111 112 112 112 112 112 113 112 112 112 111 112 113 113 113 113 113 112 112 113 113 113 113 113 112 113 113 113 113 113 114 114 114 114 115 115 116 116 116 117 117 117 117 117 117 117 117 117 117 117 117 117 118 118 118 118 118 118 119 119 119 119 119 120 120 120 120 120 121 121 121 121 121 121 120 121 121 121 121 121 122 122 122 122 122 122 123 123 123 123 124 124 124 124 124 124 124 125 125 125 125 125 125 125 125 125 125 126 126 126 126 126 126 126 126 126 126 126 126 127 127 127 127 127 127 127 127 127 127 127 127 127 127 127 127 127 128 128 128 128 128 129 129 129 130 131 131 130 129 128 128 128 128 129 129 131 130 129 128 127 127 128 128 128 128 129 129 129 128 128 128 129 129 129 129 130 130 130 131 131 130 130 130 130 130 130 131 131 131 131 130 130 130 130 130 130 131 130 131 131 131 131 132 132 132 132 131 131 131 131 132 132 132 132 132 132 131 131 132 132 133 133 133 133 132 132 132 133 133 134 133 133 133 134 133 133 133 132 133 133 133 134 134 134 135 134 135
NA NA NA NA NA NA NA NA NA NA NA NA NA NA NA NA NA NA NA NA NA NA NA NA NA NA NA NA NA NA NA NA NA NA NA NA NA NA NA NA NA NA NA NA NA NA NA NA NA NA NA NA NA NA NA NA NA NA NA NA NA NA NA NA NA NA NA NA NA NA NA NA NA NA NA NA NA NA NA NA NA NA NA NA NA NA NA NA NA NA NA NA NA NA NA NA NA NA NA NA NA NA NA NA 92 91 91 91 91 91 91 91 91 91 91 93 93 93 94 94 94 94 95 95 94 94 95 96 96 96 97 97 98 97 97 98 98 98 98 98 98 98 98 98 98 98 98 99 99 99 99 98 98 98 99 99 99 99 99 100 100 100 100 100 100 100 101 101 101 101 101 101 101 101 101 101 101 101 101 101 100 100 99 99 100 101 101 101 100 101 101 101 102 101 101 102 102 102 102 102 102 102 102 103 103 103 102 102 103 103 103 103 104 104 104 104 NA NA NA NA NA NA NA NA NA NA NA NA NA NA NA NA NA NA NA NA NA NA NA NA NA NA 109 109 109 109 109 110 110 110 110 110 110 110 110 111 112 112 111 112 111 112 112 113 112 112 112 112 113 113 113 112 112 112 112 113 113 114 113 113 113 113 112 113 113 113 113 113 114 114 114 115 116 116 116 116 116 116 116 117 116 117 117 117 117 117 117 117 118 118 118 118 118 118 119 119 119 118 119 119 119 120 120 121 121 121 120 120 120 120 121 121 121 121 121 121 122 122 122 122 122 122 122 123 123 123 123 124 124 124 124 124 124 124 125 125 125 125 125 125 125 125 125 126 126 126 126 126 126 126 126 126 126 126 126 127 127 127 127 127 127 127 127 127 127 127 127 127 127 127 127 127 128 128 128 128 128 129 129 128 129 131 132 132 131 129 129 129 128 128 129 131 131 130 129 128 128 128 128 128 128 129 129 129 129 129 129 129 129 129 129 130 130 130 130 130 130 130 130 130 130 129 130 131 131 131 131 131 130 130 130 130 130 130 130 131 131 131 131 131 132 132 132 132 132 131 132 132 131 131 131 131 131 131 131 131 132 132 133 133 132 132 132 133 133 133 133 133 133 134 134 133 132 132 132 132 133 133 133 134 134 134 NA
NA NA NA NA NA NA NA NA NA NA NA NA NA NA NA NA NA NA NA NA NA NA NA NA NA NA NA NA NA NA NA NA NA NA NA NA NA NA NA NA NA NA NA NA NA NA NA NA NA NA NA NA NA NA NA NA NA NA NA NA NA NA NA NA NA NA NA NA NA NA NA NA NA NA NA NA NA NA NA NA NA NA NA NA NA NA NA NA NA NA NA NA NA NA NA NA NA NA NA NA NA NA NA NA 93 93 92 NA NA 92 92 91 92 92 92 92 92 93 93 94 93 94 94 94 94 95 95 95 96 96 97 97 98 98 98 98 98 98 98 98 98 99 98 98 98 98 99 99 99 99 99 99 98 99 99 99 99 99 100 100 100 100 100 100 100 100 100 100 101 101 101 100 101 101 101 101 102 101 101 101 101 101 100 99 99 100 100 100 100 100 100 101 101 101 101 101 102 102 102 102 102 102 102 102 102 102 102 102 103 103 103 104 103 104 104 105 NA NA NA NA NA NA NA NA NA NA NA NA NA NA NA NA NA NA NA NA NA NA NA NA NA NA NA NA NA 109 109 110 110 110 111 110 110 110 111 111 111 111 111 111 111 111 111 112 112 112 111 111 112 113 113 113 112 112 112 112 113 114 113 113 113 113 113 113 113 113 113 113 113 114 114 114 116 116 116 116 116 116 116 117 117 116 117 116 117 117 117 117 117 118 118 119 118 118 119 119 119 118 119 119 119 119 120 120 121 121 121 121 120 120 121 121 120 120 121 122 122 122 123 122 122 122 122 123 123 123 123 123 124 124 124 124 124 124 124 125 125 125 125 125 125 125 125 125 126 126 126 126 126 126 126 126 126 126 126 126 126 126 126 127 127 127 127 127 127 127 127 126 126 127 127 127 128 128 128 128 128 128 129 128 128 129 131 131 132 132 131 131 130 129 130 131 131 131 130 129 128 128 127 128 128 128 129 130 130 130 130 130 130 130 130 130 130 130 129 129 129 129 129 129 129 129 130 130 130 130 130 130 130 131 130 130 130 130 130 130 130 130 130 131 131 131 131 132 132 132 132 132 132 131 131 131 131 131 131 131 131 131 132 132 132 132 133 133 133 132 132 133 133 133 134 133 132 132 132 132 132 132 133 133 134 NA NA
NA NA NA NA NA NA NA NA NA NA NA NA NA NA NA NA NA NA NA NA NA NA NA NA NA NA NA NA NA NA NA NA NA NA NA NA NA NA NA NA NA NA NA NA NA NA NA NA NA NA NA NA NA NA NA NA NA NA NA NA NA NA NA NA NA NA NA NA NA NA NA NA NA NA NA NA NA NA NA NA NA NA NA NA NA NA NA NA NA NA NA NA NA NA NA NA NA NA NA NA NA NA NA NA NA NA NA NA NA NA NA 92 93 NA NA 92 93 92 92 93 93 94 94 94 94 95 96 96 96 96 97 97 98 98 98 98 98 98 98 98 98 99 98 98 98 98 99 99 99 99 99 99 99 99 99 99 99 99 100 100 100 100 100 100 100 100 101 101 101 101 101 101 101 101 101 101 101 101 102 102 102 102 101 101 100 100 99 99 100 100 100 100 100 101 101 101 101 102 102 102 102 103 103 102 102 102 102 103 103 103 103 104 104 104 104 104 105 105 104 NA NA NA NA NA NA NA NA NA NA NA NA NA NA NA NA NA NA NA NA NA NA NA NA NA NA NA NA NA NA 111 111 110 111 111 111 111 111 111 111 112 112 112 111 111 111 111 111 111 112 113 113 113 112 112 112 112 113 114 114 113 113 113 113 113 114 113 113 113 113 113 113 114 115 115 116 116 116 116 116 116 116 116 116 116 116 117 117 117 117 118 118 119 119 119 119 119 118 118 119 119 119 120 120 120 120 120 121 121 121 120 121 121 121 120 121 122 123 122 122 122 122 122 123 122 123 123 123 123 124 124 124 124 124 124 124 124 124 125 125 125 125 125 125 125 125 126 126 126 126 126 126 126 126 126 126 126 127 127 127 127 127 127 127 127 127 127 127 126 127 127 127 127 127 127 127 128 128 128 128 128 128 128 129 130 131 131 132 132 131 131 131 131 131 131 131 130 129 128 127 127 128 128 128 129 130 130 130 130 130 130 130 130 130 130 130 129 129 129 129 129 129 129 130 130 130 130 130 130 130 130 130 130 130 130 130 130 130 130 130 130 130 131 131 131 131 132 132 132 132 132 132 131 130 131 131 131 131 131 131 131 131 132 132 132 132 132 132 133 133 133 133 133 133 132 132 132 132 133 133 133 133 NA NA
NA NA NA NA NA NA NA NA NA NA NA NA NA NA NA NA NA NA NA NA NA NA NA NA NA NA NA NA NA NA NA NA NA NA NA NA NA NA NA NA NA NA NA NA NA NA NA NA NA NA NA NA NA NA NA NA NA NA NA NA NA NA NA NA NA NA NA NA NA NA NA NA NA NA NA NA NA NA NA NA NA NA NA NA NA NA NA NA NA NA NA NA NA NA NA NA NA NA NA NA NA NA NA NA NA NA NA NA NA NA NA NA NA NA NA NA 92 93 93 93 94 93 94 95 95 96 96 96 96 96 97 97 97 97 97 97 98 98 99 99 99 99 98 98 98 99 99 99 99 99 99 99 99 99 99 99 99 100 100 100 100 100 100 100 100 100 100 100 100 101 101 101 101 101 101 101 101 101 102 102 102 102 102 102 101 101 100 100 101 101 101 100 100 100 101 101 101 102 102 102 102 102 102 102 102 102 102 103 103 103 103 103 104 104 104 104 104 105 104 104 104 NA NA NA NA NA NA NA NA NA NA NA NA NA NA NA NA NA NA NA NA NA NA NA NA NA NA NA NA NA 111 111 111 111 111 111 111 111 111 112 112 111 111 111 112 112 112 111 112 112 112 113 113 112 112 112 113 114 114 114 114 113 113 113 114 113 113 113 114 113 113 113 115 115 115 115 115 115 116 116 116 116 116 116 116 117 117 118 117 117 118 118 119 118 118 118 118 118 119 119 119 120 120 119 120 120 121 121 121 121 121 121 121 121 121 122 122 122 122 122 123 122 122 122 123 123 123 123 123 124 124 124 124 124 124 124 124 125 125 125 125 125 125 125 125 125 126 126 126 126 126 126 126 126 126 126 126 126 127 127 127 127 127 127 127 127 127 127 127 127 127 127 128 127 127 127 128 128 128 128 128 128 128 128 130 131 132 132 131 131 131 131 131 131 131 131 130 129 128 127 127 128 128 128 129 129 130 130 130 130 130 130 130 130 130 129 129 129 129 129 129 129 130 130 130 130 130 130 130 130 130 130 131 131 130 130 130 130 130 130 130 131 131 131 131 131 131 132 132 132 132 132 131 131 131 131 131 131 130 130 131 131 131 131 132 132 132 132 133 133 133 133 132 131 132 132 132 132 132 132 133 133 NA
NA NA NA NA NA NA NA NA NA NA NA NA NA NA NA NA NA NA NA NA NA NA NA NA NA NA NA NA NA NA NA NA NA NA NA NA NA NA NA NA NA NA NA NA NA NA NA NA NA NA NA NA NA NA NA NA NA NA NA NA NA NA NA NA NA NA NA NA NA NA NA NA NA NA NA NA NA NA NA NA NA NA NA NA NA NA NA NA NA NA NA NA NA NA NA NA NA NA NA NA NA NA NA NA NA NA NA NA NA NA NA NA NA NA NA NA 92 93 94 94 94 94 94 95 96 96 96 96 96 96 97 97 97 97 97 98 98 99 98 99 99 99 99 99 98 99 99 99 99 99 99 99 99 99 99 99 99 100 100 100 100 100 100 100 100 100 100 100 100 101 101 101 101 101 101 101 101 101 102 102 102 102 102 102 102 102 102 102 101 101 102 101 101 100 100 101 101 101 102 102 102 102 102 102 102 102 103 103 103 103 103 103 103 104 104 105 105 105 105 104 105 105 NA NA NA NA NA NA NA NA NA NA NA NA NA NA NA NA NA NA NA NA NA NA NA NA NA NA NA NA NA NA NA 112 111 111 111 111 111 112 111 112 112 112 113 112 112 111 111 112 112 113 113 113 113 112 113 114 114 113 113 113 113 113 113 113 113 113 113 113 113 113 114 115 115 115 115 115 115 115 116 116 116 116 116 117 117 117 118 118 118 118 119 118 118 118 118 118 119 119 120 119 119 119 119 120 120 121 121 121 121 121 121 121 121 122 122 122 122 122 122 122 122 122 122 123 123 123 123 124 124 124 124 124 124 124 124 124 125 125 125 125 125 125 125 125 125 125 126 126 126 126 126 126 126 126 126 126 126 127 127 127 127 127 127 128 127 127 127 126 127 127 128 127 127 127 128 128 128 128 128 128 128 128 129 130 131 132 132 131 131 131 131 131 131 130 130 129 129 128 127 127 128 128 129 129 129 129 130 130 130 130 129 129 129 129 129 129 129 129 129 129 130 130 130 130 130 130 130 130 130 130 131 131 131 130 130 130 130 130 130 130 130 130 131 131 131 131 131 132 132 132 132 132 132 132 132 132 132 132 131 131 131 131 131 131 132 132 132 132 132 132 131 131 131 131 132 132 132 132 133 NA NA
NA NA NA NA NA NA NA NA NA NA NA NA NA NA NA NA NA NA NA NA NA NA NA NA NA NA NA NA NA NA NA NA NA NA NA NA NA NA NA NA NA NA NA NA NA NA NA NA NA NA NA NA NA NA NA NA NA NA NA NA NA NA NA NA NA NA NA NA NA NA NA NA NA NA NA NA NA NA NA NA NA NA NA NA NA NA NA NA NA NA NA NA NA NA NA NA NA NA NA NA NA NA NA NA NA NA NA NA NA NA NA NA NA NA NA 91 92 93 94 94 95 95 95 95 95 96 96 96 96 96 97 97 97 97 98 98 98 98 98 98 99 99 98 99 99 99 99 99 99 99 99 99 100 100 100 100 100 100 100 100 100 100 100 100 100 100 100 100 100 100 100 101 100 101 101 101 101 101 102 102 102 102 102 102 102 102 102 102 102 101 101 101 101 101 100 101 101 101 101 101 102 102 102 102 102 103 103 103 103 103 104 104 104 104 104 104 105 105 105 105 105 NA NA NA NA NA NA NA NA NA NA NA NA NA NA NA NA NA NA NA NA NA NA NA NA NA NA NA NA NA NA NA NA NA 112 112 111 112 112 112 112 113 113 113 113 112 112 111 111 112 112 113 114 114 113 113 113 114 114 114 113 113 113 113 113 114 114 114 114 114 113 113 114 115 115 115 115 115 115 115 116 116 116 116 116 116 117 117 117 118 118 118 118 119 119 119 118 118 119 119 119 119 119 120 119 119 120 120 121 121 121 121 121 121 122 122 122 122 122 122 122 122 122 122 122 123 123 123 123 123 123 124 124 124 124 124 124 124 124 124 124 125 125 125 125 125 125 125 125 125 126 126 126 125 126 126 126 126 126 126 126 127 127 127 127 127 128 127 127 127 127 127 128 128 127 127 127 128 128 128 128 128 128 128 128 130 130 131 131 131 131 131 131 131 131 130 130 129 129 129 128 128 128 128 128 128 129 129 130 130 130 129 129 129 129 130 130 129 129 129 129 129 129 130 130 130 130 130 130 130 130 130 130 130 131 130 130 130 130 130 130 130 130 130 130 131 131 131 131 131 131 131 132 132 132 132 132 132 132 132 133 132 131 131 131 131 132 132 132 132 132 132 131 132 132 132 132 132 132 133 133 NA NA
NA NA NA NA NA NA NA NA NA NA NA NA NA NA NA NA NA NA NA NA NA NA NA NA NA NA NA NA NA NA NA NA NA NA NA NA NA NA NA NA NA NA NA NA NA NA NA NA NA NA NA NA NA NA NA NA NA NA NA NA NA NA NA NA NA NA NA NA NA NA NA NA NA NA NA NA NA NA NA NA NA NA NA NA NA NA NA NA NA NA NA NA NA NA NA NA NA NA NA NA NA NA NA NA NA NA NA NA NA NA NA NA NA NA NA NA 93 93 94 94 94 95 95 96 96 96 97 96 96 96 97 97 97 98 98 98 98 98 98 99 99 99 98 98 99 99 99 99 99 99 99 99 99 100 100 100 100 100 100 100 100 100 100 100 100 100 100 100 100 100 100 100 100 101 101 101 102 101 101 102 102 102 102 102 102 102 101 101 101 101 100 100 100 101 101 101 101 102 102 102 102 102 102 102 102 102 103 103 103 103 103 103 104 104 104 105 105 105 106 106 106 105 105 NA NA NA NA NA NA NA NA NA NA NA NA NA NA NA NA NA NA NA NA NA NA NA NA NA NA NA NA NA NA NA NA NA 112 112 113 NA NA NA NA NA NA 113 112 112 112 112 112 113 NA NA 114 113 113 113 113 114 114 113 113 113 113 113 113 113 113 113 113 113 114 114 115 115 115 115 116 116 116 116 116 116 116 116 116 117 117 117 118 118 118 118 118 118 118 118 118 119 119 119 119 120 120 120 120 120 121 121 120 120 121 121 121 121 122 122 122 122 122 122 122 122 123 123 123 123 123 123 123 123 123 124 124 124 124 124 124 124 124 125 125 125 125 125 125 125 125 125 125 126 126 125 125 125 126 125 126 126 126 126 126 126 126 127 127 127 128 128 127 127 128 127 127 127 127 127 128 128 128 128 128 128 128 128 129 130 130 130 131 131 131 131 131 131 130 129 129 128 128 128 128 128 129 129 129 129 129 129 129 129 129 129 129 130 129 129 129 129 129 129 129 129 129 130 130 130 130 130 130 130 130 130 130 130 130 130 130 130 130 130 130 130 130 130 131 131 131 131 131 131 131 131 132 132 131 131 131 131 132 132 132 132 131 131 131 132 132 132 132 132 131 132 132 132 132 132 132 132 132 NA NA
NA NA NA NA NA NA NA NA NA NA NA NA NA NA NA NA NA NA NA NA NA NA NA NA NA NA NA NA NA NA NA NA NA NA NA NA NA NA NA NA NA NA NA NA NA NA NA NA NA NA NA NA NA NA NA NA NA NA NA NA NA NA NA NA NA NA NA NA NA NA NA NA NA NA NA NA NA NA NA NA NA NA NA NA NA NA NA NA NA NA NA NA NA NA NA NA NA NA NA NA NA NA NA NA NA NA NA NA NA NA NA NA NA NA NA NA NA NA 93 93 94 94 95 96 96 96 97 97 96 96 96 97 97 97 97 98 98 98 98 99 99 99 98 99 99 99 99 99 99 99 99 99 99 100 99 100 100 100 100 100 100 100 101 100 100 100 100 100 100 100 100 100 101 101 101 101 101 101 101 101 102 102 102 102 102 102 101 100 100 100 100 101 101 101 102 101 101 102 102 102 102 102 102 102 102 102 102 103 103 103 103 103 103 104 104 104 105 105 105 105 105 106 106 106 105 NA NA NA NA NA NA NA NA NA NA NA NA NA NA NA NA NA NA NA NA NA NA NA NA NA NA NA NA NA NA NA NA NA NA NA NA NA NA NA NA NA 113 112 112 113 113 114 NA NA 114 114 113 113 114 113 113 113 113 113 113 113 113 113 113 113 113 113 114 114 115 115 115 114 115 116 116 116 116 116 116 117 116 117 117 117 117 118 118 118 118 118 118 119 119 118 119 119 119 119 120 120 120 120 120 120 120 120 120 120 121 121 121 121 121 121 121 122 122 122 122 123 123 123 123 123 123 123 124 124 124 124 124 124 124 124 124 124 124 124 124 125 125 125 125 125 125 125 125 125 125 125 125 125 125 126 126 126 126 126 126 127 127 127 127 128 127 127 128 127 128 127 127 127 127 128 128 128 128 128 128 128 128 128 128 129 130 131 131 131 131 131 130 130 129 128 128 128 128 128 128 129 129 129 129 129 129 129 129 129 129 130 130 129 129 129 129 129 130 130 130 129 130 130 130 130 130 130 130 130 130 130 130 130 130 130 130 130 130 130 130 130 130 130 130 131 131 131 131 131 131 131 131 131 131 131 131 132 132 132 131 131 131 131 131 132 132 132 131 131 131 131 131 131 131 132 NA NA NA
NA NA NA NA NA NA NA NA NA NA NA NA NA NA NA NA NA NA NA NA NA NA NA NA NA NA NA NA NA NA NA NA NA NA NA NA NA NA NA NA NA NA NA NA NA NA NA NA NA NA NA NA NA NA NA NA NA NA NA NA NA NA NA NA NA NA NA NA NA NA NA NA NA NA NA NA NA NA NA NA NA NA NA NA NA NA NA NA NA NA NA NA NA NA NA NA NA NA NA NA NA NA NA NA NA NA NA NA NA NA NA NA NA NA NA NA NA NA NA NA NA NA 95 95 96 96 96 96 96 96 96 96 97 97 98 98 98 98 99 99 99 99 99 99 99 99 99 99 99 99 99 99 99 99 100 100 100 100 100 100 100 101 101 100 100 101 100 100 100 100 100 101 101 101 101 101 101 101 101 102 102 102 102 102 102 102 101 100 100 101 101 101 101 102 102 102 102 102 102 102 102 102 102 103 103 103 103 102 103 103 103 103 104 104 104 104 104 105 105 105 105 105 106 106 105 NA NA NA NA NA NA NA NA NA NA NA NA NA NA NA NA NA NA NA NA NA NA NA NA NA NA NA NA NA NA NA NA NA NA NA NA NA NA NA NA NA NA NA 113 114 NA NA NA NA NA NA 114 114 NA 114 114 113 113 113 113 113 113 113 113 113 113 113 114 114 115 115 115 114 115 116 116 116 116 117 117 117 117 117 116 117 117 117 118 118 118 118 118 119 119 118 119 119 119 119 119 120 120 120 120 120 120 120 120 120 121 121 121 121 121 121 121 121 122 122 122 122 123 123 123 123 123 123 123 124 124 124 124 124 124 124 124 124 124 124 124 125 125 125 125 125 125 125 125 125 125 125 125 125 126 126 126 126 126 126 126 126 126 126 127 127 127 127 128 128 128 127 127 127 127 127 127 127 128 128 128 127 127 128 127 128 129 130 130 131 131 131 130 130 129 129 129 128 128 128 128 128 129 129 128 129 129 129 129 129 129 129 129 129 129 129 129 129 130 130 130 129 129 130 130 129 129 129 129 130 130 130 130 130 130 130 130 130 130 130 130 130 130 130 130 130 131 131 131 131 131 131 131 130 130 131 131 131 131 132 132 132 131 132 131 131 131 132 131 131 131 131 131 131 131 131 NA NA NA
NA NA NA NA NA NA NA NA NA NA NA NA NA NA NA NA NA NA NA NA NA NA NA NA NA NA NA NA NA NA NA NA NA NA NA NA NA NA NA NA NA NA NA NA NA NA NA NA NA NA NA NA NA NA NA NA NA NA NA NA NA NA NA NA NA NA NA NA NA NA NA NA NA NA NA NA NA NA NA NA NA NA NA NA NA NA NA NA NA NA NA NA NA NA NA NA NA NA NA NA NA NA NA NA NA NA NA NA NA NA NA NA NA NA NA NA NA NA NA NA NA NA 94 95 96 NA NA 97 96 96 96 97 97 97 98 98 98 NA NA 99 99 99 98 99 99 99 99 99 99 99 99 100 100 100 100 100 100 100 100 100 100 101 101 101 101 101 101 101 101 100 100 101 101 101 101 101 101 101 101 102 102 102 102 102 102 102 102 101 101 101 102 102 101 101 102 102 101 101 101 101 102 102 102 102 103 103 103 103 103 103 103 103 104 104 104 104 104 104 105 105 105 105 105 105 105 NA NA NA NA NA NA NA NA NA NA NA NA NA NA NA NA NA NA NA NA NA NA NA NA NA NA NA NA NA NA NA NA NA NA NA NA NA NA NA NA NA NA NA NA NA NA NA NA NA NA NA NA NA NA 114 114 114 113 113 113 113 113 114 114 114 113 113 114 114 115 116 115 115 115 115 116 116 116 117 117 117 117 116 116 116 117 117 118 118 118 118 118 119 119 118 119 119 119 119 119 120 120 119 119 120 120 120 120 120 121 121 121 121 121 121 121 121 122 122 122 122 122 122 123 123 123 123 123 123 124 124 124 124 124 124 124 124 124 124 124 124 125 125 125 125 125 125 125 125 125 125 125 125 125 125 125 126 126 126 126 126 126 126 126 127 127 127 128 128 128 127 127 127 127 127 127 127 128 127 127 127 127 127 127 128 128 128 128 129 130 130 130 130 129 129 128 128 128 128 128 129 128 128 128 128 128 128 129 129 129 129 129 130 130 129 130 130 130 130 129 129 129 130 130 130 130 130 129 129 130 130 130 130 130 130 130 130 130 130 130 130 130 130 130 130 131 131 131 131 131 131 131 131 130 130 130 130 131 131 131 131 132 132 132 131 131 131 131 131 131 131 131 131 NA NA NA NA NA
NA NA NA NA NA NA NA NA NA NA NA NA NA NA NA NA NA NA NA NA NA NA NA NA NA NA NA NA NA NA NA NA NA NA NA NA NA NA NA NA NA NA NA NA NA NA NA NA NA NA NA NA NA NA NA NA NA NA NA NA NA NA NA NA NA NA NA NA NA NA NA NA NA NA NA NA NA NA NA NA NA NA NA NA NA NA NA NA NA NA NA NA NA NA NA NA NA NA NA NA NA NA NA NA NA NA NA NA NA NA NA NA NA NA NA NA NA NA NA NA NA NA 95 NA NA NA NA NA NA NA 96 97 97 97 98 NA NA NA NA 99 99 99 99 99 99 99 99 99 99 99 100 100 100 100 100 100 100 100 100 100 100 101 101 101 101 101 101 101 101 101 101 101 101 101 101 101 101 101 101 101 102 102 102 102 102 102 102 101 101 101 102 102 101 101 102 101 101 101 102 101 102 102 102 102 102 103 103 103 103 103 103 103 103 104 104 104 105 104 105 105 106 106 106 105 105 NA NA NA NA NA NA NA NA NA NA NA NA NA NA NA NA NA NA NA NA NA NA NA NA NA NA NA NA NA NA NA NA NA NA NA NA NA NA NA NA NA NA NA NA NA NA NA NA NA NA NA NA NA NA NA 114 113 113 113 113 113 114 114 114 114 113 113 114 114 115 116 115 115 115 115 116 116 116 116 116 117 117 117 117 117 116 117 117 117 117 118 118 118 118 118 119 119 119 119 119 119 119 119 119 120 120 120 120 120 120 120 120 121 121 121 121 121 122 122 122 122 122 123 123 123 123 123 123 123 123 123 123 123 123 123 123 124 124 124 124 124 124 124 124 125 125 125 125 125 125 125 125 125 125 125 125 125 125 125 126 126 126 126 126 126 126 126 127 128 128 128 128 128 127 127 127 128 128 127 127 127 127 127 128 128 127 127 128 128 129 129 130 130 129 129 128 128 128 128 128 128 128 128 128 128 129 129 129 129 129 129 129 129 129 129 129 130 130 130 130 129 129 129 130 130 130 130 130 129 129 130 130 130 130 130 130 130 130 130 130 130 130 130 130 131 131 131 131 131 131 131 131 130 130 130 130 130 130 130 130 130 131 132 132 132 132 131 130 131 131 131 131 NA NA NA NA NA NA
NA NA NA NA NA NA NA NA NA NA NA NA NA NA NA NA NA NA NA NA NA NA NA NA NA NA NA NA NA NA NA NA NA NA NA NA NA NA NA NA NA NA NA NA NA NA NA NA NA NA NA NA NA NA NA NA NA NA NA NA NA NA NA NA NA NA NA NA NA NA NA NA NA NA NA NA NA NA NA NA NA NA NA NA NA NA NA NA NA NA NA NA NA NA NA NA NA NA NA NA NA NA NA NA NA NA NA NA NA NA NA NA NA NA NA NA NA NA NA NA NA NA NA NA NA NA NA NA NA NA NA NA NA NA NA NA NA NA NA 99 99 99 99 99 99 99 99 99 99 99 100 100 100 100 100 100 100 100 100 100 100 101 101 101 101 101 101 101 101 101 101 101 101 101 101 101 101 101 101 102 102 101 102 102 102 102 101 101 101 101 102 101 101 101 102 101 102 102 101 101 102 102 102 102 102 103 103 104 103 103 104 104 104 104 104 104 105 105 105 105 105 105 105 105 106 NA NA NA NA NA NA NA NA NA NA NA NA NA NA NA NA NA NA NA NA NA NA NA NA NA NA NA NA NA NA NA NA NA NA NA NA NA NA NA NA NA NA NA NA NA NA NA NA NA NA NA NA NA NA NA 114 113 113 113 113 113 114 113 114 114 114 113 114 114 115 116 115 115 115 115 115 115 116 116 116 117 117 117 117 117 117 117 117 117 117 117 118 118 118 118 118 119 119 119 119 119 119 119 119 120 120 120 120 120 120 120 120 120 121 121 121 121 122 122 122 122 122 122 122 123 123 123 123 123 123 123 123 123 123 123 124 124 124 124 124 124 124 124 124 124 124 125 125 125 125 125 125 125 125 125 125 125 125 125 125 125 126 126 126 126 126 126 127 127 128 128 128 128 128 127 127 128 128 127 127 127 127 127 127 127 127 128 128 128 128 128 128 129 129 129 129 129 128 128 128 128 128 128 128 128 128 129 129 129 129 129 129 129 129 129 129 129 130 129 129 129 129 130 130 130 130 130 130 129 129 129 130 130 130 130 130 130 130 130 130 130 130 130 130 131 131 131 131 131 131 131 131 130 130 130 130 130 130 130 130 130 130 130 131 131 132 131 130 130 NA NA NA NA NA NA NA NA NA
NA NA NA NA NA NA NA NA NA NA NA NA NA NA NA NA NA NA NA NA NA NA NA NA NA NA NA NA NA NA NA NA NA NA NA NA NA NA NA NA NA NA NA NA NA NA NA NA NA NA NA NA NA NA NA NA NA NA NA NA NA NA NA NA NA NA NA NA NA NA NA NA NA NA NA NA NA NA NA NA NA NA NA NA NA NA NA NA NA NA NA NA NA NA NA NA NA NA NA NA NA NA NA NA NA NA NA NA NA NA NA NA NA NA NA NA NA NA NA NA NA NA NA NA NA NA NA NA NA NA NA NA NA NA NA NA NA NA NA NA 99 99 98 99 99 99 99 99 99 99 100 100 100 100 100 100 100 100 100 100 101 101 101 101 101 101 101 101 101 101 101 101 101 101 101 101 101 101 102 102 102 102 102 101 101 101 102 102 102 102 101 101 102 102 102 102 102 102 101 101 102 103 103 103 103 102 103 103 103 103 103 104 104 104 104 105 105 106 106 106 106 106 105 NA NA NA NA NA NA NA NA NA NA NA NA NA NA NA NA NA NA NA NA NA NA NA NA NA NA NA NA NA NA NA NA NA NA NA NA NA NA NA NA NA NA NA NA NA NA NA NA NA NA NA NA NA NA NA NA 114 113 113 113 113 112 113 113 113 113 114 113 113 114 114 115 115 115 115 115 115 115 116 116 116 116 117 117 117 118 117 117 117 117 117 117 117 117 118 118 118 118 118 118 118 118 119 119 119 119 120 120 120 120 120 120 120 120 120 120 121 121 121 122 122 122 122 122 122 122 122 122 123 123 123 123 123 123 123 123 123 124 124 124 124 124 124 124 124 124 124 124 125 125 125 124 125 125 125 125 125 125 125 125 125 125 125 125 126 126 126 126 126 127 127 127 127 128 128 128 128 127 127 127 127 127 127 127 127 127 127 128 128 127 127 127 128 128 128 128 129 129 129 128 128 128 128 128 128 128 128 128 128 128 128 128 128 129 129 129 129 129 129 130 129 129 129 129 129 129 129 130 130 130 129 129 129 129 129 130 130 130 130 130 130 130 130 130 130 130 130 130 131 131 131 131 131 130 130 130 130 130 130 130 130 130 130 130 130 130 130 131 132 NA NA NA NA NA NA NA NA NA NA NA
NA NA NA NA NA NA NA NA NA NA NA NA NA NA NA NA NA NA NA NA NA NA NA NA NA NA NA NA NA NA NA NA NA NA NA NA NA NA NA NA NA NA NA NA NA NA NA NA NA NA NA NA NA NA NA NA NA NA NA NA NA NA NA NA NA NA NA NA NA NA NA NA NA NA NA NA NA NA NA NA NA NA NA NA NA NA NA NA NA NA NA NA NA NA NA NA NA NA NA NA NA NA NA NA NA NA NA NA NA NA NA NA NA NA NA NA NA NA NA NA NA NA NA NA NA NA NA NA NA NA NA NA NA NA NA NA NA NA NA NA 99 99 99 99 99 99 99 99 99 99 99 100 100 100 100 100 100 100 101 101 101 101 101 101 101 101 101 101 101 101 101 101 101 101 102 102 102 102 102 102 102 102 102 102 101 102 102 102 102 101 101 101 102 102 103 102 102 102 102 101 102 103 103 103 103 103 103 103 103 104 104 104 104 104 104 105 106 106 106 106 106 NA NA NA NA NA NA NA NA NA NA NA NA NA NA NA NA NA NA NA NA NA NA NA NA NA NA NA NA NA NA NA NA NA NA NA NA NA NA NA NA NA NA NA NA NA NA NA NA NA NA NA NA NA NA NA NA NA NA NA 114 113 113 113 112 113 113 113 113 113 114 114 115 114 115 115 115 115 115 115 115 115 116 116 117 117 117 117 117 118 117 117 117 117 117 117 118 118 118 118 118 118 118 118 118 118 119 119 119 119 120 120 120 120 120 120 120 120 120 120 120 121 121 122 122 122 122 122 122 122 122 122 122 123 123 123 123 123 123 123 123 124 124 124 124 124 124 124 124 124 124 124 124 124 124 125 125 125 125 125 125 125 125 125 125 125 125 125 126 125 125 126 127 127 127 127 127 127 128 128 127 127 127 127 127 127 127 127 127 127 127 127 127 127 128 128 128 128 128 128 128 129 129 129 128 128 128 128 128 128 128 128 128 128 128 128 129 129 129 129 129 129 130 130 130 129 129 129 129 129 129 130 130 129 129 129 129 129 129 130 130 130 130 130 130 129 130 130 130 130 130 130 130 130 131 131 131 130 130 130 130 130 130 130 130 130 130 130 130 130 130 130 NA NA NA NA NA NA NA NA NA NA NA
NA NA NA NA NA NA NA NA NA NA NA NA NA NA NA NA NA NA NA NA NA NA NA NA NA NA NA NA NA NA NA NA NA NA NA NA NA NA NA NA NA NA NA NA NA NA NA NA NA NA NA NA NA NA NA NA NA NA NA NA NA NA NA NA NA NA NA NA NA NA NA NA NA NA NA NA NA NA NA NA NA NA NA NA NA NA NA NA NA NA NA NA NA NA NA NA NA NA NA NA NA NA NA NA NA NA NA NA NA NA NA NA NA NA NA NA NA NA NA NA NA NA NA NA NA NA NA NA NA NA NA NA NA NA NA NA NA NA NA NA NA 99 99 99 99 99 99 99 99 99 99 99 100 100 100 100 100 100 100 101 101 101 101 101 101 101 101 101 101 101 101 102 102 101 101 102 102 102 102 102 102 102 102 102 102 102 102 102 101 101 101 101 102 102 102 102 101 102 102 102 102 102 102 103 103 103 104 104 104 104 105 104 105 105 105 105 105 106 106 106 106 106 106 NA NA NA NA NA NA NA NA NA NA NA NA NA NA NA NA NA NA NA NA NA NA NA NA NA NA NA NA NA NA NA NA NA NA NA NA NA NA NA NA NA NA NA NA NA NA NA NA NA NA NA NA NA NA NA NA NA 114 113 113 112 113 113 113 113 113 112 113 113 114 114 115 115 115 115 115 115 115 115 116 116 116 117 117 117 117 118 118 118 118 118 118 118 118 118 118 118 118 118 118 118 118 118 119 119 119 119 119 120 120 120 120 120 120 120 120 120 120 120 121 121 121 122 122 122 122 122 122 122 122 122 122 122 122 123 123 123 123 124 124 124 124 124 124 124 124 124 124 124 124 124 124 125 125 125 125 125 125 125 125 125 125 125 125 125 125 125 125 125 126 127 127 127 127 127 128 128 127 127 127 127 127 127 127 127 127 127 127 127 128 128 128 128 127 127 127 128 128 128 128 128 128 128 128 128 128 127 128 128 128 128 128 128 128 128 129 129 129 129 130 130 130 130 129 129 129 128 129 129 130 130 129 129 129 129 129 129 129 129 129 129 129 129 129 130 130 130 130 130 130 130 130 131 130 131 131 130 130 130 130 130 130 130 130 130 130 130 130 NA NA NA NA NA NA NA NA NA NA NA NA
NA NA NA NA NA NA NA NA NA NA NA NA NA NA NA NA NA NA NA NA NA NA NA NA NA NA NA NA NA NA NA NA NA NA NA NA NA NA NA NA NA NA NA NA NA NA NA NA NA NA NA NA NA NA NA NA NA NA NA NA NA NA NA NA NA NA NA NA NA NA NA NA NA NA NA NA NA NA NA NA NA NA NA NA NA NA NA NA NA NA NA NA NA NA NA NA NA NA NA NA NA NA NA NA NA NA NA NA NA NA NA NA NA NA NA NA NA NA NA NA NA NA NA NA NA NA NA NA NA NA NA NA NA NA NA NA NA NA NA NA NA 99 99 99 99 99 99 99 99 99 99 100 100 100 100 100 100 100 100 101 101 101 101 101 101 101 101 101 101 101 101 101 101 101 101 101 102 101 102 102 102 102 102 102 102 102 101 101 101 101 102 102 102 102 102 102 101 102 102 102 102 103 103 103 103 103 103 104 104 104 105 105 105 105 105 105 105 105 106 106 106 106 NA NA NA NA NA NA NA NA NA NA NA NA NA NA NA NA NA NA NA NA NA NA NA NA NA NA NA NA NA NA NA NA NA NA NA NA NA NA NA NA NA NA NA NA NA NA NA NA NA NA NA NA NA NA NA NA NA NA 114 113 113 113 113 113 114 114 113 113 113 113 114 115 115 115 115 115 116 115 115 115 116 116 116 116 116 117 117 117 117 117 118 118 118 118 118 119 118 118 118 118 118 118 119 119 119 119 119 119 119 119 119 119 119 120 120 120 120 120 120 120 121 121 121 121 122 122 122 122 122 122 122 122 122 122 122 122 123 123 123 123 124 124 124 124 124 124 124 124 124 124 124 124 124 125 125 125 125 125 125 125 125 125 125 125 125 125 125 125 125 125 126 127 127 127 127 127 127 128 127 127 127 127 127 126 126 126 127 127 127 127 128 128 127 127 127 127 127 127 127 127 127 128 128 128 128 128 128 127 128 128 128 128 128 128 128 128 129 129 129 129 130 130 130 130 130 130 129 129 129 129 130 130 129 129 129 129 129 129 129 129 129 129 129 129 129 129 129 129 129 130 130 130 130 130 130 130 130 130 130 130 130 130 130 130 130 130 130 130 130 NA NA NA NA NA NA NA NA NA NA NA NA
NA NA NA NA NA NA NA NA NA NA NA NA NA NA NA NA NA NA NA NA NA NA NA NA NA NA NA NA NA NA NA NA NA NA NA NA NA NA NA NA NA NA NA NA NA NA NA NA NA NA NA NA NA NA NA NA NA NA NA NA NA NA NA NA NA NA NA NA NA NA NA NA NA NA NA NA NA NA NA NA NA NA NA NA NA NA NA NA NA NA NA NA NA NA NA NA NA NA NA NA NA NA NA NA NA NA NA NA NA NA NA NA NA NA NA NA NA NA NA NA NA NA NA NA NA NA NA NA NA NA NA NA NA NA NA NA NA NA NA NA NA NA NA 100 100 99 99 99 99 100 100 100 100 100 100 100 100 100 100 100 101 101 101 101 101 101 101 101 101 101 100 101 101 101 101 101 101 101 102 102 102 102 102 102 102 101 101 101 101 101 101 102 102 102 102 101 101 101 102 101 102 103 104 104 103 103 104 104 104 104 104 105 105 105 105 105 105 105 106 106 106 106 106 NA NA NA NA NA NA NA NA NA NA NA NA NA NA NA NA NA NA NA NA NA NA NA NA NA NA NA NA NA NA NA NA NA NA NA NA NA NA NA NA NA NA NA NA NA NA NA NA NA NA NA NA NA NA NA NA NA 114 113 113 113 113 113 114 114 114 113 113 113 114 115 115 115 115 115 116 115 115 115 115 116 116 116 116 116 116 116 116 117 117 117 118 118 118 119 118 118 118 118 118 118 118 118 118 119 119 119 118 119 119 119 119 119 119 120 120 120 120 120 121 121 121 121 121 121 122 122 122 122 122 122 122 122 122 122 122 122 123 123 123 123 124 124 124 124 124 124 124 124 124 124 124 124 125 125 125 125 125 125 125 125 125 125 125 125 125 125 125 125 126 126 126 127 127 127 127 127 127 127 127 127 127 127 126 126 127 127 127 127 127 127 127 127 127 127 127 127 127 127 127 127 127 128 128 128 128 127 127 128 128 128 128 128 128 128 128 128 129 129 130 130 130 130 130 130 129 129 129 129 129 130 130 129 129 129 129 129 129 129 129 129 129 129 129 129 129 130 129 129 130 130 130 130 130 130 130 130 130 130 130 130 130 130 130 130 130 130 NA NA NA NA NA NA NA NA NA NA NA NA NA
NA NA NA NA NA NA NA NA NA NA NA NA NA NA NA NA NA NA NA NA NA NA NA NA NA NA NA NA NA NA NA NA NA NA NA NA NA NA NA NA NA NA NA NA NA NA NA NA NA NA NA NA NA NA NA NA NA NA NA NA NA NA NA NA NA NA NA NA NA NA NA NA NA NA NA NA NA NA NA NA NA NA NA NA NA NA NA NA NA NA NA NA NA NA NA NA NA NA NA NA NA NA NA NA NA NA NA NA NA NA NA NA NA NA NA NA NA NA NA NA NA NA NA NA NA NA NA NA NA NA NA NA NA NA NA NA NA NA NA NA NA NA NA NA 100 99 99 99 99 100 100 100 100 100 100 100 100 100 100 101 101 101 101 101 101 101 101 101 100 100 101 101 101 101 101 102 102 101 101 102 102 102 102 102 102 102 102 102 101 101 101 102 102 102 102 101 102 102 102 102 102 102 103 103 103 103 103 103 103 103 104 104 104 104 105 105 106 106 106 105 105 105 105 NA NA NA NA NA NA NA NA NA NA NA NA NA NA NA NA NA NA NA NA NA NA NA NA NA NA NA NA NA NA NA NA NA NA NA NA NA NA NA NA NA NA NA NA NA NA NA NA NA NA NA NA NA NA NA NA NA NA 113 113 113 113 113 114 114 114 114 114 113 115 115 115 115 115 115 115 115 115 116 115 115 115 116 116 116 116 116 117 117 117 117 117 117 118 118 118 119 118 118 118 118 118 118 118 118 118 118 118 119 119 119 119 119 119 119 119 120 120 120 120 121 121 121 121 121 121 121 122 122 122 122 122 122 122 122 122 122 123 123 123 123 123 123 123 124 124 124 124 123 124 124 124 124 124 124 125 125 125 124 124 125 125 125 125 125 125 125 125 125 126 126 127 127 127 127 127 127 127 127 127 128 127 126 126 126 126 127 127 127 127 127 127 127 126 127 127 127 127 127 127 127 127 127 127 127 127 127 127 127 128 128 128 128 128 128 128 128 128 128 129 130 130 130 129 129 129 130 130 129 129 129 130 130 129 129 129 129 129 129 129 130 129 129 129 129 129 129 130 130 129 129 129 130 130 130 130 130 129 129 130 130 130 130 130 130 130 130 NA NA NA NA NA NA NA NA NA NA NA NA NA
NA NA NA NA NA NA NA NA NA NA NA NA NA NA NA NA NA NA NA NA NA NA NA NA NA NA NA NA NA NA NA NA NA NA NA NA NA NA NA NA NA NA NA NA NA NA NA NA NA NA NA NA NA NA NA NA NA NA NA NA NA NA NA NA NA NA NA NA NA NA NA NA NA NA NA NA NA NA NA NA NA NA NA NA NA NA NA NA NA NA NA NA NA NA NA NA NA NA NA NA NA NA NA NA NA NA NA NA NA NA NA NA NA NA NA NA NA NA NA NA NA NA NA NA NA NA NA NA NA NA NA NA NA NA NA NA NA NA NA NA NA NA NA NA NA NA NA 100 100 100 100 100 100 100 100 100 100 100 100 101 101 101 101 101 101 101 101 101 101 100 101 101 101 101 101 101 102 102 102 101 102 102 102 102 102 102 102 102 102 102 102 102 102 102 102 102 102 102 102 102 102 102 102 103 103 103 103 103 104 104 104 104 104 105 105 105 105 106 106 105 NA NA NA NA NA NA NA NA NA NA NA NA NA NA NA NA NA NA NA NA NA NA NA NA NA NA NA NA NA NA NA NA NA NA NA NA NA NA NA NA NA NA NA NA NA NA NA NA NA NA NA NA NA NA NA NA NA NA NA NA NA 113 113 113 114 114 114 114 114 114 114 114 115 115 115 115 114 114 114 114 115 115 116 115 116 116 116 116 116 116 117 117 117 117 117 117 118 118 118 119 118 118 118 118 118 118 118 118 118 118 118 119 119 119 119 119 119 119 119 119 120 120 120 120 121 121 121 121 121 121 121 121 122 122 122 122 122 122 122 122 123 123 123 123 123 123 123 123 123 123 123 123 124 124 124 124 124 124 124 124 124 124 124 124 124 124 124 125 125 125 125 125 126 126 127 127 127 127 126 127 127 127 127 127 127 126 126 126 126 126 126 126 126 126 126 127 126 127 127 127 126 127 127 127 127 127 127 127 127 127 127 127 128 128 128 128 128 128 128 128 128 129 129 130 130 130 129 129 129 130 130 129 128 129 129 129 130 129 129 129 129 129 129 129 129 129 129 129 129 129 129 130 129 129 129 129 129 129 129 129 129 129 129 130 130 130 130 130 NA NA NA NA NA NA NA NA NA NA NA NA NA NA NA
NA NA NA NA NA NA NA NA NA NA NA NA NA NA NA NA NA NA NA NA NA NA NA NA NA NA NA NA NA NA NA NA NA NA NA NA NA NA NA NA NA NA NA NA NA NA NA NA NA NA NA NA NA NA NA NA NA NA NA NA NA NA NA NA NA NA NA NA NA NA NA NA NA NA NA NA NA NA NA NA NA NA NA NA NA NA NA NA NA NA NA NA NA NA NA NA NA NA NA NA NA NA NA NA NA NA NA NA NA NA NA NA NA NA NA NA NA NA NA NA NA NA NA NA NA NA NA NA NA NA NA NA NA NA NA NA NA NA NA NA NA NA NA NA NA NA NA NA 100 100 100 101 100 100 100 100 100 100 101 101 101 101 101 101 101 101 102 101 101 101 101 101 102 102 102 101 101 101 101 101 101 102 102 102 102 102 102 102 102 102 102 102 103 103 102 102 102 102 102 102 103 103 103 104 104 103 104 103 104 104 105 105 105 105 105 105 106 106 106 NA NA NA NA NA NA NA NA NA NA NA NA NA NA NA NA NA NA NA NA NA NA NA NA NA NA NA NA NA NA NA NA NA NA NA NA NA NA NA NA NA NA NA NA NA NA NA NA NA NA NA NA NA NA NA NA NA NA NA NA NA NA NA 113 113 114 114 NA NA NA 114 114 114 115 115 114 114 114 115 115 114 115 115 116 115 116 116 117 116 116 117 117 117 117 117 117 117 118 118 118 118 118 118 118 119 119 118 118 118 118 118 118 119 119 119 119 119 119 119 120 119 119 120 120 120 120 121 121 121 121 121 121 121 121 122 122 122 122 122 122 122 123 123 123 123 123 123 123 123 123 123 123 123 124 124 124 124 124 124 124 124 124 124 124 124 124 124 124 124 124 125 125 125 126 126 126 126 126 126 126 126 126 127 127 127 127 126 126 126 126 127 126 126 126 126 126 126 126 126 127 126 126 126 126 126 126 126 126 126 127 127 128 128 128 127 128 128 127 127 127 128 128 128 129 130 130 130 130 130 129 130 130 130 129 128 129 129 129 129 129 129 128 128 129 129 129 129 129 128 128 128 128 128 129 129 129 128 128 128 128 128 129 129 129 129 129 NA NA NA NA NA NA NA NA NA NA NA NA NA NA NA NA NA NA
NA NA NA NA NA NA NA NA NA NA NA NA NA NA NA NA NA NA NA NA NA NA NA NA NA NA NA NA NA NA NA NA NA NA NA NA NA NA NA NA NA NA NA NA NA NA NA NA NA NA NA NA NA NA NA NA NA NA NA NA NA NA NA NA NA NA NA NA NA NA NA NA NA NA NA NA NA NA NA NA NA NA NA NA NA NA NA NA NA NA NA NA NA NA NA NA NA NA NA NA NA NA NA NA NA NA NA NA NA NA NA NA NA NA NA NA NA NA NA NA NA NA NA NA NA NA NA NA NA NA NA NA NA NA NA NA NA NA NA NA NA NA NA NA NA NA NA NA 100 100 100 101 101 101 101 100 101 101 101 101 100 100 101 101 101 101 101 102 102 101 101 101 101 101 101 101 101 101 101 101 101 101 102 101 102 102 102 102 102 102 102 102 102 103 102 102 103 102 102 103 103 103 104 104 104 104 104 104 104 105 105 105 105 104 105 105 105 105 105 NA NA NA NA NA NA NA NA NA NA NA NA NA NA NA NA NA NA NA NA NA NA NA NA NA NA NA NA NA NA NA NA NA NA NA NA NA NA NA NA NA NA NA NA NA NA NA NA NA NA NA NA NA NA NA NA NA NA NA NA NA NA NA 113 113 113 NA NA NA NA NA 115 114 115 115 114 115 115 114 114 114 114 115 115 115 116 116 116 116 117 117 117 117 117 118 117 117 117 118 118 119 119 119 119 119 119 119 118 118 118 118 118 119 119 119 119 119 119 119 120 120 119 119 120 120 120 120 121 121 121 121 121 121 121 121 121 121 122 122 122 122 122 122 123 123 123 123 123 123 123 123 123 123 124 124 124 124 124 124 124 124 124 124 124 124 124 124 124 124 124 124 124 125 126 126 126 126 126 126 126 126 126 126 126 127 127 127 127 126 126 126 127 126 126 126 126 126 126 126 126 126 126 126 126 126 127 127 126 127 127 127 127 127 127 127 127 128 128 128 128 128 128 128 129 129 130 130 130 130 129 129 130 130 129 128 128 128 129 129 129 128 128 129 129 129 129 129 129 128 128 128 128 128 128 128 128 128 128 128 128 128 128 128 129 129 129 NA NA NA NA NA NA NA NA NA NA NA NA NA NA NA NA NA NA
NA NA NA NA NA NA NA NA NA NA NA NA NA NA NA NA NA NA NA NA NA NA NA NA NA NA NA NA NA NA NA NA NA NA NA NA NA NA NA NA NA NA NA NA NA NA NA NA NA NA NA NA NA NA NA NA NA NA NA NA NA NA NA NA NA NA NA NA NA NA NA NA NA NA NA NA NA NA NA NA NA NA NA NA NA NA NA NA NA NA NA NA NA NA NA NA NA NA NA NA NA NA NA NA NA NA NA NA NA NA NA NA NA NA NA NA NA NA NA NA NA NA NA NA NA NA NA NA NA NA NA NA NA NA NA NA NA NA NA NA NA NA NA NA NA NA NA NA NA 100 101 101 101 101 101 101 101 100 100 100 100 101 101 101 101 101 101 102 101 101 101 101 101 101 101 101 101 101 101 102 101 101 101 101 102 102 102 103 103 102 102 102 101 102 102 102 103 103 103 103 103 103 103 104 104 103 104 104 104 104 104 105 NA NA NA NA 105 NA NA NA NA NA NA NA NA NA NA NA NA NA NA NA NA NA NA NA NA NA NA NA NA NA NA NA NA NA NA NA NA NA NA NA NA NA NA NA NA NA NA NA NA NA NA NA NA NA NA NA NA NA NA NA NA NA NA NA NA NA NA NA NA NA NA 113 NA NA NA NA NA NA NA 114 115 114 115 115 115 115 115 114 114 115 115 115 116 116 116 116 116 116 116 117 117 117 117 118 118 118 118 119 119 119 119 119 119 119 118 118 118 118 118 119 119 119 119 119 119 120 120 120 120 120 120 120 120 120 120 121 121 121 121 121 121 121 121 121 121 122 122 122 122 122 123 123 123 123 123 123 123 123 123 123 123 123 123 124 124 124 124 124 124 124 124 124 124 124 124 124 124 125 125 125 126 125 125 126 125 125 126 126 126 126 126 126 126 126 126 127 126 126 126 127 126 126 126 126 126 126 126 126 126 126 127 126 127 127 126 127 128 127 127 127 127 127 128 128 128 128 128 127 127 128 129 130 129 129 130 129 129 129 130 130 129 129 128 127 127 128 128 128 128 128 129 129 129 129 129 128 128 128 128 128 128 128 128 129 129 128 128 128 128 128 128 129 NA NA NA NA NA NA NA NA NA NA NA NA NA NA NA NA NA NA NA
NA NA NA NA NA NA NA NA NA NA NA NA NA NA NA NA NA NA NA NA NA NA NA NA NA NA NA NA NA NA NA NA NA NA NA NA NA NA NA NA NA NA NA NA NA NA NA NA NA NA NA NA NA NA NA NA NA NA NA NA NA NA NA NA NA NA NA NA NA NA NA NA NA NA NA NA NA NA NA NA NA NA NA NA NA NA NA NA NA NA NA NA NA NA NA NA NA NA NA NA NA NA NA NA NA NA NA NA NA NA NA NA NA NA NA NA NA NA NA NA NA NA NA NA NA NA NA NA NA NA NA NA NA NA NA NA NA NA NA NA NA NA NA NA NA NA NA NA NA 101 101 101 101 101 101 101 101 100 100 101 101 101 101 101 101 101 101 101 101 101 101 101 101 101 101 101 101 101 101 101 101 101 102 102 102 102 102 102 103 103 102 103 103 102 101 102 102 103 103 103 103 102 103 104 103 103 103 104 104 104 NA NA NA NA NA NA NA NA NA NA NA NA NA NA NA NA NA NA NA NA NA NA NA NA NA NA NA NA NA NA NA NA NA NA NA NA NA NA NA NA NA NA NA NA NA NA NA NA NA NA NA NA NA NA NA NA NA NA NA NA NA NA NA NA NA NA NA NA NA NA NA NA NA NA NA NA NA NA NA NA NA 114 115 115 115 115 115 114 114 114 114 115 115 115 115 115 115 116 116 116 116 117 116 117 117 118 118 118 118 118 119 119 119 119 119 119 118 118 118 118 118 118 118 119 119 119 119 120 119 120 119 119 120 120 120 120 120 120 121 121 121 121 121 121 121 121 122 122 122 122 122 122 122 122 122 122 123 123 123 123 123 123 123 123 123 123 123 124 124 124 124 124 124 124 124 124 124 124 124 124 124 124 125 125 125 125 125 125 126 126 126 126 126 126 125 125 126 126 126 126 126 126 127 126 125 125 126 126 126 126 126 126 126 127 127 127 127 126 127 127 127 127 127 127 127 127 127 127 128 128 128 127 129 129 130 129 129 129 129 129 129 130 130 129 128 128 127 127 127 128 129 128 129 129 129 129 129 128 128 128 129 128 128 128 128 128 129 129 128 128 128 128 NA NA NA NA NA NA NA NA NA NA NA NA NA NA NA NA NA NA NA NA NA
NA NA NA NA NA NA NA NA NA NA NA NA NA NA NA NA NA NA NA NA NA NA NA NA NA NA NA NA NA NA NA NA NA NA NA NA NA NA NA NA NA NA NA NA NA NA NA NA NA NA NA NA NA NA NA NA NA NA NA NA NA NA NA NA NA NA NA NA NA NA NA NA NA NA NA NA NA NA NA NA NA NA NA NA NA NA NA NA NA NA NA NA NA NA NA NA NA NA NA NA NA NA NA NA NA NA NA NA NA NA NA NA NA NA NA NA NA NA NA NA NA NA NA NA NA NA NA NA NA NA NA NA NA NA NA NA NA NA NA NA NA NA NA NA NA NA NA NA NA NA NA NA 101 101 101 101 100 100 101 101 NA 100 100 100 100 100 100 101 101 101 101 101 101 101 101 101 102 101 101 101 101 101 102 102 102 102 102 102 102 103 103 103 103 102 101 101 102 103 102 102 103 102 103 103 103 103 104 104 104 104 NA NA NA NA NA NA NA NA NA NA NA NA NA NA NA NA NA NA NA NA NA NA NA NA NA NA NA NA NA NA NA NA NA NA NA NA NA NA NA NA NA NA NA NA NA NA NA NA NA NA NA NA NA NA NA NA NA NA NA NA NA NA NA NA NA NA NA NA NA NA NA NA NA NA NA NA NA NA NA NA NA 114 115 115 114 114 114 114 114 114 114 114 114 115 115 115 115 116 116 116 116 116 117 117 118 118 118 118 118 117 118 118 119 119 119 119 118 118 118 118 118 118 118 119 119 119 119 119 119 119 119 119 120 120 120 120 120 120 121 121 121 121 121 121 121 121 122 122 122 122 122 122 122 122 122 122 123 123 123 123 123 123 123 123 123 123 123 123 124 124 124 124 124 124 124 124 124 124 124 124 124 124 125 125 125 125 125 125 126 126 126 125 125 125 125 125 125 126 125 125 126 126 126 126 125 126 127 126 126 127 126 126 126 127 127 127 127 127 127 128 127 127 127 127 127 127 127 127 127 127 127 127 128 128 129 129 129 129 128 129 129 129 130 130 129 128 128 127 128 128 129 129 129 129 129 129 129 129 128 128 129 129 128 128 128 128 128 129 NA NA NA NA NA NA NA NA NA NA NA NA NA NA NA NA NA NA NA NA NA NA NA NA NA
NA NA NA NA NA NA NA NA NA NA NA NA NA NA NA NA NA NA NA NA NA NA NA NA NA NA NA NA NA NA NA NA NA NA NA NA NA NA NA NA NA NA NA NA NA NA NA NA NA NA NA NA NA NA NA NA NA NA NA NA NA NA NA NA NA NA NA NA NA NA NA NA NA NA NA NA NA NA NA NA NA NA NA NA NA NA NA NA NA NA NA NA NA NA NA NA NA NA NA NA NA NA NA NA NA NA NA NA NA NA NA NA NA NA NA NA NA NA NA NA NA NA NA NA NA NA NA NA NA NA NA NA NA NA NA NA NA NA NA NA NA NA NA NA NA NA NA NA NA NA NA NA NA 101 101 101 100 101 NA NA NA 100 100 100 100 100 100 100 101 101 101 101 101 101 101 101 101 102 102 102 102 102 102 102 102 102 102 102 102 103 103 103 103 102 102 101 102 102 102 102 102 102 102 103 103 103 103 103 104 104 NA NA NA NA NA NA NA NA NA NA NA NA NA NA NA NA NA NA NA NA NA NA NA NA NA NA NA NA NA NA NA NA NA NA NA NA NA NA NA NA NA NA NA NA NA NA NA NA NA NA NA NA NA NA NA NA NA NA NA NA NA NA NA NA NA NA NA NA NA NA NA NA NA NA NA NA NA NA NA NA NA 114 114 114 114 114 114 114 114 115 115 115 114 115 115 115 115 115 115 116 116 117 117 117 117 118 118 118 117 117 117 117 118 118 118 119 118 118 118 118 118 118 118 118 119 119 119 119 119 119 119 119 120 120 120 120 120 120 120 120 121 121 121 121 121 122 122 122 122 122 122 122 122 122 122 122 122 123 123 123 123 123 123 123 123 123 123 123 123 123 123 124 124 124 124 124 124 124 124 124 124 124 125 125 125 125 125 125 125 125 126 125 125 125 125 125 125 125 125 125 125 125 125 125 125 126 126 126 126 126 126 126 127 127 127 127 127 127 128 128 127 127 127 127 127 127 127 127 127 127 127 127 128 128 128 129 129 129 128 128 128 129 130 130 130 129 128 128 127 128 128 128 128 129 129 129 129 129 129 129 129 129 129 129 128 128 NA NA NA NA NA NA NA NA NA NA NA NA NA NA NA NA NA NA NA NA NA NA NA NA NA NA NA
NA NA NA NA NA NA NA NA NA NA NA NA NA NA NA NA NA NA NA NA NA NA NA NA NA NA NA NA NA NA NA NA NA NA NA NA NA NA NA NA NA NA NA NA NA NA NA NA NA NA NA NA NA NA NA NA NA NA NA NA NA NA NA NA NA NA NA NA NA NA NA NA NA NA NA NA NA NA NA NA NA NA NA NA NA NA NA NA NA NA NA NA NA NA NA NA NA NA NA NA NA NA NA NA NA NA NA NA NA NA NA NA NA NA NA NA NA NA NA NA NA NA NA NA NA NA NA NA NA NA NA NA NA NA NA NA NA NA NA NA NA NA NA NA NA NA NA NA NA NA NA NA NA NA NA 101 101 101 NA NA NA NA NA 101 101 100 100 100 100 100 101 101 101 101 101 101 101 101 102 102 102 102 102 102 102 102 102 102 103 103 104 103 103 103 102 101 101 101 102 102 102 102 102 102 NA NA NA 103 104 NA NA NA NA NA NA NA NA NA NA NA NA NA NA NA NA NA NA NA NA NA NA NA NA NA NA NA NA NA NA NA NA NA NA NA NA NA NA NA NA NA NA NA NA NA NA NA NA NA NA NA NA NA NA NA NA NA NA NA NA NA NA NA NA NA NA NA NA NA NA NA NA NA NA NA NA NA NA NA NA NA NA 114 115 114 115 114 114 114 115 115 115 114 114 115 115 115 115 115 116 116 116 116 116 117 117 117 118 118 118 117 117 117 117 117 117 118 118 118 118 118 118 118 118 118 119 119 119 119 119 119 119 119 120 120 120 120 120 120 120 120 121 121 121 121 121 121 121 121 121 122 122 122 122 122 122 122 122 122 122 122 122 123 123 123 123 123 123 123 123 123 123 123 124 124 124 124 124 124 124 124 124 124 125 125 125 125 125 125 125 125 125 125 125 125 125 126 126 125 125 125 125 126 125 125 125 125 125 125 125 126 126 126 126 126 127 127 127 127 127 127 128 128 127 127 127 127 126 126 126 127 127 127 127 128 128 128 129 129 129 128 128 128 129 129 129 128 127 128 127 127 128 128 128 128 128 129 129 129 129 129 129 129 129 129 129 128 NA NA NA NA NA NA NA NA NA NA NA NA NA NA NA NA NA NA NA NA NA NA NA NA NA NA NA
NA NA NA NA NA NA NA NA NA NA NA NA NA NA NA NA NA NA NA NA NA NA NA NA NA NA NA NA NA NA NA NA NA NA NA NA NA NA NA NA NA NA NA NA NA NA NA NA NA NA NA NA NA NA NA NA NA NA NA NA NA NA NA NA NA NA NA NA NA NA NA NA NA NA NA NA NA NA NA NA NA NA NA NA NA NA NA NA NA NA NA NA NA NA NA NA NA NA NA NA NA NA NA NA NA NA NA NA NA NA NA NA NA NA NA NA NA NA NA NA NA NA NA NA NA NA NA NA NA NA NA NA NA NA NA NA NA NA NA NA NA NA NA NA NA NA NA NA NA NA NA NA NA NA NA NA NA NA NA NA NA NA NA NA 101 101 101 101 101 101 101 101 101 101 101 101 101 101 101 102 102 102 102 102 102 102 102 102 103 103 103 103 102 101 101 102 102 101 102 102 103 103 103 NA NA NA NA 103 NA NA NA NA NA NA NA NA NA NA NA NA NA NA NA NA NA NA NA NA NA NA NA NA NA NA NA NA NA NA NA NA NA NA NA NA NA NA NA NA NA NA NA NA NA NA NA NA NA NA NA NA NA NA NA NA NA NA NA NA NA NA NA NA NA NA NA NA NA NA NA NA NA NA NA NA NA NA NA NA NA NA NA 114 114 114 115 114 114 114 115 115 115 115 114 115 115 116 115 115 116 116 116 116 117 117 117 118 117 118 118 118 117 117 117 117 117 117 118 118 119 118 118 118 118 118 118 118 118 119 119 119 119 119 120 120 120 120 120 120 120 120 121 121 121 121 121 121 121 121 121 121 122 122 122 122 122 122 122 122 122 122 122 122 122 123 123 123 123 123 123 123 123 123 123 123 124 124 124 124 124 124 124 124 125 125 125 125 125 125 125 125 125 125 125 125 125 125 126 125 125 125 126 126 126 126 125 125 125 125 125 126 126 126 126 126 126 126 127 126 126 127 127 128 128 128 127 127 127 127 126 127 127 127 127 127 127 128 128 129 129 129 128 128 128 128 128 127 127 129 128 128 128 127 127 128 128 129 129 129 129 129 129 129 128 128 129 128 NA NA NA NA NA NA NA NA NA NA NA NA NA NA NA NA NA NA NA NA NA NA NA NA NA NA NA
NA NA NA NA NA NA NA NA NA NA NA NA NA NA NA NA NA NA NA NA NA NA NA NA NA NA NA NA NA NA NA NA NA NA NA NA NA NA NA NA NA NA NA NA NA NA NA NA NA NA NA NA NA NA NA NA NA NA NA NA NA NA NA NA NA NA NA NA NA NA NA NA NA NA NA NA NA NA NA NA NA NA NA NA NA NA NA NA NA NA NA NA NA NA NA NA NA NA NA NA NA NA NA NA NA NA NA NA NA NA NA NA NA NA NA NA NA NA NA NA NA NA NA NA NA NA NA NA NA NA NA NA NA NA NA NA NA NA NA NA NA NA NA NA NA NA NA NA NA NA NA NA NA NA NA NA NA NA NA NA NA NA NA NA NA NA NA NA 102 101 101 101 101 101 101 101 101 101 101 102 102 102 102 102 102 102 102 103 102 103 103 102 101 102 103 103 103 102 102 102 102 103 NA NA NA NA NA NA NA NA NA NA NA NA NA NA NA NA NA NA NA NA NA NA NA NA NA NA NA NA NA NA NA NA NA NA NA NA NA NA NA NA NA NA NA NA NA NA NA NA NA NA NA NA NA NA NA NA NA NA NA NA NA NA NA NA NA NA NA NA NA NA NA NA NA NA NA NA NA NA NA NA NA NA NA NA NA NA NA NA 113 113 114 114 115 114 114 114 114 115 115 115 115 115 116 116 116 115 115 116 116 116 117 117 118 117 117 117 117 118 117 117 117 117 117 117 117 118 118 118 118 118 118 118 118 118 118 118 119 119 119 119 120 120 120 120 120 120 120 121 121 121 121 121 121 121 121 121 121 121 122 122 122 122 122 122 122 122 122 122 122 122 122 122 122 123 123 123 123 123 123 123 123 123 123 123 123 123 123 123 124 124 125 125 125 125 125 125 125 125 125 125 125 125 125 125 125 126 125 125 125 125 125 125 126 126 126 125 125 126 126 126 126 126 126 126 126 126 126 126 127 127 127 128 128 128 127 127 126 127 127 127 128 128 128 128 128 128 129 129 129 129 128 128 128 127 127 129 129 128 127 128 128 127 128 128 129 129 129 129 129 129 129 128 128 128 NA NA NA NA NA NA NA NA NA NA NA NA NA NA NA NA NA NA NA NA NA NA NA NA NA NA NA
NA NA NA NA NA NA NA NA NA NA NA NA NA NA NA NA NA NA NA NA NA NA NA NA NA NA NA NA NA NA NA NA NA NA NA NA NA NA NA NA NA NA NA NA NA NA NA NA NA NA NA NA NA NA NA NA NA NA NA NA NA NA NA NA NA NA NA NA NA NA NA NA NA NA NA NA NA NA NA NA NA NA NA NA NA NA NA NA NA NA NA NA NA NA NA NA NA NA NA NA NA NA NA NA NA NA NA NA NA NA NA NA NA NA NA NA NA NA NA NA NA NA NA NA NA NA NA NA NA NA NA NA NA NA NA NA NA NA NA NA NA NA NA NA NA NA NA NA NA NA NA NA NA NA NA NA NA NA NA NA NA NA NA NA NA NA NA NA NA 102 101 101 101 101 101 101 101 101 101 101 102 102 102 102 101 102 102 103 103 103 103 103 101 102 103 103 103 103 102 103 103 104 NA NA NA NA NA NA NA NA NA NA NA NA NA NA NA NA NA NA NA NA NA NA NA NA NA NA NA NA NA NA NA NA NA NA NA NA NA NA NA NA NA NA NA NA NA NA NA NA NA NA NA NA NA NA NA NA NA NA NA NA NA NA NA NA NA NA NA NA NA NA NA NA NA NA NA NA NA NA NA NA NA NA NA NA NA NA NA NA NA 113 114 114 114 114 114 114 115 115 115 115 115 115 115 115 115 115 115 115 116 116 116 116 117 117 117 117 117 118 117 116 117 117 117 117 117 117 118 118 118 118 118 118 118 118 118 118 119 119 119 119 119 120 120 120 120 120 120 120 121 120 120 120 121 121 121 121 121 121 121 121 121 121 121 122 122 122 122 122 122 122 122 122 122 122 122 122 123 123 123 123 123 123 123 123 123 123 123 123 123 123 125 125 125 125 125 125 125 125 125 125 125 125 126 125 125 126 126 126 125 125 126 125 125 125 125 125 125 125 125 126 126 126 126 126 126 126 126 127 127 127 127 127 128 128 128 127 127 127 128 128 128 128 128 128 128 128 128 128 129 129 129 128 127 127 127 128 129 129 128 128 128 127 128 128 128 129 129 129 128 128 128 128 NA NA NA NA NA NA NA NA NA NA NA NA NA NA NA NA NA NA NA NA NA NA NA NA NA NA NA NA NA
NA NA NA NA NA NA NA NA NA NA NA NA NA NA NA NA NA NA NA NA NA NA NA NA NA NA NA NA NA NA NA NA NA NA NA NA NA NA NA NA NA NA NA NA NA NA NA NA NA NA NA NA NA NA NA NA NA NA NA NA NA NA NA NA NA NA NA NA NA NA NA NA NA NA NA NA NA NA NA NA NA NA NA NA NA NA NA NA NA NA NA NA NA NA NA NA NA NA NA NA NA NA NA NA NA NA NA NA NA NA NA NA NA NA NA NA NA NA NA NA NA NA NA NA NA NA NA NA NA NA NA NA NA NA NA NA NA NA NA NA NA NA NA NA NA NA NA NA NA NA NA NA NA NA NA NA NA NA NA NA NA NA NA NA NA NA NA NA NA NA NA NA NA 102 102 102 101 101 101 101 101 102 102 102 102 102 102 103 102 102 102 103 102 102 103 104 104 104 104 103 103 NA NA NA NA NA NA NA NA NA NA NA NA NA NA NA NA NA NA NA NA NA NA NA NA NA NA NA NA NA NA NA NA NA NA NA NA NA NA NA NA NA NA NA NA NA NA NA NA NA NA NA NA NA NA NA NA NA NA NA NA NA NA NA NA NA NA NA NA NA NA NA NA NA NA NA NA NA NA NA NA NA NA NA NA NA NA NA NA NA NA 113 114 114 114 114 114 114 115 115 115 115 116 116 115 116 115 115 115 116 116 116 116 116 116 116 117 117 117 117 117 117 116 117 117 117 117 117 118 118 117 117 118 118 118 118 118 118 118 119 119 119 119 119 119 120 120 120 120 120 120 120 120 120 120 121 121 121 121 121 121 121 121 121 121 122 122 122 122 122 122 122 122 122 122 122 122 122 123 123 123 122 123 123 123 123 123 123 123 123 123 123 124 125 125 125 125 125 125 125 125 125 125 126 126 125 125 125 126 126 125 125 126 126 125 126 125 125 124 125 126 126 125 125 125 125 125 126 126 126 126 126 127 127 127 127 128 128 127 127 128 128 128 128 128 128 128 128 128 128 128 128 128 129 128 127 127 127 127 128 129 128 128 128 128 129 129 129 129 129 129 128 128 128 128 NA NA NA NA NA NA NA NA NA NA NA NA NA NA NA NA NA NA NA NA NA NA NA NA NA NA NA NA
NA NA NA NA NA NA NA NA NA NA NA NA NA NA NA NA NA NA NA NA NA NA NA NA NA NA NA NA NA NA NA NA NA NA NA NA NA NA NA NA NA NA NA NA NA NA NA NA NA NA NA NA NA NA NA NA NA NA NA NA NA NA NA NA NA NA NA NA NA NA NA NA NA NA NA NA NA NA NA NA NA NA NA NA NA NA NA NA NA NA NA NA NA NA NA NA NA NA NA NA NA NA NA NA NA NA NA NA NA NA NA NA NA NA NA NA NA NA NA NA NA NA NA NA NA NA NA NA NA NA NA NA NA NA NA NA NA NA NA NA NA NA NA NA NA NA NA NA NA NA NA NA NA NA NA NA NA NA NA NA NA NA NA NA NA NA NA NA NA NA NA NA NA NA NA 102 102 102 102 102 101 102 102 102 102 101 101 102 102 102 102 102 102 102 103 103 104 104 104 104 104 NA NA NA NA NA NA NA NA NA NA NA NA NA NA NA NA NA NA NA NA NA NA NA NA NA NA NA NA NA NA NA NA NA NA NA NA NA NA NA NA NA NA NA NA NA NA NA NA NA NA NA NA NA NA NA NA NA NA NA NA NA NA NA NA NA NA NA NA NA NA NA NA NA NA NA NA NA NA NA NA NA NA NA NA NA NA NA NA NA NA NA 114 114 114 114 114 114 114 114 115 115 116 115 115 116 116 115 115 115 116 116 116 116 116 116 117 117 117 117 116 116 116 116 117 117 117 117 118 118 118 118 118 118 118 118 118 118 119 119 119 119 119 119 119 119 120 120 120 120 120 120 120 120 120 120 120 121 121 121 121 121 121 121 121 121 121 121 122 122 122 122 122 122 122 122 122 122 122 123 122 122 122 123 123 123 123 123 123 123 123 124 124 124 124 124 124 125 125 124 125 125 125 125 125 125 125 125 126 126 125 126 126 126 126 126 126 125 125 125 125 126 126 126 126 126 125 125 126 126 126 126 126 127 127 127 128 128 128 128 128 128 128 129 128 128 128 128 128 128 128 128 128 128 128 128 127 127 127 127 128 128 128 128 128 128 129 129 129 128 128 128 128 128 128 NA NA NA NA NA NA NA NA NA NA NA NA NA NA NA NA NA NA NA NA NA NA NA NA NA NA NA NA
NA NA NA NA NA NA NA NA NA NA NA NA NA NA NA NA NA NA NA NA NA NA NA NA NA NA NA NA NA NA NA NA NA NA NA NA NA NA NA NA NA NA NA NA NA NA NA NA NA NA NA NA NA NA NA NA NA NA NA NA NA NA NA NA NA NA NA NA NA NA NA NA NA NA NA NA NA NA NA NA NA NA NA NA NA NA NA NA NA NA NA NA NA NA NA NA NA NA NA NA NA NA NA NA NA NA NA NA NA NA NA NA NA NA NA NA NA NA NA NA NA NA NA NA NA NA NA NA NA NA NA NA NA NA NA NA NA NA NA NA NA NA NA NA NA NA NA NA NA NA NA NA NA NA NA NA NA NA NA NA NA NA NA NA NA NA NA NA NA NA NA NA NA NA NA NA NA NA 102 102 102 102 102 101 101 101 102 102 102 102 103 103 102 102 103 103 103 104 104 104 104 NA NA NA NA NA NA NA NA NA NA NA NA NA NA NA NA NA NA NA NA NA NA NA NA NA NA NA NA NA NA NA NA NA NA NA NA NA NA NA NA NA NA NA NA NA NA NA NA NA NA NA NA NA NA NA NA NA NA NA NA NA NA NA NA NA NA NA NA NA NA NA NA NA NA NA NA NA NA NA NA NA NA NA NA NA NA NA NA NA NA NA NA 114 114 114 114 114 114 114 115 115 115 115 116 116 116 115 115 115 115 115 115 116 116 117 117 117 116 116 116 116 117 116 117 117 117 117 117 118 118 118 118 118 118 118 118 118 119 118 118 119 119 119 119 119 120 119 119 120 120 120 120 120 120 120 120 120 120 121 121 121 121 121 121 121 121 121 122 122 121 122 122 122 122 122 122 122 122 122 122 122 122 122 122 122 122 123 123 123 123 123 124 125 125 125 124 124 124 124 124 125 125 125 125 125 126 126 127 126 126 126 127 127 127 126 126 126 126 125 124 125 126 126 127 126 125 126 126 126 125 126 126 126 126 126 127 127 128 127 128 128 129 129 128 128 128 128 129 128 128 128 128 128 128 128 128 127 127 127 128 129 128 129 128 128 129 129 128 128 128 128 128 128 128 NA NA NA NA NA NA NA NA NA NA NA NA NA NA NA NA NA NA NA NA NA NA NA NA NA NA NA NA
NA NA NA NA NA NA NA NA NA NA NA NA NA NA NA NA NA NA NA NA NA NA NA NA NA NA NA NA NA NA NA NA NA NA NA NA NA NA NA NA NA NA NA NA NA NA NA NA NA NA NA NA NA NA NA NA NA NA NA NA NA NA NA NA NA NA NA NA NA NA NA NA NA NA NA NA NA NA NA NA NA NA NA NA NA NA NA NA NA NA NA NA NA NA NA NA NA NA NA NA NA NA NA NA NA NA NA NA NA NA NA NA NA NA NA NA NA NA NA NA NA NA NA NA NA NA NA NA NA NA NA NA NA NA NA NA NA NA NA NA NA NA NA NA NA NA NA NA NA NA NA NA NA NA NA NA NA NA NA NA NA NA NA NA NA NA NA NA NA NA NA NA NA NA NA NA NA NA NA NA NA NA 102 102 102 103 103 103 104 103 103 104 103 102 103 103 104 104 104 104 104 104 NA NA NA NA NA NA NA NA NA NA NA NA NA NA NA NA NA NA NA NA NA NA NA NA NA NA NA NA NA NA NA NA NA NA NA NA NA NA NA NA NA NA NA NA NA NA NA NA NA NA NA NA NA NA NA NA NA NA NA NA NA NA NA NA NA NA NA NA NA NA NA NA NA NA NA NA NA NA NA NA NA NA NA NA NA NA NA NA NA NA NA NA 114 114 114 114 114 115 115 115 115 115 115 115 115 115 115 115 115 115 115 115 116 116 116 116 116 116 116 116 116 116 116 116 117 117 117 117 117 117 117 118 118 118 118 118 118 118 118 118 119 119 119 120 119 119 119 119 119 120 120 120 120 120 120 120 121 121 121 121 121 121 121 121 121 121 121 121 121 122 122 122 122 122 122 122 122 122 122 122 123 122 123 123 122 122 122 123 123 123 124 124 124 124 124 124 124 124 123 124 124 124 125 125 125 126 126 126 126 126 127 127 127 126 125 126 126 125 125 124 125 125 125 126 126 126 127 127 126 125 125 126 126 125 126 126 126 127 127 128 129 129 128 128 128 128 128 128 128 128 128 127 128 129 128 128 127 127 127 128 128 128 129 129 129 129 128 128 128 128 128 NA NA NA NA NA NA NA NA NA NA NA NA NA NA NA NA NA NA NA NA NA NA NA NA NA NA NA NA NA NA
NA NA NA NA NA NA NA NA NA NA NA NA NA NA NA NA NA NA NA NA NA NA NA NA NA NA NA NA NA NA NA NA NA NA NA NA NA NA NA NA NA NA NA NA NA NA NA NA NA NA NA NA NA NA NA NA NA NA NA NA NA NA NA NA NA NA NA NA NA NA NA NA NA NA NA NA NA NA NA NA NA NA NA NA NA NA NA NA NA NA NA NA NA NA NA NA NA NA NA NA NA NA NA NA NA NA NA NA NA NA NA NA NA NA NA NA NA NA NA NA NA NA NA NA NA NA NA NA NA NA NA NA NA NA NA NA NA NA NA NA NA NA NA NA NA NA NA NA NA NA NA NA NA NA NA NA NA NA NA NA NA NA NA NA NA NA NA NA NA NA NA NA NA NA NA NA NA NA NA NA NA NA NA NA 102 103 103 103 104 103 104 104 103 103 103 103 104 104 104 104 104 104 105 NA NA NA NA NA NA NA NA NA NA NA NA NA NA NA NA NA NA NA NA NA NA NA NA NA NA NA NA NA NA NA NA NA NA NA NA NA NA NA NA NA NA NA NA NA NA NA NA NA NA NA NA NA NA NA NA NA NA NA NA NA NA NA NA NA NA NA NA NA NA NA NA NA NA NA NA NA NA NA NA NA NA NA NA NA NA NA NA NA NA NA NA 114 115 115 NA 115 115 115 115 116 115 115 115 115 114 115 115 115 115 115 115 116 116 116 116 116 116 116 116 116 116 116 116 117 116 116 117 117 117 117 117 117 117 117 117 117 118 117 118 118 119 119 119 119 119 119 119 119 119 120 120 120 120 120 121 121 121 121 121 121 121 121 121 121 121 121 121 121 122 122 122 122 122 122 122 122 122 123 122 122 122 123 122 122 122 123 122 123 123 123 123 123 124 124 124 125 124 123 124 124 125 125 125 126 126 126 125 126 127 127 127 127 127 126 126 126 126 125 125 124 125 126 126 126 127 127 127 126 126 126 126 126 125 125 126 127 127 128 128 128 128 128 129 128 128 128 128 129 128 128 128 129 129 128 128 127 126 127 128 128 129 129 128 128 128 128 128 128 128 NA NA NA NA NA NA NA NA NA NA NA NA NA NA NA NA NA NA NA NA NA NA NA NA NA NA NA NA NA NA
NA NA NA NA NA NA NA NA NA NA NA NA NA NA NA NA NA NA NA NA NA NA NA NA NA NA NA NA NA NA NA NA NA NA NA NA NA NA NA NA NA NA NA NA NA NA NA NA NA NA NA NA NA NA NA NA NA NA NA NA NA NA NA NA NA NA NA NA NA NA NA NA NA NA NA NA NA NA NA NA NA NA NA NA NA NA NA NA NA NA NA NA NA NA NA NA NA NA NA NA NA NA NA NA NA NA NA NA NA NA NA NA NA NA NA NA NA NA NA NA NA NA NA NA NA NA NA NA NA NA NA NA NA NA NA NA NA NA NA NA NA NA NA NA NA NA NA NA NA NA NA NA NA NA NA NA NA NA NA NA NA NA NA NA NA NA NA NA NA NA NA NA NA NA NA NA NA NA NA NA NA NA NA NA 102 103 103 103 103 103 103 104 103 103 103 104 104 104 105 105 105 105 105 105 NA NA NA NA NA NA NA NA NA NA NA NA NA NA NA NA NA NA NA NA NA NA NA NA NA NA NA NA NA NA NA NA NA NA NA NA NA NA NA NA NA NA NA NA NA NA NA NA NA NA NA NA NA NA NA NA NA NA NA NA NA NA NA NA NA NA NA NA NA NA NA NA NA NA NA NA NA NA NA NA NA NA NA NA NA NA NA NA NA NA NA NA NA NA NA NA NA NA NA 115 115 115 115 114 115 115 115 115 115 115 116 116 116 116 116 116 116 116 116 116 116 116 116 116 116 116 116 117 117 117 117 117 117 117 117 117 117 117 118 118 119 119 119 119 119 119 120 119 119 120 120 120 120 120 120 121 121 121 121 121 121 121 121 121 121 121 121 121 121 121 122 122 122 122 122 122 122 122 122 122 122 122 122 122 122 122 122 122 123 123 123 124 124 124 124 124 124 123 123 124 124 124 124 125 126 126 126 126 127 127 127 126 126 126 125 125 125 124 124 125 125 125 125 125 126 126 127 127 127 126 127 126 126 126 126 126 126 127 129 128 128 129 129 129 129 128 128 129 128 128 128 129 129 128 128 128 127 127 128 128 128 129 129 129 128 128 128 128 NA NA NA NA NA NA NA NA NA NA NA NA NA NA NA NA NA NA NA NA NA NA NA NA NA NA NA NA NA NA NA
NA NA NA NA NA NA NA NA NA NA NA NA NA NA NA NA NA NA NA NA NA NA NA NA NA NA NA NA NA NA NA NA NA NA NA NA NA NA NA NA NA NA NA NA NA NA NA NA NA NA NA NA NA NA NA NA NA NA NA NA NA NA NA NA NA NA NA NA NA NA NA NA NA NA NA NA NA NA NA NA NA NA NA NA NA NA NA NA NA NA NA NA NA NA NA NA NA NA NA NA NA NA NA NA NA NA NA NA NA NA NA NA NA NA NA NA NA NA NA NA NA NA NA NA NA NA NA NA NA NA NA NA NA NA NA NA NA NA NA NA NA NA NA NA NA NA NA NA NA NA NA NA NA NA NA NA NA NA NA NA NA NA NA NA NA NA NA NA NA NA NA NA NA NA NA NA NA NA NA NA NA NA NA NA 102 103 103 104 103 104 103 104 103 103 104 104 104 104 104 105 105 105 105 105 106 106 NA NA NA NA NA NA NA NA NA NA NA NA NA NA NA NA NA NA NA NA NA NA NA NA NA NA NA NA NA NA NA NA NA NA NA NA NA NA NA NA NA NA NA NA NA NA NA NA NA NA NA NA NA NA NA NA NA NA NA NA NA NA NA NA NA NA NA NA NA NA NA NA NA NA NA NA NA NA NA NA NA NA NA NA NA NA NA NA NA NA NA NA NA NA NA NA NA NA 115 115 115 115 115 115 115 115 115 115 115 115 115 115 115 115 116 116 116 116 116 117 116 116 116 116 116 116 117 117 116 116 116 116 117 117 117 117 119 118 118 119 119 119 119 119 119 119 119 119 120 120 120 120 120 120 120 121 121 121 121 120 121 121 121 121 121 121 121 121 121 121 122 122 122 122 122 122 122 122 122 122 122 122 122 122 122 122 122 123 123 123 123 124 124 124 124 124 123 124 124 124 124 125 125 126 126 126 127 126 125 125 125 125 124 124 125 125 125 125 125 125 126 125 125 125 126 127 127 127 127 127 127 127 127 126 126 127 128 128 128 129 129 129 128 129 129 129 NA NA NA NA NA 128 128 127 127 127 127 128 128 129 129 129 129 NA 129 128 NA NA NA NA NA NA NA NA NA NA NA NA NA NA NA NA NA NA NA NA NA NA NA NA NA NA NA NA NA NA NA
NA NA NA NA NA NA NA NA NA NA NA NA NA NA NA NA NA NA NA NA NA NA NA NA NA NA NA NA NA NA NA NA NA NA NA NA NA NA NA NA NA NA NA NA NA NA NA NA NA NA NA NA NA NA NA NA NA NA NA NA NA NA NA NA NA NA NA NA NA NA NA NA NA NA NA NA NA NA NA NA NA NA NA NA NA NA NA NA NA NA NA NA NA NA NA NA NA NA NA NA NA NA NA NA NA NA NA NA NA NA NA NA NA NA NA NA NA NA NA NA NA NA NA NA NA NA NA NA NA NA NA NA NA NA NA NA NA NA NA NA NA NA NA NA NA NA NA NA NA NA NA NA NA NA NA NA NA NA NA NA NA NA NA NA NA NA NA NA NA NA NA NA NA NA NA NA NA NA NA NA NA NA NA NA 103 103 103 104 104 104 104 104 104 104 104 104 104 104 104 105 105 105 105 106 NA NA NA NA NA NA NA NA NA NA NA NA NA NA NA NA NA NA NA NA NA NA NA NA NA NA NA NA NA NA NA NA NA NA NA NA NA NA NA NA NA NA NA NA NA NA NA NA NA NA NA NA NA NA NA NA NA NA NA NA NA NA NA NA NA NA NA NA NA NA NA NA NA NA NA NA NA NA NA NA NA NA NA NA NA NA NA NA NA NA NA NA NA NA NA NA NA NA NA NA 115 115 115 115 115 115 115 115 116 115 115 115 115 115 115 115 115 116 116 116 116 116 116 116 116 116 116 116 116 116 116 116 117 117 117 117 117 117 118 119 119 119 119 119 119 119 119 119 119 119 120 120 120 120 120 120 120 120 120 120 120 120 121 121 121 121 121 121 121 121 121 121 121 121 121 122 121 122 122 122 122 122 122 122 122 122 122 121 122 123 123 122 123 123 123 123 124 124 123 124 124 124 124 125 125 126 126 126 126 126 125 125 124 124 125 125 126 126 125 125 126 125 126 126 125 125 126 126 127 127 126 127 127 127 127 127 127 127 128 128 129 129 NA 129 128 128 129 NA NA NA NA NA NA NA NA NA NA NA 127 127 128 NA NA NA NA NA NA NA NA NA NA NA NA NA NA NA NA NA NA NA NA NA NA NA NA NA NA NA NA NA NA NA NA NA NA NA NA NA NA
NA NA NA NA NA NA NA NA NA NA NA NA NA NA NA NA NA NA NA NA NA NA NA NA NA NA NA NA NA NA NA NA NA NA NA NA NA NA NA NA NA NA NA NA NA NA NA NA NA NA NA NA NA NA NA NA NA NA NA NA NA NA NA NA NA NA NA NA NA NA NA NA NA NA NA NA NA NA NA NA NA NA NA NA NA NA NA NA NA NA NA NA NA NA NA NA NA NA NA NA NA NA NA NA NA NA NA NA NA NA NA NA NA NA NA NA NA NA NA NA NA NA NA NA NA NA NA NA NA NA NA NA NA NA NA NA NA NA NA NA NA NA NA NA NA NA NA NA NA NA NA NA NA NA NA NA NA NA NA NA NA NA NA NA NA NA NA NA NA NA NA NA NA NA NA NA NA NA NA NA NA NA NA 103 103 103 103 104 104 104 104 104 104 105 105 105 105 105 105 105 105 105 NA NA NA NA NA NA NA NA NA NA NA NA NA NA NA NA NA NA NA NA NA NA NA NA NA NA NA NA NA NA NA NA NA NA NA NA NA NA NA NA NA NA NA NA NA NA NA NA NA NA NA NA NA NA NA NA NA NA NA NA NA NA NA NA NA NA NA NA NA NA NA NA NA NA NA NA NA NA NA NA NA NA NA NA NA NA NA NA NA NA NA NA NA NA NA NA NA NA NA NA NA NA NA NA NA NA 116 NA NA NA NA NA 116 115 115 115 115 115 115 115 115 115 116 115 115 116 116 116 116 116 116 116 116 117 117 117 117 117 117 117 118 119 119 119 119 119 119 120 119 119 119 119 120 120 120 120 120 120 120 120 120 120 120 120 120 120 120 120 120 120 120 120 121 121 121 121 121 121 121 121 122 122 121 122 122 122 122 122 122 122 122 122 122 122 123 122 123 123 123 124 124 124 123 124 125 125 126 125 125 125 126 126 125 125 124 124 125 126 126 126 125 125 126 126 127 126 126 125 125 126 126 126 126 126 126 126 126 126 127 127 128 128 NA NA NA NA NA 129 129 NA NA NA NA NA NA NA NA NA NA NA NA 127 NA NA NA NA NA NA NA NA NA NA NA NA NA NA NA NA NA NA NA NA NA NA NA NA NA NA NA NA NA NA NA NA NA NA NA NA NA NA NA
NA NA NA NA NA NA NA NA NA NA NA NA NA NA NA NA NA NA NA NA NA NA NA NA NA NA NA NA NA NA NA NA NA NA NA NA NA NA NA NA NA NA NA NA NA NA NA NA NA NA NA NA NA NA NA NA NA NA NA NA NA NA NA NA NA NA NA NA NA NA NA NA NA NA NA NA NA NA NA NA NA NA NA NA NA NA NA NA NA NA NA NA NA NA NA NA NA NA NA NA NA NA NA NA NA NA NA NA NA NA NA NA NA NA NA NA NA NA NA NA NA NA NA NA NA NA NA NA NA NA NA NA NA NA NA NA NA NA NA NA NA NA NA NA NA NA NA NA NA NA NA NA NA NA NA NA NA NA NA NA NA NA NA NA NA NA NA NA NA NA NA NA NA NA NA NA NA NA NA NA NA NA NA 103 103 103 104 104 104 104 104 105 104 104 105 105 105 105 105 105 NA NA NA NA NA NA NA NA NA NA NA NA NA NA NA NA NA NA NA NA NA NA NA NA NA NA NA NA NA NA NA NA NA NA NA NA NA NA NA NA NA NA NA NA NA NA NA NA NA NA NA NA NA NA NA NA NA NA NA NA NA NA NA NA NA NA NA NA NA NA NA NA NA NA NA NA NA NA NA NA NA NA NA NA NA NA NA NA NA NA NA NA NA NA NA NA NA NA NA NA NA NA NA NA NA NA NA NA NA NA NA NA NA NA 116 116 115 115 115 115 116 115 115 116 116 115 115 115 116 116 116 116 116 116 116 116 117 117 117 117 117 117 118 119 119 119 119 119 119 119 119 119 119 119 119 120 120 120 120 120 120 120 120 120 120 120 120 120 120 120 120 120 120 120 121 121 121 121 121 122 122 121 122 122 121 122 122 122 122 122 122 122 122 123 122 122 121 122 122 122 122 123 123 124 124 124 125 125 125 125 125 125 126 126 126 125 124 125 126 126 126 126 126 125 126 127 126 126 125 125 125 125 125 126 126 126 126 127 126 126 126 126 127 128 NA NA NA NA NA NA NA NA NA NA NA NA NA NA NA NA NA NA NA NA NA NA NA NA NA NA NA NA NA NA NA NA NA NA NA NA NA NA NA NA NA NA NA NA NA NA NA NA NA NA NA NA NA NA NA NA NA NA NA
NA NA NA NA NA NA NA NA NA NA NA NA NA NA NA NA NA NA NA NA NA NA NA NA NA NA NA NA NA NA NA NA NA NA NA NA NA NA NA NA NA NA NA NA NA NA NA NA NA NA NA NA NA NA NA NA NA NA NA NA NA NA NA NA NA NA NA NA NA NA NA NA NA NA NA NA NA NA NA NA NA NA NA NA NA NA NA NA NA NA NA NA NA NA NA NA NA NA NA NA NA NA NA NA NA NA NA NA NA NA NA NA NA NA NA NA NA NA NA NA NA NA NA NA NA NA NA NA NA NA NA NA NA NA NA NA NA NA NA NA NA NA NA NA NA NA NA NA NA NA NA NA NA NA NA NA NA NA NA NA NA NA NA NA NA NA NA NA NA NA NA NA NA NA NA NA NA NA NA NA NA NA NA NA 104 104 104 105 105 105 105 106 105 105 105 105 106 106 NA NA NA NA NA NA NA NA NA NA NA NA NA NA NA NA NA NA NA NA NA NA NA NA NA NA NA NA NA NA NA NA NA NA NA NA NA NA NA NA NA NA NA NA NA NA NA NA NA NA NA NA NA NA NA NA NA NA NA NA NA NA NA NA NA NA NA NA NA NA NA NA NA NA NA NA NA NA NA NA NA NA NA NA NA NA NA NA NA NA NA NA NA NA NA NA NA NA NA NA NA NA NA NA NA NA NA NA NA NA NA NA NA NA NA NA 116 115 115 115 115 116 116 115 115 116 115 115 115 115 115 115 116 116 116 116 116 116 116 117 117 117 117 117 118 119 118 119 119 119 119 119 118 118 118 118 119 120 120 120 120 120 120 120 119 119 120 120 120 120 120 120 120 120 120 121 121 121 121 121 121 121 122 122 122 121 121 122 122 122 122 122 122 122 122 122 122 122 121 121 122 122 122 122 123 124 124 124 124 124 124 125 125 125 126 126 125 124 124 125 126 126 126 126 126 126 126 126 126 126 126 126 125 126 127 127 126 126 126 126 127 126 126 127 128 NA NA NA NA NA NA NA NA NA NA NA NA NA NA NA NA NA NA NA NA NA NA NA NA NA NA NA NA NA NA NA NA NA NA NA NA NA NA NA NA NA NA NA NA NA NA NA NA NA NA NA NA NA NA NA NA NA NA NA NA
NA NA NA NA NA NA NA NA NA NA NA NA NA NA NA NA NA NA NA NA NA NA NA NA NA NA NA NA NA NA NA NA NA NA NA NA NA NA NA NA NA NA NA NA NA NA NA NA NA NA NA NA NA NA NA NA NA NA NA NA NA NA NA NA NA NA NA NA NA NA NA NA NA NA NA NA NA NA NA NA NA NA NA NA NA NA NA NA NA NA NA NA NA NA NA NA NA NA NA NA NA NA NA NA NA NA NA NA NA NA NA NA NA NA NA NA NA NA NA NA NA NA NA NA NA NA NA NA NA NA NA NA NA NA NA NA NA NA NA NA NA NA NA NA NA NA NA NA NA NA NA NA NA NA NA NA NA NA NA NA NA NA NA NA NA NA NA NA NA NA NA NA NA NA NA NA NA NA NA NA NA NA NA NA 105 105 105 105 105 106 NA NA 105 105 105 105 105 NA NA NA NA NA NA NA NA NA NA NA NA NA NA NA NA NA NA NA NA NA NA NA NA NA NA NA NA NA NA NA NA NA NA NA NA NA NA NA NA NA NA NA NA NA NA NA NA NA NA NA NA NA NA NA NA NA NA NA NA NA NA NA NA NA NA NA NA NA NA NA NA NA NA NA NA NA NA NA NA NA NA NA NA NA NA NA NA NA NA NA NA NA NA NA NA NA NA NA NA NA NA NA NA NA NA NA NA NA NA NA NA NA NA NA NA 116 115 115 115 115 115 115 116 116 116 116 116 115 115 115 115 115 115 115 115 116 116 116 116 116 117 117 117 117 118 119 118 119 119 119 119 119 118 118 118 118 119 120 119 119 119 119 119 119 119 119 119 119 119 119 120 120 120 120 120 121 122 122 121 120 121 121 122 122 122 121 121 122 122 122 122 122 122 121 122 122 122 122 122 121 121 122 122 123 123 124 124 124 124 124 124 125 125 125 126 126 125 125 124 125 125 125 126 127 127 126 126 126 126 126 126 125 125 127 126 126 126 126 126 126 127 126 127 NA NA NA NA NA NA NA NA NA NA NA NA NA NA NA NA NA NA NA NA NA NA NA NA NA NA NA NA NA NA NA NA NA NA NA NA NA NA NA NA NA NA NA NA NA NA NA NA NA NA NA NA NA NA NA NA NA NA NA NA NA NA
NA NA NA NA NA NA NA NA NA NA NA NA NA NA NA NA NA NA NA NA NA NA NA NA NA NA NA NA NA NA NA NA NA NA NA NA NA NA NA NA NA NA NA NA NA NA NA NA NA NA NA NA NA NA NA NA NA NA NA NA NA NA NA NA NA NA NA NA NA NA NA NA NA NA NA NA NA NA NA NA NA NA NA NA NA NA NA NA NA NA NA NA NA NA NA NA NA NA NA NA NA NA NA NA NA NA NA NA NA NA NA NA NA NA NA NA NA NA NA NA NA NA NA NA NA NA NA NA NA NA NA NA NA NA NA NA NA NA NA NA NA NA NA NA NA NA NA NA NA NA NA NA NA NA NA NA NA NA NA NA NA NA NA NA NA NA NA NA NA NA NA NA NA NA NA NA NA NA NA NA NA NA NA NA NA 106 106 NA NA NA NA NA NA 105 105 NA NA NA NA NA NA NA NA NA NA NA NA NA NA NA NA NA NA NA NA NA NA NA NA NA NA NA NA NA NA NA NA NA NA NA NA NA NA NA NA NA NA NA NA NA NA NA NA NA NA NA NA NA NA NA NA NA NA NA NA NA NA NA NA NA NA NA NA NA NA NA NA NA NA NA NA NA NA NA NA NA NA NA NA NA NA NA NA NA NA NA NA NA NA NA NA NA NA NA NA NA NA NA NA NA NA NA NA NA NA NA NA NA NA NA NA NA NA 115 115 115 115 115 115 115 115 115 115 116 116 115 115 115 116 115 115 115 115 115 116 116 116 116 116 117 117 117 118 118 119 119 119 118 119 119 119 118 118 118 119 119 119 119 119 119 119 119 119 119 119 119 120 120 120 120 120 120 120 120 121 122 121 120 121 122 122 122 122 121 121 122 122 122 122 122 122 121 122 122 122 122 122 121 121 122 122 123 123 123 124 123 124 124 124 124 125 125 125 126 126 125 125 125 125 125 126 127 127 127 127 127 126 127 127 126 126 126 126 127 126 127 127 127 127 126 NA NA NA NA NA NA NA NA NA NA NA NA NA NA NA NA NA NA NA NA NA NA NA NA NA NA NA NA NA NA NA NA NA NA NA NA NA NA NA NA NA NA NA NA NA NA NA NA NA NA NA NA NA NA NA NA NA NA NA NA NA NA NA
NA NA NA NA NA NA NA NA NA NA NA NA NA NA NA NA NA NA NA NA NA NA NA NA NA NA NA NA NA NA NA NA NA NA NA NA NA NA NA NA NA NA NA NA NA NA NA NA NA NA NA NA NA NA NA NA NA NA NA NA NA NA NA NA NA NA NA NA NA NA NA NA NA NA NA NA NA NA NA NA NA NA NA NA NA NA NA NA NA NA NA NA NA NA NA NA NA NA NA NA NA NA NA NA NA NA NA NA NA NA NA NA NA NA NA NA NA NA NA NA NA NA NA NA NA NA NA NA NA NA NA NA NA NA NA NA NA NA NA NA NA NA NA NA NA NA NA NA NA NA NA NA NA NA NA NA NA NA NA NA NA NA NA NA NA NA NA NA NA NA NA NA NA NA NA NA NA NA NA NA NA NA NA NA NA NA NA NA NA NA NA NA NA NA NA NA NA NA NA NA NA NA NA NA NA NA NA NA NA NA NA NA NA NA NA NA NA NA NA NA NA NA NA NA NA NA NA NA NA NA NA NA NA NA NA NA NA NA NA NA NA NA NA NA NA NA NA NA NA NA NA NA NA NA NA NA NA NA NA NA NA NA NA NA NA NA NA NA NA NA NA NA NA NA NA NA NA NA NA NA NA NA NA NA NA NA NA NA NA NA NA NA NA NA NA NA NA NA NA NA NA NA NA NA NA NA NA NA NA NA NA NA 115 115 115 115 115 115 115 115 115 115 115 115 116 116 116 116 116 116 115 115 115 115 116 116 116 116 116 117 117 117 118 118 118 118 118 118 118 118 119 118 118 118 119 119 119 119 119 119 119 119 120 119 120 119 119 120 120 121 121 121 120 120 121 121 121 121 121 122 121 121 121 120 121 122 122 122 122 122 121 121 122 122 122 121 121 121 121 121 121 122 122 122 123 123 124 124 124 124 124 125 125 126 126 125 125 125 126 126 126 127 127 127 128 127 127 127 127 126 126 126 126 127 127 127 127 NA NA NA NA NA NA NA NA NA NA NA NA NA NA NA NA NA NA NA NA NA NA NA NA NA NA NA NA NA NA NA NA NA NA NA NA NA NA NA NA NA NA NA NA NA NA NA NA NA NA NA NA NA NA NA NA NA NA NA NA NA NA NA NA NA NA
NA NA NA NA NA NA NA NA NA NA NA NA NA NA NA NA NA NA NA NA NA NA NA NA NA NA NA NA NA NA NA NA NA NA NA NA NA NA NA NA NA NA NA NA NA NA NA NA NA NA NA NA NA NA NA NA NA NA NA NA NA NA NA NA NA NA NA NA NA NA NA NA NA NA NA NA NA NA NA NA NA NA NA NA NA NA NA NA NA NA NA NA NA NA NA NA NA NA NA NA NA NA NA NA NA NA NA NA NA NA NA NA NA NA NA NA NA NA NA NA NA NA NA NA NA NA NA NA NA NA NA NA NA NA NA NA NA NA NA NA NA NA NA NA NA NA NA NA NA NA NA NA NA NA NA NA NA NA NA NA NA NA NA NA NA NA NA NA NA NA NA NA NA NA NA NA NA NA NA NA NA NA NA NA NA NA NA NA NA NA NA NA NA NA NA NA NA NA NA NA NA NA NA NA NA NA NA NA NA NA NA NA NA NA NA NA NA NA NA NA NA NA NA NA NA NA NA NA NA NA NA NA NA NA NA NA NA NA NA NA NA NA NA NA NA NA NA NA NA NA NA NA NA NA NA NA NA NA NA NA NA NA NA NA NA NA NA NA NA NA NA NA NA NA NA NA NA NA NA NA NA NA NA NA NA NA NA NA NA NA NA NA NA NA NA NA NA NA NA NA NA NA NA NA NA NA NA NA NA NA NA NA 115 114 115 114 115 115 115 115 115 115 115 115 115 115 116 116 116 115 115 115 115 115 116 116 116 116 116 117 117 117 118 118 118 118 118 118 118 118 119 119 118 118 118 119 119 119 119 119 119 119 120 119 119 120 119 119 120 121 120 120 120 120 121 121 121 121 122 122 121 121 121 120 121 122 122 122 122 121 121 121 122 122 121 121 120 121 121 122 122 122 122 122 122 123 124 125 125 124 124 124 125 126 126 125 125 125 126 126 126 127 127 127 127 127 127 127 126 126 125 126 126 127 127 NA NA NA NA NA NA NA NA NA NA NA NA NA NA NA NA NA NA NA NA NA NA NA NA NA NA NA NA NA NA NA NA NA NA NA NA NA NA NA NA NA NA NA NA NA NA NA NA NA NA NA NA NA NA NA NA NA NA NA NA NA NA NA NA NA NA NA NA
NA NA NA NA NA NA NA NA NA NA NA NA NA NA NA NA NA NA NA NA NA NA NA NA NA NA NA NA NA NA NA NA NA NA NA NA NA NA NA NA NA NA NA NA NA NA NA NA NA NA NA NA NA NA NA NA NA NA NA NA NA NA NA NA NA NA NA NA NA NA NA NA NA NA NA NA NA NA NA NA NA NA NA NA NA NA NA NA NA NA NA NA NA NA NA NA NA NA NA NA NA NA NA NA NA NA NA NA NA NA NA NA NA NA NA NA NA NA NA NA NA NA NA NA NA NA NA NA NA NA NA NA NA NA NA NA NA NA NA NA NA NA NA NA NA NA NA NA NA NA NA NA NA NA NA NA NA NA NA NA NA NA NA NA NA NA NA NA NA NA NA NA NA NA NA NA NA NA NA NA NA NA NA NA NA NA NA NA NA NA NA NA NA NA NA NA NA NA NA NA NA NA NA NA NA NA NA NA NA NA NA NA NA NA NA NA NA NA NA NA NA NA NA NA NA NA NA NA NA NA NA NA NA NA NA NA NA NA NA NA NA NA NA NA NA NA NA NA NA NA NA NA NA NA NA NA NA NA NA NA NA NA NA NA NA NA NA NA NA NA NA NA NA NA NA NA NA NA NA NA NA NA NA NA NA NA NA NA NA NA NA NA NA NA NA NA NA NA NA NA NA NA NA NA NA NA NA NA NA NA NA NA NA 114 114 114 114 115 115 115 115 115 115 115 115 115 115 115 116 116 115 115 115 115 115 116 116 116 116 117 117 117 118 118 118 118 118 118 118 118 119 119 118 118 118 119 119 119 119 118 119 119 119 119 119 119 120 120 120 120 121 120 121 121 121 121 120 121 121 121 121 122 121 121 120 121 122 122 121 121 121 121 121 121 121 120 120 121 121 122 122 123 123 123 123 123 124 124 125 125 124 124 125 126 126 126 125 125 125 125 126 126 126 127 127 127 127 127 127 126 126 125 126 126 126 NA NA NA NA NA NA NA NA NA NA NA NA NA NA NA NA NA NA NA NA NA NA NA NA NA NA NA NA NA NA NA NA NA NA NA NA NA NA NA NA NA NA NA NA NA NA NA NA NA NA NA NA NA NA NA NA NA NA NA NA NA NA NA NA NA NA NA NA
NA NA NA NA NA NA NA NA NA NA NA NA NA NA NA NA NA NA NA NA NA NA NA NA NA NA NA NA NA NA NA NA NA NA NA NA NA NA NA NA NA NA NA NA NA NA NA NA NA NA NA NA NA NA NA NA NA NA NA NA NA NA NA NA NA NA NA NA NA NA NA NA NA NA NA NA NA NA NA NA NA NA NA NA NA NA NA NA NA NA NA NA NA NA NA NA NA NA NA NA NA NA NA NA NA NA NA NA NA NA NA NA NA NA NA NA NA NA NA NA NA NA NA NA NA NA NA NA NA NA NA NA NA NA NA NA NA NA NA NA NA NA NA NA NA NA NA NA NA NA NA NA NA NA NA NA NA NA NA NA NA NA NA NA NA NA NA NA NA NA NA NA NA NA NA NA NA NA NA NA NA NA NA NA NA NA NA NA NA NA NA NA NA NA NA NA NA NA NA NA NA NA NA NA NA NA NA NA NA NA NA NA NA NA NA NA NA NA NA NA NA NA NA NA NA NA NA NA NA NA NA NA NA NA NA NA NA NA NA NA NA NA NA NA NA NA NA NA NA NA NA NA NA NA NA NA NA NA NA NA NA NA NA NA NA NA NA NA NA NA NA NA NA NA NA NA NA NA NA NA NA NA NA NA NA NA NA NA NA NA NA NA NA NA NA NA NA NA NA NA NA NA NA NA NA NA NA NA NA NA NA 115 114 114 114 113 114 114 115 114 115 115 115 115 115 115 115 115 115 115 115 115 116 116 116 116 116 116 116 117 117 117 118 117 118 117 118 118 118 118 118 119 118 118 118 119 118 119 118 118 118 118 119 119 119 120 120 120 120 121 121 120 120 121 122 121 121 121 121 121 121 122 121 121 120 121 122 122 121 121 121 120 120 120 120 120 121 121 122 122 123 123 123 123 123 124 124 124 125 125 125 124 125 126 126 126 126 125 125 125 125 126 126 126 126 127 127 127 126 126 126 125 125 126 125 NA NA NA NA NA NA NA NA NA NA NA NA NA NA NA NA NA NA NA NA NA NA NA NA NA NA NA NA NA NA NA NA NA NA NA NA NA NA NA NA NA NA NA NA NA NA NA NA NA NA NA NA NA NA NA NA NA NA NA NA NA NA NA NA NA NA NA NA
NA NA NA NA NA NA NA NA NA NA NA NA NA NA NA NA NA NA NA NA NA NA NA NA NA NA NA NA NA NA NA NA NA NA NA NA NA NA NA NA NA NA NA NA NA NA NA NA NA NA NA NA NA NA NA NA NA NA NA NA NA NA NA NA NA NA NA NA NA NA NA NA NA NA NA NA NA NA NA NA NA NA NA NA NA NA NA NA NA NA NA NA NA NA NA NA NA NA NA NA NA NA NA NA NA NA NA NA NA NA NA NA NA NA NA NA NA NA NA NA NA NA NA NA NA NA NA NA NA NA NA NA NA NA NA NA NA NA NA NA NA NA NA NA NA NA NA NA NA NA NA NA NA NA NA NA NA NA NA NA NA NA NA NA NA NA NA NA NA NA NA NA NA NA NA NA NA NA NA NA NA NA NA NA NA NA NA NA NA NA NA NA NA NA NA NA NA NA NA NA NA NA NA NA NA NA NA NA NA NA NA NA NA NA NA NA NA NA NA NA NA NA NA NA NA NA NA NA NA NA NA NA NA NA NA NA NA NA NA NA NA NA NA NA NA NA NA NA NA NA NA NA NA NA NA NA NA NA NA NA NA NA NA NA NA NA NA NA NA NA NA NA NA NA NA NA NA NA NA NA NA NA NA NA NA NA NA NA NA NA NA NA NA NA NA NA NA NA NA NA NA NA NA NA NA NA NA NA NA NA NA 114 114 114 114 114 113 113 114 114 114 114 114 114 114 115 115 115 114 115 115 115 115 116 116 116 116 116 116 117 117 117 118 117 117 117 118 118 118 117 118 118 118 117 118 118 118 118 118 118 118 119 119 119 120 120 120 120 121 121 121 120 120 121 122 122 121 121 121 121 121 121 121 121 121 122 122 122 121 121 120 119 119 119 120 120 121 122 122 122 122 122 123 124 123 123 124 124 125 125 125 125 125 126 126 126 125 125 126 126 126 126 126 126 126 127 127 127 126 125 125 125 125 125 125 125 NA NA NA NA NA NA NA NA NA NA NA NA NA NA NA NA NA NA NA NA NA NA NA NA NA NA NA NA NA NA NA NA NA NA NA NA NA NA NA NA NA NA NA NA NA NA NA NA NA NA NA NA NA NA NA NA NA NA NA NA NA NA NA NA NA NA NA
NA NA NA NA NA NA NA NA NA NA NA NA NA NA NA NA NA NA NA NA NA NA NA NA NA NA NA NA NA NA NA NA NA NA NA NA NA NA NA NA NA NA NA NA NA NA NA NA NA NA NA NA NA NA NA NA NA NA NA NA NA NA NA NA NA NA NA NA NA NA NA NA NA NA NA NA NA NA NA NA NA NA NA NA NA NA NA NA NA NA NA NA NA NA NA NA NA NA NA NA NA NA NA NA NA NA NA NA NA NA NA NA NA NA NA NA NA NA NA NA NA NA NA NA NA NA NA NA NA NA NA NA NA NA NA NA NA NA NA NA NA NA NA NA NA NA NA NA NA NA NA NA NA NA NA NA NA NA NA NA NA NA NA NA NA NA NA NA NA NA NA NA NA NA NA NA NA NA NA NA NA NA NA NA NA NA NA NA NA NA NA NA NA NA NA NA NA NA NA NA NA NA NA NA NA NA NA NA NA NA NA NA NA NA NA NA NA NA NA NA NA NA NA NA NA NA NA NA NA NA NA NA NA NA NA NA NA NA NA NA NA NA NA NA NA NA NA NA NA NA NA NA NA NA NA NA NA NA NA NA NA NA NA NA NA NA NA NA NA NA NA NA NA NA NA NA NA NA NA NA NA NA NA NA NA NA NA NA NA NA NA NA NA NA NA NA NA NA NA NA NA NA NA NA NA NA NA NA NA NA NA 115 114 114 114 113 113 113 114 114 114 114 115 115 115 114 114 114 114 115 115 115 115 115 115 116 115 116 116 116 117 117 118 118 118 117 117 117 117 118 117 117 117 117 118 119 119 119 118 118 118 118 118 118 119 120 120 120 121 121 121 120 120 121 121 122 122 122 121 121 121 120 120 120 121 121 121 121 120 120 120 119 119 120 121 121 122 122 122 122 122 123 123 123 124 124 124 124 124 125 125 125 125 126 126 126 125 125 126 126 126 126 126 127 127 127 127 126 126 125 125 125 125 125 125 126 126 NA NA NA NA NA NA NA NA NA NA NA NA NA NA NA NA NA NA NA NA NA NA NA NA NA NA NA NA NA NA NA NA NA NA NA NA NA NA NA NA NA NA NA NA NA NA NA NA NA NA NA NA NA NA NA NA NA NA NA NA NA NA NA NA NA NA
NA NA NA NA NA NA NA NA NA NA NA NA NA NA NA NA NA NA NA NA NA NA NA NA NA NA NA NA NA NA NA NA NA NA NA NA NA NA NA NA NA NA NA NA NA NA NA NA NA NA NA NA NA NA NA NA NA NA NA NA NA NA NA NA NA NA NA NA NA NA NA NA NA NA NA NA NA NA NA NA NA NA NA NA NA NA NA NA NA NA NA NA NA NA NA NA NA NA NA NA NA NA NA NA NA NA NA NA NA NA NA NA NA NA NA NA NA NA NA NA NA NA NA NA NA NA NA NA NA NA NA NA NA NA NA NA NA NA NA NA NA NA NA NA NA NA NA NA NA NA NA NA NA NA NA NA NA NA NA NA NA NA NA NA NA NA NA NA NA NA NA NA NA NA NA NA NA NA NA NA NA NA NA NA NA NA NA NA NA NA NA NA NA NA NA NA NA NA NA NA NA NA NA NA NA NA NA NA NA NA NA NA NA NA NA NA NA NA NA NA NA NA NA NA NA NA NA NA NA NA NA NA NA NA NA NA NA NA NA NA NA NA NA NA NA NA NA NA NA NA NA NA NA NA NA NA NA NA NA NA NA NA NA NA NA NA NA NA NA NA NA NA NA NA NA NA NA NA NA NA NA NA NA NA NA NA NA NA NA NA NA NA NA NA NA NA NA NA NA NA NA NA NA NA NA NA NA NA NA NA NA 114 114 114 113 113 113 114 114 115 114 114 115 115 115 114 114 115 115 115 115 115 114 115 115 115 115 116 115 116 116 116 118 118 118 118 117 117 117 118 118 118 118 117 118 118 119 118 118 118 118 118 119 119 119 120 120 120 121 121 121 120 120 121 121 122 122 121 121 121 121 120 120 120 120 121 121 120 120 120 120 120 120 120 121 122 122 121 121 121 122 123 123 123 123 123 124 124 124 124 125 125 125 126 126 126 125 125 126 126 126 126 126 127 127 126 126 126 126 125 125 125 125 125 125 125 126 NA NA NA NA NA NA NA NA NA NA NA NA NA NA NA NA NA NA NA NA NA NA NA NA NA NA NA NA NA NA NA NA NA NA NA NA NA NA NA NA NA NA NA NA NA NA NA NA NA NA NA NA NA NA NA NA NA NA NA NA NA NA NA NA NA NA
NA NA NA NA NA NA NA NA NA NA NA NA NA NA NA NA NA NA NA NA NA NA NA NA NA NA NA NA NA NA NA NA NA NA NA NA NA NA NA NA NA NA NA NA NA NA NA NA NA NA NA NA NA NA NA NA NA NA NA NA NA NA NA NA NA NA NA NA NA NA NA NA NA NA NA NA NA NA NA NA NA NA NA NA NA NA NA NA NA NA NA NA NA NA NA NA NA NA NA NA NA NA NA NA NA NA NA NA NA NA NA NA NA NA NA NA NA NA NA NA NA NA NA NA NA NA NA NA NA NA NA NA NA NA NA NA NA NA NA NA NA NA NA NA NA NA NA NA NA NA NA NA NA NA NA NA NA NA NA NA NA NA NA NA NA NA NA NA NA NA NA NA NA NA NA NA NA NA NA NA NA NA NA NA NA NA NA NA NA NA NA NA NA NA NA NA NA NA NA NA NA NA NA NA NA NA NA NA NA NA NA NA NA NA NA NA NA NA NA NA NA NA NA NA NA NA NA NA NA NA NA NA NA NA NA NA NA NA NA NA NA NA NA NA NA NA NA NA NA NA NA NA NA NA NA NA NA NA NA NA NA NA NA NA NA NA NA NA NA NA NA NA NA NA NA NA NA NA NA NA NA NA NA NA NA NA NA NA NA NA NA NA NA NA NA NA NA NA NA NA NA NA NA NA NA NA NA NA NA NA NA 114 114 113 113 113 114 114 114 114 114 114 114 114 114 114 114 115 115 115 115 115 115 115 115 114 115 115 115 116 116 116 117 118 118 117 117 117 117 118 118 118 117 117 118 118 118 118 118 117 118 118 119 119 120 120 120 120 120 121 121 121 121 121 121 121 122 122 121 120 120 121 120 120 119 120 120 120 120 120 121 120 119 120 120 121 121 121 122 122 122 122 123 123 124 123 123 124 124 124 124 125 125 126 126 125 125 126 126 126 126 126 126 126 126 126 126 125 125 125 125 125 125 125 125 125 126 126 NA NA NA NA NA NA NA NA NA NA NA NA NA NA NA NA NA NA NA NA NA NA NA NA NA NA NA NA NA NA NA NA NA NA NA NA NA NA NA NA NA NA NA NA NA NA NA NA NA NA NA NA NA NA NA NA NA NA NA NA NA NA NA NA NA
NA NA NA NA NA NA NA NA NA NA NA NA NA NA NA NA NA NA NA NA NA NA NA NA NA NA NA NA NA NA NA NA NA NA NA NA NA NA NA NA NA NA NA NA NA NA NA NA NA NA NA NA NA NA NA NA NA NA NA NA NA NA NA NA NA NA NA NA NA NA NA NA NA NA NA NA NA NA NA NA NA NA NA NA NA NA NA NA NA NA NA NA NA NA NA NA NA NA NA NA NA NA NA NA NA NA NA NA NA NA NA NA NA NA NA NA NA NA NA NA NA NA NA NA NA NA NA NA NA NA NA NA NA NA NA NA NA NA NA NA NA NA NA NA NA NA NA NA NA NA NA NA NA NA NA NA NA NA NA NA NA NA NA NA NA NA NA NA NA NA NA NA NA NA NA NA NA NA NA NA NA NA NA NA NA NA NA NA NA NA NA NA NA NA NA NA NA NA NA NA NA NA NA NA NA NA NA NA NA NA NA NA NA NA NA NA NA NA NA NA NA NA NA NA NA NA NA NA NA NA NA NA NA NA NA NA NA NA NA NA NA NA NA NA NA NA NA NA NA NA NA NA NA NA NA NA NA NA NA NA NA NA NA NA NA NA NA NA NA NA NA NA NA NA NA NA NA NA NA NA NA NA NA NA NA NA NA NA NA NA NA NA NA NA NA NA NA NA NA NA NA NA NA NA NA NA NA NA NA NA 114 114 114 113 113 114 113 113 113 113 113 113 113 114 114 114 114 115 115 115 115 115 115 115 115 115 114 115 116 116 116 116 117 117 117 117 117 118 118 118 118 117 117 118 118 118 118 118 118 118 118 118 119 119 119 120 120 119 120 120 120 121 121 121 121 121 122 122 121 120 120 120 120 120 120 119 120 120 120 119 120 120 120 120 120 120 120 121 121 122 122 122 123 123 123 123 123 124 124 124 125 125 125 126 126 126 125 126 126 125 125 126 126 126 126 126 126 125 125 125 125 125 125 125 125 125 125 126 126 NA NA NA NA NA NA NA NA NA NA NA NA NA NA NA NA NA NA NA NA NA NA NA NA NA NA NA NA NA NA NA NA NA NA NA NA NA NA NA NA NA NA NA NA NA NA NA NA NA NA NA NA NA NA NA NA NA NA NA NA NA NA NA NA
NA NA NA NA NA NA NA NA NA NA NA NA NA NA NA NA NA NA NA NA NA NA NA NA NA NA NA NA NA NA NA NA NA NA NA NA NA NA NA NA NA NA NA NA NA NA NA NA NA NA NA NA NA NA NA NA NA NA NA NA NA NA NA NA NA NA NA NA NA NA NA NA NA NA NA NA NA NA NA NA NA NA NA NA NA NA NA NA NA NA NA NA NA NA NA NA NA NA NA NA NA NA NA NA NA NA NA NA NA NA NA NA NA NA NA NA NA NA NA NA NA NA NA NA NA NA NA NA NA NA NA NA NA NA NA NA NA NA NA NA NA NA NA NA NA NA NA NA NA NA NA NA NA NA NA NA NA NA NA NA NA NA NA NA NA NA NA NA NA NA NA NA NA NA NA NA NA NA NA NA NA NA NA NA NA NA NA NA NA NA NA NA NA NA NA NA NA NA NA NA NA NA NA NA NA NA NA NA NA NA NA NA NA NA NA NA NA NA NA NA NA NA NA NA NA NA NA NA NA NA NA NA NA NA NA NA NA NA NA NA NA NA NA NA NA NA NA NA NA NA NA NA NA NA NA NA NA NA NA NA NA NA NA NA NA NA NA NA NA NA NA NA NA NA NA NA NA NA NA NA NA NA NA NA NA NA NA NA NA NA NA NA NA NA NA NA NA NA NA NA NA NA NA NA NA NA NA NA NA 114 114 114 113 113 113 114 114 113 114 114 114 113 113 114 114 114 114 114 115 115 115 115 115 115 114 115 115 115 115 115 115 116 117 117 117 118 117 118 118 118 118 117 118 118 118 118 118 118 118 118 118 118 119 119 119 119 119 119 119 120 120 120 121 121 121 121 121 121 121 120 120 120 120 120 120 120 119 119 120 119 120 119 120 121 121 121 121 122 121 122 122 122 122 122 122 123 123 124 124 124 124 125 125 126 126 126 125 126 125 125 125 125 125 126 126 126 125 125 125 125 125 125 125 125 125 125 125 125 126 126 NA NA NA NA NA NA NA NA NA NA NA NA NA NA NA NA NA NA NA NA NA NA NA NA NA NA NA NA NA NA NA NA NA NA NA NA NA NA NA NA NA NA NA NA NA NA NA NA NA NA NA NA NA NA NA NA NA NA NA NA NA NA NA
NA NA NA NA NA NA NA NA NA NA NA NA NA NA NA NA NA NA NA NA NA NA NA NA NA NA NA NA NA NA NA NA NA NA NA NA NA NA NA NA NA NA NA NA NA NA NA NA NA NA NA NA NA NA NA NA NA NA NA NA NA NA NA NA NA NA NA NA NA NA NA NA NA NA NA NA NA NA NA NA NA NA NA NA NA NA NA NA NA NA NA NA NA NA NA NA NA NA NA NA NA NA NA NA NA NA NA NA NA NA NA NA NA NA NA NA NA NA NA NA NA NA NA NA NA NA NA NA NA NA NA NA NA NA NA NA NA NA NA NA NA NA NA NA NA NA NA NA NA NA NA NA NA NA NA NA NA NA NA NA NA NA NA NA NA NA NA NA NA NA NA NA NA NA NA NA NA NA NA NA NA NA NA NA NA NA NA NA NA NA NA NA NA NA NA NA NA NA NA NA NA NA NA NA NA NA NA NA NA NA NA NA NA NA NA NA NA NA NA NA NA NA NA NA NA NA NA NA NA NA NA NA NA NA NA NA NA NA NA NA NA NA NA NA NA NA NA NA NA NA NA NA NA NA NA NA NA NA NA NA NA NA NA NA NA NA NA NA NA NA NA NA NA NA NA NA NA NA NA NA NA NA NA NA NA NA NA NA NA NA NA NA NA NA NA NA NA NA NA NA NA NA NA NA NA NA NA NA NA NA 114 114 NA NA NA NA 114 114 114 NA 114 114 114 114 113 114 114 114 115 115 115 115 115 115 114 115 115 115 115 115 115 115 116 116 117 117 118 118 118 118 117 117 118 118 118 118 118 118 118 118 118 118 119 119 119 119 119 119 119 119 120 121 121 121 121 120 120 121 121 121 120 120 121 120 120 119 119 119 119 119 120 120 120 121 121 121 122 122 122 122 122 122 123 123 123 122 123 123 123 123 123 124 124 125 126 125 125 125 125 125 125 125 125 125 126 126 126 125 125 125 125 125 125 125 125 125 125 125 125 126 126 126 NA NA NA NA NA NA NA NA NA NA NA NA NA NA NA NA NA NA NA NA NA NA NA NA NA NA NA NA NA NA NA NA NA NA NA NA NA NA NA NA NA NA NA NA NA NA NA NA NA NA NA NA NA NA NA NA NA NA NA NA NA
NA NA NA NA NA NA NA NA NA NA NA NA NA NA NA NA NA NA NA NA NA NA NA NA NA NA NA NA NA NA NA NA NA NA NA NA NA NA NA NA NA NA NA NA NA NA NA NA NA NA NA NA NA NA NA NA NA NA NA NA NA NA NA NA NA NA NA NA NA NA NA NA NA NA NA NA NA NA NA NA NA NA NA NA NA NA NA NA NA NA NA NA NA NA NA NA NA NA NA NA NA NA NA NA NA NA NA NA NA NA NA NA NA NA NA NA NA NA NA NA NA NA NA NA NA NA NA NA NA NA NA NA NA NA NA NA NA NA NA NA NA NA NA NA NA NA NA NA NA NA NA NA NA NA NA NA NA NA NA NA NA NA NA NA NA NA NA NA NA NA NA NA NA NA NA NA NA NA NA NA NA NA NA NA NA NA NA NA NA NA NA NA NA NA NA NA NA NA NA NA NA NA NA NA NA NA NA NA NA NA NA NA NA NA NA NA NA NA NA NA NA NA NA NA NA NA NA NA NA NA NA NA NA NA NA NA NA NA NA NA NA NA NA NA NA NA NA NA NA NA NA NA NA NA NA NA NA NA NA NA NA NA NA NA NA NA NA NA NA NA NA NA NA NA NA NA NA NA NA NA NA NA NA NA NA NA NA NA NA NA NA NA NA NA NA NA NA NA NA NA NA NA NA NA NA NA NA NA NA NA NA NA NA NA NA NA NA NA NA NA NA NA 114 114 114 114 115 114 115 115 115 115 115 115 115 115 115 115 115 115 115 115 116 116 117 117 117 117 117 117 117 118 118 118 118 118 118 118 118 118 118 118 118 118 119 118 119 119 119 120 120 120 120 120 120 120 120 120 121 120 120 120 120 120 120 120 119 119 119 120 120 120 120 120 121 121 121 121 121 121 122 122 122 122 123 123 123 123 123 123 123 123 124 124 125 126 126 125 125 125 125 125 125 125 125 125 126 125 125 125 125 125 125 126 125 125 125 125 125 125 126 126 NA NA NA NA NA NA NA NA NA NA NA NA NA NA NA NA NA NA NA NA NA NA NA NA NA NA NA NA NA NA NA NA NA NA NA NA NA NA NA NA NA NA NA NA NA NA NA NA NA NA NA NA NA NA NA NA NA NA NA NA NA
NA NA NA NA NA NA NA NA NA NA NA NA NA NA NA NA NA NA NA NA NA NA NA NA NA NA NA NA NA NA NA NA NA NA NA NA NA NA NA NA NA NA NA NA NA NA NA NA NA NA NA NA NA NA NA NA NA NA NA NA NA NA NA NA NA NA NA NA NA NA NA NA NA NA NA NA NA NA NA NA NA NA NA NA NA NA NA NA NA NA NA NA NA NA NA NA NA NA NA NA NA NA NA NA NA NA NA NA NA NA NA NA NA NA NA NA NA NA NA NA NA NA NA NA NA NA NA NA NA NA NA NA NA NA NA NA NA NA NA NA NA NA NA NA NA NA NA NA NA NA NA NA NA NA NA NA NA NA NA NA NA NA NA NA NA NA NA NA NA NA NA NA NA NA NA NA NA NA NA NA NA NA NA NA NA NA NA NA NA NA NA NA NA NA NA NA NA NA NA NA NA NA NA NA NA NA NA NA NA NA NA NA NA NA NA NA NA NA NA NA NA NA NA NA NA NA NA NA NA NA NA NA NA NA NA NA NA NA NA NA NA NA NA NA NA NA NA NA NA NA NA NA NA NA NA NA NA NA NA NA NA NA NA NA NA NA NA NA NA NA NA NA NA NA NA NA NA NA NA NA NA NA NA NA NA NA NA NA NA NA NA NA NA NA NA NA NA NA NA NA NA NA NA NA NA NA NA NA NA NA NA NA NA NA NA NA NA NA NA NA NA NA NA NA 114 114 115 NA NA NA 116 116 115 115 115 115 115 115 115 115 115 115 116 116 117 117 117 117 117 117 118 118 118 118 118 118 118 118 118 118 118 118 118 118 119 119 119 119 119 119 119 120 120 120 120 120 120 120 120 120 120 120 120 120 120 120 120 119 119 119 120 120 120 121 120 120 120 121 121 121 121 121 122 122 122 123 123 123 123 123 123 123 124 124 125 125 125 126 126 125 125 125 125 125 125 125 126 126 125 125 125 124 125 125 125 125 124 125 125 125 126 126 NA NA NA NA NA NA NA NA NA NA NA NA NA NA NA NA NA NA NA NA NA NA NA NA NA NA NA NA NA NA NA NA NA NA NA NA NA NA NA NA NA NA NA NA NA NA NA NA NA NA NA NA NA NA NA NA NA NA NA NA NA
NA NA NA NA NA NA NA NA NA NA NA NA NA NA NA NA NA NA NA NA NA NA NA NA NA NA NA NA NA NA NA NA NA NA NA NA NA NA NA NA NA NA NA NA NA NA NA NA NA NA NA NA NA NA NA NA NA NA NA NA NA NA NA NA NA NA NA NA NA NA NA NA NA NA NA NA NA NA NA NA NA NA NA NA NA NA NA NA NA NA NA NA NA NA NA NA NA NA NA NA NA NA NA NA NA NA NA NA NA NA NA NA NA NA NA NA NA NA NA NA NA NA NA NA NA NA NA NA NA NA NA NA NA NA NA NA NA NA NA NA NA NA NA NA NA NA NA NA NA NA NA NA NA NA NA NA NA NA NA NA NA NA NA NA NA NA NA NA NA NA NA NA NA NA NA NA NA NA NA NA NA NA NA NA NA NA NA NA NA NA NA NA NA NA NA NA NA NA NA NA NA NA NA NA NA NA NA NA NA NA NA NA NA NA NA NA NA NA NA NA NA NA NA NA NA NA NA NA NA NA NA NA NA NA NA NA NA NA NA NA NA NA NA NA NA NA NA NA NA NA NA NA NA NA NA NA NA NA NA NA NA NA NA NA NA NA NA NA NA NA NA NA NA NA NA NA NA NA NA NA NA NA NA NA NA NA NA NA NA NA NA NA NA NA NA NA NA NA NA NA NA NA NA NA NA NA NA NA NA NA NA NA NA NA NA NA NA NA NA NA NA NA NA NA NA NA NA NA NA NA NA NA NA 116 115 115 116 115 115 115 115 115 116 116 116 117 117 117 117 117 118 118 118 118 118 118 118 118 118 118 118 118 118 118 118 118 118 119 119 119 119 119 120 120 119 120 119 119 120 120 120 120 120 120 119 120 120 119 119 119 119 120 120 120 120 120 120 121 121 121 121 121 121 121 122 122 123 123 123 123 124 124 124 124 125 125 125 125 126 125 125 125 125 125 125 125 126 126 125 125 125 125 125 125 125 125 124 125 125 125 NA NA NA NA NA NA NA NA NA NA NA NA NA NA NA NA NA NA NA NA NA NA NA NA NA NA NA NA NA NA NA NA NA NA NA NA NA NA NA NA NA NA NA NA NA NA NA NA NA NA NA NA NA NA NA NA NA NA NA NA NA NA NA
NA NA NA NA NA NA NA NA NA NA NA NA NA NA NA NA NA NA NA NA NA NA NA NA NA NA NA NA NA NA NA NA NA NA NA NA NA NA NA NA NA NA NA NA NA NA NA NA NA NA NA NA NA NA NA NA NA NA NA NA NA NA NA NA NA NA NA NA NA NA NA NA NA NA NA NA NA NA NA NA NA NA NA NA NA NA NA NA NA NA NA NA NA NA NA NA NA NA NA NA NA NA NA NA NA NA NA NA NA NA NA NA NA NA NA NA NA NA NA NA NA NA NA NA NA NA NA NA NA NA NA NA NA NA NA NA NA NA NA NA NA NA NA NA NA NA NA NA NA NA NA NA NA NA NA NA NA NA NA NA NA NA NA NA NA NA NA NA NA NA NA NA NA NA NA NA NA NA NA NA NA NA NA NA NA NA NA NA NA NA NA NA NA NA NA NA NA NA NA NA NA NA NA NA NA NA NA NA NA NA NA NA NA NA NA NA NA NA NA NA NA NA NA NA NA NA NA NA NA NA NA NA NA NA NA NA NA NA NA NA NA NA NA NA NA NA NA NA NA NA NA NA NA NA NA NA NA NA NA NA NA NA NA NA NA NA NA NA NA NA NA NA NA NA NA NA NA NA NA NA NA NA NA NA NA NA NA NA NA NA NA NA NA NA NA NA NA NA NA NA NA NA NA NA NA NA NA NA NA NA NA NA NA NA NA NA NA NA NA NA NA NA NA NA NA NA NA NA NA NA NA NA NA 115 115 115 115 115 115 115 115 115 116 116 116 117 117 117 117 117 117 118 118 118 118 118 118 118 118 118 118 118 118 118 118 118 118 119 119 119 119 119 120 120 120 119 119 119 119 119 119 119 119 120 119 119 119 119 119 119 119 120 120 120 120 120 120 121 121 121 121 121 121 121 121 122 122 122 122 123 123 123 123 124 124 124 124 124 125 125 125 124 125 125 125 125 125 126 125 125 125 125 125 125 125 125 125 125 126 NA NA NA NA NA NA NA NA NA NA NA NA NA NA NA NA NA NA NA NA NA NA NA NA NA NA NA NA NA NA NA NA NA NA NA NA NA NA NA NA NA NA NA NA NA NA NA NA NA NA NA NA NA NA NA NA NA NA NA NA NA NA NA NA
NA NA NA NA NA NA NA NA NA NA NA NA NA NA NA NA NA NA NA NA NA NA NA NA NA NA NA NA NA NA NA NA NA NA NA NA NA NA NA NA NA NA NA NA NA NA NA NA NA NA NA NA NA NA NA NA NA NA NA NA NA NA NA NA NA NA NA NA NA NA NA NA NA NA NA NA NA NA NA NA NA NA NA NA NA NA NA NA NA NA NA NA NA NA NA NA NA NA NA NA NA NA NA NA NA NA NA NA NA NA NA NA NA NA NA NA NA NA NA NA NA NA NA NA NA NA NA NA NA NA NA NA NA NA NA NA NA NA NA NA NA NA NA NA NA NA NA NA NA NA NA NA NA NA NA NA NA NA NA NA NA NA NA NA NA NA NA NA NA NA NA NA NA NA NA NA NA NA NA NA NA NA NA NA NA NA NA NA NA NA NA NA NA NA NA NA NA NA NA NA NA NA NA NA NA NA NA NA NA NA NA NA NA NA NA NA NA NA NA NA NA NA NA NA NA NA NA NA NA NA NA NA NA NA NA NA NA NA NA NA NA NA NA NA NA NA NA NA NA NA NA NA NA NA NA NA NA NA NA NA NA NA NA NA NA NA NA NA NA NA NA NA NA NA NA NA NA NA NA NA NA NA NA NA NA NA NA NA NA NA NA NA NA NA NA NA NA NA NA NA NA NA NA NA NA NA NA NA NA NA NA NA NA NA NA NA NA NA NA NA NA NA NA NA NA NA NA NA NA NA NA NA 116 115 116 115 115 115 115 115 115 115 116 116 117 117 117 117 117 117 117 118 118 118 118 118 118 118 118 118 118 117 117 118 118 118 118 118 118 118 119 119 120 120 119 120 119 119 119 119 119 119 119 119 119 119 119 119 119 119 119 120 120 120 120 120 120 120 120 120 120 121 121 121 121 122 122 122 122 122 123 122 122 123 124 124 123 124 124 125 125 125 125 125 125 125 125 125 125 125 125 125 125 126 126 126 126 126 126 NA NA NA NA NA NA NA NA NA NA NA NA NA NA NA NA NA NA NA NA NA NA NA NA NA NA NA NA NA NA NA NA NA NA NA NA NA NA NA NA NA NA NA NA NA NA NA NA NA NA NA NA NA NA NA NA NA NA NA NA NA NA NA NA
NA NA NA NA NA NA NA NA NA NA NA NA NA NA NA NA NA NA NA NA NA NA NA NA NA NA NA NA NA NA NA NA NA NA NA NA NA NA NA NA NA NA NA NA NA NA NA NA NA NA NA NA NA NA NA NA NA NA NA NA NA NA NA NA NA NA NA NA NA NA NA NA NA NA NA NA NA NA NA NA NA NA NA NA NA NA NA NA NA NA NA NA NA NA NA NA NA NA NA NA NA NA NA NA NA NA NA NA NA NA NA NA NA NA NA NA NA NA NA NA NA NA NA NA NA NA NA NA NA NA NA NA NA NA NA NA NA NA NA NA NA NA NA NA NA NA NA NA NA NA NA NA NA NA NA NA NA NA NA NA NA NA NA NA NA NA NA NA NA NA NA NA NA NA NA NA NA NA NA NA NA NA NA NA NA NA NA NA NA NA NA NA NA NA NA NA NA NA NA NA NA NA NA NA NA NA NA NA NA NA NA NA NA NA NA NA NA NA NA NA NA NA NA NA NA NA NA NA NA NA NA NA NA NA NA NA NA NA NA NA NA NA NA NA NA NA NA NA NA NA NA NA NA NA NA NA NA NA NA NA NA NA NA NA NA NA NA NA NA NA NA NA NA NA NA NA NA NA NA NA NA NA NA NA NA NA NA NA NA NA NA NA NA NA NA NA NA NA NA NA NA NA NA NA NA NA NA NA NA NA NA NA NA NA NA NA NA NA NA NA NA NA NA NA NA NA NA NA NA NA NA NA NA NA NA NA NA NA NA 115 115 115 116 116 117 117 117 117 117 118 117 NA 118 117 118 118 118 118 118 118 117 117 118 118 118 118 118 118 118 118 119 119 119 119 119 120 119 119 119 119 119 119 119 119 119 119 119 119 119 119 119 120 120 120 120 120 120 120 120 120 120 120 120 121 121 121 121 121 121 121 122 122 122 123 123 124 123 124 124 125 125 125 125 125 125 125 125 125 126 126 126 126 126 126 126 126 126 126 126 NA NA NA NA NA NA NA NA NA NA NA NA NA NA NA NA NA NA NA NA NA NA NA NA NA NA NA NA NA NA NA NA NA NA NA NA NA NA NA NA NA NA NA NA NA NA NA NA NA NA NA NA NA NA NA NA NA NA NA NA NA NA NA NA
NA NA NA NA NA NA NA NA NA NA NA NA NA NA NA NA NA NA NA NA NA NA NA NA NA NA NA NA NA NA NA NA NA NA NA NA NA NA NA NA NA NA NA NA NA NA NA NA NA NA NA NA NA NA NA NA NA NA NA NA NA NA NA NA NA NA NA NA NA NA NA NA NA NA NA NA NA NA NA NA NA NA NA NA NA NA NA NA NA NA NA NA NA NA NA NA NA NA NA NA NA NA NA NA NA NA NA NA NA NA NA NA NA NA NA NA NA NA NA NA NA NA NA NA NA NA NA NA NA NA NA NA NA NA NA NA NA NA NA NA NA NA NA NA NA NA NA NA NA NA NA NA NA NA NA NA NA NA NA NA NA NA NA NA NA NA NA NA NA NA NA NA NA NA NA NA NA NA NA NA NA NA NA NA NA NA NA NA NA NA NA NA NA NA NA NA NA NA NA NA NA NA NA NA NA NA NA NA NA NA NA NA NA NA NA NA NA NA NA NA NA NA NA NA NA NA NA NA NA NA NA NA NA NA NA NA NA NA NA NA NA NA NA NA NA NA NA NA NA NA NA NA NA NA NA NA NA NA NA NA NA NA NA NA NA NA NA NA NA NA NA NA NA NA NA NA NA NA NA NA NA NA NA NA NA NA NA NA NA NA NA NA NA NA NA NA NA NA NA NA NA NA NA NA NA NA NA NA NA NA NA NA NA NA NA NA NA NA NA NA NA NA NA NA NA NA NA NA NA NA NA NA NA NA NA NA NA NA NA 115 115 115 116 117 NA NA NA NA NA NA NA NA NA 117 117 117 117 117 117 117 117 118 118 117 117 118 118 118 118 118 119 119 119 119 119 119 119 119 119 119 119 119 119 119 119 119 119 119 119 119 119 119 120 120 120 120 120 120 120 120 120 120 120 120 120 120 121 121 121 122 122 122 122 122 123 123 123 124 124 124 125 125 125 125 125 125 125 126 126 126 126 126 126 126 126 126 126 NA NA NA NA NA NA NA NA NA NA NA NA NA NA NA NA NA NA NA NA NA NA NA NA NA NA NA NA NA NA NA NA NA NA NA NA NA NA NA NA NA NA NA NA NA NA NA NA NA NA NA NA NA NA NA NA NA NA NA NA NA NA NA NA NA NA
NA NA NA NA NA NA NA NA NA NA NA NA NA NA NA NA NA NA NA NA NA NA NA NA NA NA NA NA NA NA NA NA NA NA NA NA NA NA NA NA NA NA NA NA NA NA NA NA NA NA NA NA NA NA NA NA NA NA NA NA NA NA NA NA NA NA NA NA NA NA NA NA NA NA NA NA NA NA NA NA NA NA NA NA NA NA NA NA NA NA NA NA NA NA NA NA NA NA NA NA NA NA NA NA NA NA NA NA NA NA NA NA NA NA NA NA NA NA NA NA NA NA NA NA NA NA NA NA NA NA NA NA NA NA NA NA NA NA NA NA NA NA NA NA NA NA NA NA NA NA NA NA NA NA NA NA NA NA NA NA NA NA NA NA NA NA NA NA NA NA NA NA NA NA NA NA NA NA NA NA NA NA NA NA NA NA NA NA NA NA NA NA NA NA NA NA NA NA NA NA NA NA NA NA NA NA NA NA NA NA NA NA NA NA NA NA NA NA NA NA NA NA NA NA NA NA NA NA NA NA NA NA NA NA NA NA NA NA NA NA NA NA NA NA NA NA NA NA NA NA NA NA NA NA NA NA NA NA NA NA NA NA NA NA NA NA NA NA NA NA NA NA NA NA NA NA NA NA NA NA NA NA NA NA NA NA NA NA NA NA NA NA NA NA NA NA NA NA NA NA NA NA NA NA NA NA NA NA NA NA NA NA NA NA NA NA NA NA NA NA NA NA NA NA NA NA NA NA NA NA NA NA NA NA NA NA NA NA NA 115 115 115 117 NA NA NA NA NA NA NA NA NA NA NA 117 117 117 117 117 117 117 117 117 117 117 117 118 118 118 118 118 118 119 119 119 119 119 119 119 119 119 118 118 119 119 119 119 119 119 119 119 119 120 120 120 120 120 120 120 120 120 120 120 120 120 121 121 121 121 122 122 122 122 122 122 123 123 123 124 125 125 125 125 125 125 125 125 126 126 126 126 126 126 126 126 126 126 127 127 NA NA NA NA NA NA NA NA NA NA NA NA NA NA NA NA NA NA NA NA NA NA NA NA NA NA NA NA NA NA NA NA NA NA NA NA NA NA NA NA NA NA NA NA NA NA NA NA NA NA NA NA NA NA NA NA NA NA NA NA NA NA NA NA
NA NA NA NA NA NA NA NA NA NA NA NA NA NA NA NA NA NA NA NA NA NA NA NA NA NA NA NA NA NA NA NA NA NA NA NA NA NA NA NA NA NA NA NA NA NA NA NA NA NA NA NA NA NA NA NA NA NA NA NA NA NA NA NA NA NA NA NA NA NA NA NA NA NA NA NA NA NA NA NA NA NA NA NA NA NA NA NA NA NA NA NA NA NA NA NA NA NA NA NA NA NA NA NA NA NA NA NA NA NA NA NA NA NA NA NA NA NA NA NA NA NA NA NA NA NA NA NA NA NA NA NA NA NA NA NA NA NA NA NA NA NA NA NA NA NA NA NA NA NA NA NA NA NA NA NA NA NA NA NA NA NA NA NA NA NA NA NA NA NA NA NA NA NA NA NA NA NA NA NA NA NA NA NA NA NA NA NA NA NA NA NA NA NA NA NA NA NA NA NA NA NA NA NA NA NA NA NA NA NA NA NA NA NA NA NA NA NA NA NA NA NA NA NA NA NA NA NA NA NA NA NA NA NA NA NA NA NA NA NA NA NA NA NA NA NA NA NA NA NA NA NA NA NA NA NA NA NA NA NA NA NA NA NA NA NA NA NA NA NA NA NA NA NA NA NA NA NA NA NA NA NA NA NA NA NA NA NA NA NA NA NA NA NA NA NA NA NA NA NA NA NA NA NA NA NA NA NA NA NA NA NA NA NA NA NA NA NA NA NA NA NA NA NA NA NA NA NA NA NA NA NA NA NA NA NA NA NA NA NA 115 116 NA NA NA NA NA NA NA NA NA NA NA NA NA 117 117 117 117 117 117 117 117 117 117 118 118 118 118 118 118 118 118 119 118 119 119 119 119 119 119 119 118 118 118 119 119 119 119 119 119 119 120 120 120 120 120 120 120 120 120 120 120 120 121 121 121 122 122 122 123 123 123 123 123 123 123 123 124 124 124 124 124 124 125 125 125 125 126 126 125 125 126 126 126 126 126 126 126 NA NA NA NA NA NA NA NA NA NA NA NA NA NA NA NA NA NA NA NA NA NA NA NA NA NA NA NA NA NA NA NA NA NA NA NA NA NA NA NA NA NA NA NA NA NA NA NA NA NA NA NA NA NA NA NA NA NA NA NA NA NA NA NA
NA NA NA NA NA NA NA NA NA NA NA NA NA NA NA NA NA NA NA NA NA NA NA NA NA NA NA NA NA NA NA NA NA NA NA NA NA NA NA NA NA NA NA NA NA NA NA NA NA NA NA NA NA NA NA NA NA NA NA NA NA NA NA NA NA NA NA NA NA NA NA NA NA NA NA NA NA NA NA NA NA NA NA NA NA NA NA NA NA NA NA NA NA NA NA NA NA NA NA NA NA NA NA NA NA NA NA NA NA NA NA NA NA NA NA NA NA NA NA NA NA NA NA NA NA NA NA NA NA NA NA NA NA NA NA NA NA NA NA NA NA NA NA NA NA NA NA NA NA NA NA NA NA NA NA NA NA NA NA NA NA NA NA NA NA NA NA NA NA NA NA NA NA NA NA NA NA NA NA NA NA NA NA NA NA NA NA NA NA NA NA NA NA NA NA NA NA NA NA NA NA NA NA NA NA NA NA NA NA NA NA NA NA NA NA NA NA NA NA NA NA NA NA NA NA NA NA NA NA NA NA NA NA NA NA NA NA NA NA NA NA NA NA NA NA NA NA NA NA NA NA NA NA NA NA NA NA NA NA NA NA NA NA NA NA NA NA NA NA NA NA NA NA NA NA NA NA NA NA NA NA NA NA NA NA NA NA NA NA NA NA NA NA NA NA NA NA NA NA NA NA NA NA NA NA NA NA NA NA NA NA NA NA NA NA NA NA NA NA NA NA NA NA NA NA NA NA NA NA NA NA NA NA NA NA NA NA NA NA NA NA NA NA NA NA NA NA NA NA NA NA NA NA NA NA NA 118 118 118 117 117 117 118 118 117 118 118 117 118 118 118 118 118 118 118 118 118 118 118 119 119 119 119 119 119 119 119 119 119 119 119 119 120 120 120 120 120 120 120 120 120 120 120 121 122 122 122 121 122 122 123 123 124 123 123 123 123 123 123 124 124 124 124 124 124 125 125 125 126 125 125 126 126 126 126 126 126 126 NA NA NA NA NA NA NA NA NA NA NA NA NA NA NA NA NA NA NA NA NA NA NA NA NA NA NA NA NA NA NA NA NA NA NA NA NA NA NA NA NA NA NA NA NA NA NA NA NA NA NA NA NA NA NA NA NA NA NA NA NA NA NA NA NA
NA NA NA NA NA NA NA NA NA NA NA NA NA NA NA NA NA NA NA NA NA NA NA NA NA NA NA NA NA NA NA NA NA NA NA NA NA NA NA NA NA NA NA NA NA NA NA NA NA NA NA NA NA NA NA NA NA NA NA NA NA NA NA NA NA NA NA NA NA NA NA NA NA NA NA NA NA NA NA NA NA NA NA NA NA NA NA NA NA NA NA NA NA NA NA NA NA NA NA NA NA NA NA NA NA NA NA NA NA NA NA NA NA NA NA NA NA NA NA NA NA NA NA NA NA NA NA NA NA NA NA NA NA NA NA NA NA NA NA NA NA NA NA NA NA NA NA NA NA NA NA NA NA NA NA NA NA NA NA NA NA NA NA NA NA NA NA NA NA NA NA NA NA NA NA NA NA NA NA NA NA NA NA NA NA NA NA NA NA NA NA NA NA NA NA NA NA NA NA NA NA NA NA NA NA NA NA NA NA NA NA NA NA NA NA NA NA NA NA NA NA NA NA NA NA NA NA NA NA NA NA NA NA NA NA NA NA NA NA NA NA NA NA NA NA NA NA NA NA NA NA NA NA NA NA NA NA NA NA NA NA NA NA NA NA NA NA NA NA NA NA NA NA NA NA NA NA NA NA NA NA NA NA NA NA NA NA NA NA NA NA NA NA NA NA NA NA NA NA NA NA NA NA NA NA NA NA NA NA NA NA NA NA NA NA NA NA NA NA NA NA NA NA NA NA NA NA NA NA NA NA NA NA NA NA NA NA NA NA NA NA NA NA NA NA NA NA NA NA NA NA NA NA NA NA NA NA 118 118 118 117 118 118 118 118 118 118 117 118 118 118 118 118 118 118 118 118 118 118 118 118 118 118 119 119 119 118 118 119 119 119 119 119 120 119 120 120 120 120 120 120 121 121 120 121 122 122 123 123 122 122 123 124 124 124 123 123 123 124 124 124 125 124 125 125 125 125 125 125 125 125 125 126 126 125 126 126 NA NA NA NA NA NA NA NA NA NA NA NA NA NA NA NA NA NA NA NA NA NA NA NA NA NA NA NA NA NA NA NA NA NA NA NA NA NA NA NA NA NA NA NA NA NA NA NA NA NA NA NA NA NA NA NA NA NA NA NA NA NA NA NA NA NA
NA NA NA NA NA NA NA NA NA NA NA NA NA NA NA NA NA NA NA NA NA NA NA NA NA NA NA NA NA NA NA NA NA NA NA NA NA NA NA NA NA NA NA NA NA NA NA NA NA NA NA NA NA NA NA NA NA NA NA NA NA NA NA NA NA NA NA NA NA NA NA NA NA NA NA NA NA NA NA NA NA NA NA NA NA NA NA NA NA NA NA NA NA NA NA NA NA NA NA NA NA NA NA NA NA NA NA NA NA NA NA NA NA NA NA NA NA NA NA NA NA NA NA NA NA NA NA NA NA NA NA NA NA NA NA NA NA NA NA NA NA NA NA NA NA NA NA NA NA NA NA NA NA NA NA NA NA NA NA NA NA NA NA NA NA NA NA NA NA NA NA NA NA NA NA NA NA NA NA NA NA NA NA NA NA NA NA NA NA NA NA NA NA NA NA NA NA NA NA NA NA NA NA NA NA NA NA NA NA NA NA NA NA NA NA NA NA NA NA NA NA NA NA NA NA NA NA NA NA NA NA NA NA NA NA NA NA NA NA NA NA NA NA NA NA NA NA NA NA NA NA NA NA NA NA NA NA NA NA NA NA NA NA NA NA NA NA NA NA NA NA NA NA NA NA NA NA NA NA NA NA NA NA NA NA NA NA NA NA NA NA NA NA NA NA NA NA NA NA NA NA NA NA NA NA NA NA NA NA NA NA NA NA NA NA NA NA NA NA NA NA NA NA NA NA NA NA NA NA NA NA NA NA NA NA NA NA NA NA NA NA NA NA NA NA NA NA NA NA NA NA NA NA NA NA NA 118 118 118 118 118 118 118 117 117 117 117 117 118 118 118 119 119 118 117 118 118 118 118 118 118 118 118 119 119 118 118 118 119 119 119 119 119 119 119 120 120 120 120 121 121 122 121 120 121 121 122 122 123 123 123 123 124 124 124 124 123 122 123 124 124 125 125 125 125 125 124 124 125 125 125 125 125 125 125 126 126 NA NA NA NA NA NA NA NA NA NA NA NA NA NA NA NA NA NA NA NA NA NA NA NA NA NA NA NA NA NA NA NA NA NA NA NA NA NA NA NA NA NA NA NA NA NA NA NA NA NA NA NA NA NA NA NA NA NA NA NA NA NA NA NA NA NA
NA NA NA NA NA NA NA NA NA NA NA NA NA NA NA NA NA NA NA NA NA NA NA NA NA NA NA NA NA NA NA NA NA NA NA NA NA NA NA NA NA NA NA NA NA NA NA NA NA NA NA NA NA NA NA NA NA NA NA NA NA NA NA NA NA NA NA NA NA NA NA NA NA NA NA NA NA NA NA NA NA NA NA NA NA NA NA NA NA NA NA NA NA NA NA NA NA NA NA NA NA NA NA NA NA NA NA NA NA NA NA NA NA NA NA NA NA NA NA NA NA NA NA NA NA NA NA NA NA NA NA NA NA NA NA NA NA NA NA NA NA NA NA NA NA NA NA NA NA NA NA NA NA NA NA NA NA NA NA NA NA NA NA NA NA NA NA NA NA NA NA NA NA NA NA NA NA NA NA NA NA NA NA NA NA NA NA NA NA NA NA NA NA NA NA NA NA NA NA NA NA NA NA NA NA NA NA NA NA NA NA NA NA NA NA NA NA NA NA NA NA NA NA NA NA NA NA NA NA NA NA NA NA NA NA NA NA NA NA NA NA NA NA NA NA NA NA NA NA NA NA NA NA NA NA NA NA NA NA NA NA NA NA NA NA NA NA NA NA NA NA NA NA NA NA NA NA NA NA NA NA NA NA NA NA NA NA NA NA NA NA NA NA NA NA NA NA NA NA NA NA NA NA NA NA NA NA NA NA NA NA NA NA NA NA NA NA NA NA NA NA NA NA NA NA NA NA NA NA NA NA NA NA NA NA NA NA NA NA NA NA NA NA NA NA NA NA NA NA NA NA NA NA NA NA 118 118 118 118 118 118 118 118 118 118 118 117 117 117 118 118 119 119 118 118 118 118 118 118 118 118 118 118 118 118 118 118 118 118 119 119 119 119 119 119 119 120 120 121 121 122 122 122 121 120 121 122 122 123 124 124 123 124 124 124 124 123 123 123 123 124 125 125 125 125 124 124 124 124 125 125 125 125 125 125 125 126 126 NA NA NA NA NA NA NA NA NA NA NA NA NA NA NA NA NA NA NA NA NA NA NA NA NA NA NA NA NA NA NA NA NA NA NA NA NA NA NA NA NA NA NA NA NA NA NA NA NA NA NA NA NA NA NA NA NA NA NA NA NA NA NA NA NA
NA NA NA NA NA NA NA NA NA NA NA NA NA NA NA NA NA NA NA NA NA NA NA NA NA NA NA NA NA NA NA NA NA NA NA NA NA NA NA NA NA NA NA NA NA NA NA NA NA NA NA NA NA NA NA NA NA NA NA NA NA NA NA NA NA NA NA NA NA NA NA NA NA NA NA NA NA NA NA NA NA NA NA NA NA NA NA NA NA NA NA NA NA NA NA NA NA NA NA NA NA NA NA NA NA NA NA NA NA NA NA NA NA NA NA NA NA NA NA NA NA NA NA NA NA NA NA NA NA NA NA NA NA NA NA NA NA NA NA NA NA NA NA NA NA NA NA NA NA NA NA NA NA NA NA NA NA NA NA NA NA NA NA NA NA NA NA NA NA NA NA NA NA NA NA NA NA NA NA NA NA NA NA NA NA NA NA NA NA NA NA NA NA NA NA NA NA NA NA NA NA NA NA NA NA NA NA NA NA NA NA NA NA NA NA NA NA NA NA NA NA NA NA NA NA NA NA NA NA NA NA NA NA NA NA NA NA NA NA NA NA NA NA NA NA NA NA NA NA NA NA NA NA NA NA NA NA NA NA NA NA NA NA NA NA NA NA NA NA NA NA NA NA NA NA NA NA NA NA NA NA NA NA NA NA NA NA NA NA NA NA NA NA NA NA NA NA NA NA NA NA NA NA NA NA NA NA NA NA NA NA NA NA NA NA NA NA NA NA NA NA NA NA NA NA NA NA NA NA NA NA NA NA NA NA NA NA NA NA NA NA NA NA NA NA NA NA NA NA NA NA NA 116 117 117 117 118 117 117 118 118 118 118 117 117 117 117 117 117 118 118 119 119 118 118 118 118 118 118 118 118 118 118 118 118 118 118 118 118 118 119 119 119 119 119 119 119 119 120 121 121 122 122 122 121 121 122 123 123 123 123 123 124 124 125 124 123 123 123 123 124 125 125 125 125 125 125 124 124 124 124 125 125 125 125 125 126 NA NA NA NA NA NA NA NA NA NA NA NA NA NA NA NA NA NA NA NA NA NA NA NA NA NA NA NA NA NA NA NA NA NA NA NA NA NA NA NA NA NA NA NA NA NA NA NA NA NA NA NA NA NA NA NA NA NA NA NA NA NA NA NA NA NA
NA NA NA NA NA NA NA NA NA NA NA NA NA NA NA NA NA NA NA NA NA NA NA NA NA NA NA NA NA NA NA NA NA NA NA NA NA NA NA NA NA NA NA NA NA NA NA NA NA NA NA NA NA NA NA NA NA NA NA NA NA NA NA NA NA NA NA NA NA NA NA NA NA NA NA NA NA NA NA NA NA NA NA NA NA NA NA NA NA NA NA NA NA NA NA NA NA NA NA NA NA NA NA NA NA NA NA NA NA NA NA NA NA NA NA NA NA NA NA NA NA NA NA NA NA NA NA NA NA NA NA NA NA NA NA NA NA NA NA NA NA NA NA NA NA NA NA NA NA NA NA NA NA NA NA NA NA NA NA NA NA NA NA NA NA NA NA NA NA NA NA NA NA NA NA NA NA NA NA NA NA NA NA NA NA NA NA NA NA NA NA NA NA NA NA NA NA NA NA NA NA NA NA NA NA NA NA NA NA NA NA NA NA NA NA NA NA NA NA NA NA NA NA NA NA NA NA NA NA NA NA NA NA NA NA NA NA NA NA NA NA NA NA NA NA NA NA NA NA NA NA NA NA NA NA NA NA NA NA NA NA NA NA NA NA NA NA NA NA NA NA NA NA NA NA NA NA NA NA NA NA NA NA NA NA NA NA NA NA NA NA NA NA NA NA NA NA NA NA NA NA NA NA NA NA NA NA NA NA NA NA NA NA NA NA NA NA NA NA NA NA NA NA NA NA NA NA NA NA NA NA NA NA NA NA NA NA NA NA NA NA NA NA NA NA NA NA NA NA NA NA NA NA 117 117 117 117 117 117 117 117 118 118 118 118 117 117 117 117 118 118 118 118 117 117 118 117 117 118 118 118 118 117 117 117 117 118 118 118 118 118 118 119 119 119 120 120 120 120 120 120 121 121 122 122 121 121 122 122 122 122 123 123 124 124 124 123 123 123 124 124 124 124 124 125 125 125 125 125 124 124 125 125 125 125 125 126 NA NA NA NA NA NA NA NA NA NA NA NA NA NA NA NA NA NA NA NA NA NA NA NA NA NA NA NA NA NA NA NA NA NA NA NA NA NA NA NA NA NA NA NA NA NA NA NA NA NA NA NA NA NA NA NA NA NA NA NA NA NA NA NA NA NA
NA NA NA NA NA NA NA NA NA NA NA NA NA NA NA NA NA NA NA NA NA NA NA NA NA NA NA NA NA NA NA NA NA NA NA NA NA NA NA NA NA NA NA NA NA NA NA NA NA NA NA NA NA NA NA NA NA NA NA NA NA NA NA NA NA NA NA NA NA NA NA NA NA NA NA NA NA NA NA NA NA NA NA NA NA NA NA NA NA NA NA NA NA NA NA NA NA NA NA NA NA NA NA NA NA NA NA NA NA NA NA NA NA NA NA NA NA NA NA NA NA NA NA NA NA NA NA NA NA NA NA NA NA NA NA NA NA NA NA NA NA NA NA NA NA NA NA NA NA NA NA NA NA NA NA NA NA NA NA NA NA NA NA NA NA NA NA NA NA NA NA NA NA NA NA NA NA NA NA NA NA NA NA NA NA NA NA NA NA NA NA NA NA NA NA NA NA NA NA NA NA NA NA NA NA NA NA NA NA NA NA NA NA NA NA NA NA NA NA NA NA NA NA NA NA NA NA NA NA NA NA NA NA NA NA NA NA NA NA NA NA NA NA NA NA NA NA NA NA NA NA NA NA NA NA NA NA NA NA NA NA NA NA NA NA NA NA NA NA NA NA NA NA NA NA NA NA NA NA NA NA NA NA NA NA NA NA NA NA NA NA NA NA NA NA NA NA NA NA NA NA NA NA NA NA NA NA NA NA NA NA NA NA NA NA NA NA NA NA NA NA NA NA NA NA NA NA NA NA NA NA NA NA NA NA NA NA NA NA NA NA NA NA NA NA NA NA NA NA NA NA NA 117 117 117 117 117 117 117 117 117 118 118 118 118 117 117 117 118 118 118 117 117 117 117 117 117 117 117 118 118 117 117 117 117 117 117 118 118 118 118 118 119 119 119 120 121 121 121 120 121 121 122 122 122 122 122 122 122 122 122 123 123 123 124 124 124 124 124 124 124 124 124 124 124 124 125 125 125 124 124 125 125 125 125 125 NA NA NA NA NA NA NA NA NA NA NA NA NA NA NA NA NA NA NA NA NA NA NA NA NA NA NA NA NA NA NA NA NA NA NA NA NA NA NA NA NA NA NA NA NA NA NA NA NA NA NA NA NA NA NA NA NA NA NA NA NA NA NA NA NA NA NA
NA NA NA NA NA NA NA NA NA NA NA NA NA NA NA NA NA NA NA NA NA NA NA NA NA NA NA NA NA NA NA NA NA NA NA NA NA NA NA NA NA NA NA NA NA NA NA NA NA NA NA NA NA NA NA NA NA NA NA NA NA NA NA NA NA NA NA NA NA NA NA NA NA NA NA NA NA NA NA NA NA NA NA NA NA NA NA NA NA NA NA NA NA NA NA NA NA NA NA NA NA NA NA NA NA NA NA NA NA NA NA NA NA NA NA NA NA NA NA NA NA NA NA NA NA NA NA NA NA NA NA NA NA NA NA NA NA NA NA NA NA NA NA NA NA NA NA NA NA NA NA NA NA NA NA NA NA NA NA NA NA NA NA NA NA NA NA NA NA NA NA NA NA NA NA NA NA NA NA NA NA NA NA NA NA NA NA NA NA NA NA NA NA NA NA NA NA NA NA NA NA NA NA NA NA NA NA NA NA NA NA NA NA NA NA NA NA NA NA NA NA NA NA NA NA NA NA NA NA NA NA NA NA NA NA NA NA NA NA NA NA NA NA NA NA NA NA NA NA NA NA NA NA NA NA NA NA NA NA NA NA NA NA NA NA NA NA NA NA NA NA NA NA NA NA NA NA NA NA NA NA NA NA NA NA NA NA NA NA NA NA NA NA NA NA NA NA NA NA NA NA NA NA NA NA NA NA NA NA NA NA NA NA NA NA NA NA NA NA NA NA NA NA NA NA NA NA NA NA NA NA NA NA NA NA NA NA NA NA NA NA NA NA NA NA NA NA NA NA NA 116 116 116 116 116 116 116 116 116 117 117 117 117 118 118 117 117 117 118 118 118 117 117 116 116 116 116 116 117 118 117 117 117 117 117 117 117 118 118 118 118 118 119 119 120 120 120 121 121 120 120 121 121 122 122 123 123 123 123 122 122 122 123 123 124 124 124 125 125 125 124 125 125 124 124 124 125 125 125 125 124 125 125 125 125 125 NA NA NA NA NA NA NA NA NA NA NA NA NA NA NA NA NA NA NA NA NA NA NA NA NA NA NA NA NA NA NA NA NA NA NA NA NA NA NA NA NA NA NA NA NA NA NA NA NA NA NA NA NA NA NA NA NA NA NA NA NA NA NA NA NA NA NA
NA NA NA NA NA NA NA NA NA NA NA NA NA NA NA NA NA NA NA NA NA NA NA NA NA NA NA NA NA NA NA NA NA NA NA NA NA NA NA NA NA NA NA NA NA NA NA NA NA NA NA NA NA NA NA NA NA NA NA NA NA NA NA NA NA NA NA NA NA NA NA NA NA NA NA NA NA NA NA NA NA NA NA NA NA NA NA NA NA NA NA NA NA NA NA NA NA NA NA NA NA NA NA NA NA NA NA NA NA NA NA NA NA NA NA NA NA NA NA NA NA NA NA NA NA NA NA NA NA NA NA NA NA NA NA NA NA NA NA NA NA NA NA NA NA NA NA NA NA NA NA NA NA NA NA NA NA NA NA NA NA NA NA NA NA NA NA NA NA NA NA NA NA NA NA NA NA NA NA NA NA NA NA NA NA NA NA NA NA NA NA NA NA NA NA NA NA NA NA NA NA NA NA NA NA NA NA NA NA NA NA NA NA NA NA NA NA NA NA NA NA NA NA NA NA NA NA NA NA NA NA NA NA NA NA NA NA NA NA NA NA NA NA NA NA NA NA NA NA NA NA NA NA NA NA NA NA NA NA NA NA NA NA NA NA NA NA NA NA NA NA NA NA NA NA NA NA NA NA NA NA NA NA NA NA NA NA NA NA NA NA NA NA NA NA NA NA NA NA NA NA NA NA NA NA NA NA NA NA NA NA NA NA NA NA NA NA NA NA NA NA NA NA NA NA NA NA NA NA NA NA NA NA NA NA NA NA NA NA NA NA NA NA NA NA NA NA NA NA NA 116 116 116 116 116 116 116 116 116 117 117 117 118 118 118 117 117 117 117 118 118 118 117 116 116 116 116 116 116 117 117 117 116 117 117 117 118 117 118 118 118 118 119 119 119 120 121 121 121 121 121 120 121 122 122 122 122 123 123 122 122 122 123 123 124 124 124 124 124 124 124 124 124 124 124 124 124 124 124 124 124 124 124 124 125 125 NA NA NA NA NA NA NA NA NA NA NA NA NA NA NA NA NA NA NA NA NA NA NA NA NA NA NA NA NA NA NA NA NA NA NA NA NA NA NA NA NA NA NA NA NA NA NA NA NA NA NA NA NA NA NA NA NA NA NA NA NA NA NA NA NA NA NA
NA NA NA NA NA NA NA NA NA NA NA NA NA NA NA NA NA NA NA NA NA NA NA NA NA NA NA NA NA NA NA NA NA NA NA NA NA NA NA NA NA NA NA NA NA NA NA NA NA NA NA NA NA NA NA NA NA NA NA NA NA NA NA NA NA NA NA NA NA NA NA NA NA NA NA NA NA NA NA NA NA NA NA NA NA NA NA NA NA NA NA NA NA NA NA NA NA NA NA NA NA NA NA NA NA NA NA NA NA NA NA NA NA NA NA NA NA NA NA NA NA NA NA NA NA NA NA NA NA NA NA NA NA NA NA NA NA NA NA NA NA NA NA NA NA NA NA NA NA NA NA NA NA NA NA NA NA NA NA NA NA NA NA NA NA NA NA NA NA NA NA NA NA NA NA NA NA NA NA NA NA NA NA NA NA NA NA NA NA NA NA NA NA NA NA NA NA NA NA NA NA NA NA NA NA NA NA NA NA NA NA NA NA NA NA NA NA NA NA NA NA NA NA NA NA NA NA NA NA NA NA NA NA NA NA NA NA NA NA NA NA NA NA NA NA NA NA NA NA NA NA NA NA NA NA NA NA NA NA NA NA NA NA NA NA NA NA NA NA NA NA NA NA NA NA NA NA NA NA NA NA NA NA NA NA NA NA NA NA NA NA NA NA NA NA NA NA NA NA NA NA NA NA NA NA NA NA NA NA NA NA NA NA NA NA NA NA NA NA NA NA NA NA NA NA NA NA NA NA NA NA NA NA NA NA NA NA NA NA NA NA NA NA NA NA NA NA NA NA NA NA 115 115 115 115 116 116 117 117 117 117 117 117 118 117 117 117 117 116 118 118 117 117 116 116 116 116 116 116 116 116 116 116 117 117 117 117 117 117 118 118 118 119 119 120 120 121 121 121 121 121 121 121 121 121 121 122 122 122 123 122 123 124 124 124 123 123 123 123 123 123 123 123 123 124 124 124 125 124 124 124 123 124 124 125 NA NA NA NA NA NA NA NA NA NA NA NA NA NA NA NA NA NA NA NA NA NA NA NA NA NA NA NA NA NA NA NA NA NA NA NA NA NA NA NA NA NA NA NA NA NA NA NA NA NA NA NA NA NA NA NA NA NA NA NA NA NA NA NA NA NA NA NA
NA NA NA NA NA NA NA NA NA NA NA NA NA NA NA NA NA NA NA NA NA NA NA NA NA NA NA NA NA NA NA NA NA NA NA NA NA NA NA NA NA NA NA NA NA NA NA NA NA NA NA NA NA NA NA NA NA NA NA NA NA NA NA NA NA NA NA NA NA NA NA NA NA NA NA NA NA NA NA NA NA NA NA NA NA NA NA NA NA NA NA NA NA NA NA NA NA NA NA NA NA NA NA NA NA NA NA NA NA NA NA NA NA NA NA NA NA NA NA NA NA NA NA NA NA NA NA NA NA NA NA NA NA NA NA NA NA NA NA NA NA NA NA NA NA NA NA NA NA NA NA NA NA NA NA NA NA NA NA NA NA NA NA NA NA NA NA NA NA NA NA NA NA NA NA NA NA NA NA NA NA NA NA NA NA NA NA NA NA NA NA NA NA NA NA NA NA NA NA NA NA NA NA NA NA NA NA NA NA NA NA NA NA NA NA NA NA NA NA NA NA NA NA NA NA NA NA NA NA NA NA NA NA NA NA NA NA NA NA NA NA NA NA NA NA NA NA NA NA NA NA NA NA NA NA NA NA NA NA NA NA NA NA NA NA NA NA NA NA NA NA NA NA NA NA NA NA NA NA NA NA NA NA NA NA NA NA NA NA NA NA NA NA NA NA NA NA NA NA NA NA NA NA NA NA NA NA NA NA NA NA NA NA NA NA NA NA NA NA NA NA NA NA NA NA NA NA NA NA NA NA NA NA NA NA NA NA NA NA NA NA NA NA NA NA NA NA NA NA NA NA NA 115 115 115 116 116 117 117 117 117 117 116 117 117 116 116 117 116 117 117 116 116 116 116 116 116 116 116 116 116 116 116 117 117 117 117 117 117 117 117 117 118 119 119 120 120 121 121 121 122 121 121 121 121 121 122 122 122 122 123 123 124 124 123 123 123 123 123 123 123 123 123 122 123 123 124 125 124 124 123 123 124 124 125 NA NA NA NA NA NA NA NA NA NA NA NA NA NA NA NA NA NA NA NA NA NA NA NA NA NA NA NA NA NA NA NA NA NA NA NA NA NA NA NA NA NA NA NA NA NA NA NA NA NA NA NA NA NA NA NA NA NA NA NA NA NA NA NA NA NA NA NA
NA NA NA NA NA NA NA NA NA NA NA NA NA NA NA NA NA NA NA NA NA NA NA NA NA NA NA NA NA NA NA NA NA NA NA NA NA NA NA NA NA NA NA NA NA NA NA NA NA NA NA NA NA NA NA NA NA NA NA NA NA NA NA NA NA NA NA NA NA NA NA NA NA NA NA NA NA NA NA NA NA NA NA NA NA NA NA NA NA NA NA NA NA NA NA NA NA NA NA NA NA NA NA NA NA NA NA NA NA NA NA NA NA NA NA NA NA NA NA NA NA NA NA NA NA NA NA NA NA NA NA NA NA NA NA NA NA NA NA NA NA NA NA NA NA NA NA NA NA NA NA NA NA NA NA NA NA NA NA NA NA NA NA NA NA NA NA NA NA NA NA NA NA NA NA NA NA NA NA NA NA NA NA NA NA NA NA NA NA NA NA NA NA NA NA NA NA NA NA NA NA NA NA NA NA NA NA NA NA NA NA NA NA NA NA NA NA NA NA NA NA NA NA NA NA NA NA NA NA NA NA NA NA NA NA NA NA NA NA NA NA NA NA NA NA NA NA NA NA NA NA NA NA NA NA NA NA NA NA NA NA NA NA NA NA NA NA NA NA NA NA NA NA NA NA NA NA NA NA NA NA NA NA NA NA NA NA NA NA NA NA NA NA NA NA NA NA NA NA NA NA NA NA NA NA NA NA NA NA NA NA NA NA NA NA NA NA NA NA NA NA NA NA NA NA NA NA NA NA NA NA NA NA NA NA NA NA NA NA NA NA NA NA NA NA NA NA NA NA NA NA NA 115 115 115 116 116 116 117 117 116 116 116 116 116 116 115 116 116 115 116 115 115 116 116 116 116 116 116 116 116 116 117 117 117 117 117 118 118 118 118 117 118 118 119 119 119 120 120 121 121 122 121 122 121 121 122 122 122 123 123 123 123 123 123 123 123 123 123 124 123 123 123 123 122 122 123 124 123 123 123 123 124 124 125 NA NA NA NA NA NA NA NA NA NA NA NA NA NA NA NA NA NA NA NA NA NA NA NA NA NA NA NA NA NA NA NA NA NA NA NA NA NA NA NA NA NA NA NA NA NA NA NA NA NA NA NA NA NA NA NA NA NA NA NA NA NA NA NA NA NA NA NA
NA NA NA NA NA NA NA NA NA NA NA NA NA NA NA NA NA NA NA NA NA NA NA NA NA NA NA NA NA NA NA NA NA NA NA NA NA NA NA NA NA NA NA NA NA NA NA NA NA NA NA NA NA NA NA NA NA NA NA NA NA NA NA NA NA NA NA NA NA NA NA NA NA NA NA NA NA NA NA NA NA NA NA NA NA NA NA NA NA NA NA NA NA NA NA NA NA NA NA NA NA NA NA NA NA NA NA NA NA NA NA NA NA NA NA NA NA NA NA NA NA NA NA NA NA NA NA NA NA NA NA NA NA NA NA NA NA NA NA NA NA NA NA NA NA NA NA NA NA NA NA NA NA NA NA NA NA NA NA NA NA NA NA NA NA NA NA NA NA NA NA NA NA NA NA NA NA NA NA NA NA NA NA NA NA NA NA NA NA NA NA NA NA NA NA NA NA NA NA NA NA NA NA NA NA NA NA NA NA NA NA NA NA NA NA NA NA NA NA NA NA NA NA NA NA NA NA NA NA NA NA NA NA NA NA NA NA NA NA NA NA NA NA NA NA NA NA NA NA NA NA NA NA NA NA NA NA NA NA NA NA NA NA NA NA NA NA NA NA NA NA NA NA NA NA NA NA NA NA NA NA NA NA NA NA NA NA NA NA NA NA NA NA NA NA NA NA NA NA NA NA NA NA NA NA NA NA NA NA NA NA NA NA NA NA NA NA NA NA NA NA NA NA NA NA NA NA NA NA NA NA NA NA NA NA NA NA NA NA NA NA NA NA NA NA NA NA NA NA NA NA NA 114 115 115 115 115 116 116 116 116 115 115 115 115 115 115 115 115 115 115 115 115 115 116 116 116 116 116 116 116 116 117 117 117 117 117 117 118 118 118 118 118 118 118 118 119 119 119 120 121 121 121 122 121 121 121 122 122 123 123 123 124 124 123 123 123 123 123 124 123 123 123 122 122 122 123 123 122 123 124 124 124 125 125 125 124 124 NA NA NA NA NA NA NA NA NA NA NA NA NA NA NA NA NA NA NA NA NA NA NA NA NA NA NA NA NA NA NA NA NA NA NA NA NA NA NA NA NA NA NA NA NA NA NA NA NA NA NA NA NA NA NA NA NA NA NA NA NA NA NA NA NA
NA NA NA NA NA NA NA NA NA NA NA NA NA NA NA NA NA NA NA NA NA NA NA NA NA NA NA NA NA NA NA NA NA NA NA NA NA NA NA NA NA NA NA NA NA NA NA NA NA NA NA NA NA NA NA NA NA NA NA NA NA NA NA NA NA NA NA NA NA NA NA NA NA NA NA NA NA NA NA NA NA NA NA NA NA NA NA NA NA NA NA NA NA NA NA NA NA NA NA NA NA NA NA NA NA NA NA NA NA NA NA NA NA NA NA NA NA NA NA NA NA NA NA NA NA NA NA NA NA NA NA NA NA NA NA NA NA NA NA NA NA NA NA NA NA NA NA NA NA NA NA NA NA NA NA NA NA NA NA NA NA NA NA NA NA NA NA NA NA NA NA NA NA NA NA NA NA NA NA NA NA NA NA NA NA NA NA NA NA NA NA NA NA NA NA NA NA NA NA NA NA NA NA NA NA NA NA NA NA NA NA NA NA NA NA NA NA NA NA NA NA NA NA NA NA NA NA NA NA NA NA NA NA NA NA NA NA NA NA NA NA NA NA NA NA NA NA NA NA NA NA NA NA NA NA NA NA NA NA NA NA NA NA NA NA NA NA NA NA NA NA NA NA NA NA NA NA NA NA NA NA NA NA NA NA NA NA NA NA NA NA NA NA NA NA NA NA NA NA NA NA NA NA NA NA NA NA NA NA NA NA NA NA NA NA NA NA NA NA NA NA NA NA NA NA NA NA NA NA NA NA NA NA NA NA NA NA NA NA NA NA NA NA NA NA NA NA NA NA NA NA 114 114 115 115 115 115 116 116 115 115 115 115 115 115 115 115 115 115 115 115 115 116 116 116 116 116 116 116 116 116 116 116 117 117 117 118 118 118 118 118 119 118 118 119 119 119 119 120 121 121 121 121 122 122 121 122 122 122 122 123 123 123 123 124 123 124 124 124 124 124 123 122 122 122 122 122 122 122 122 123 124 124 124 124 124 124 124 123 NA NA NA NA NA NA NA NA NA NA NA NA NA NA NA NA NA NA NA NA NA NA NA NA NA NA NA NA NA NA NA NA NA NA NA NA NA NA NA NA NA NA NA NA NA NA NA NA NA NA NA NA NA NA NA NA NA NA NA NA NA NA NA NA
NA NA NA NA NA NA NA NA NA NA NA NA NA NA NA NA NA NA NA NA NA NA NA NA NA NA NA NA NA NA NA NA NA NA NA NA NA NA NA NA NA NA NA NA NA NA NA NA NA NA NA NA NA NA NA NA NA NA NA NA NA NA NA NA NA NA NA NA NA NA NA NA NA NA NA NA NA NA NA NA NA NA NA NA NA NA NA NA NA NA NA NA NA NA NA NA NA NA NA NA NA NA NA NA NA NA NA NA NA NA NA NA NA NA NA NA NA NA NA NA NA NA NA NA NA NA NA NA NA NA NA NA NA NA NA NA NA NA NA NA NA NA NA NA NA NA NA NA NA NA NA NA NA NA NA NA NA NA NA NA NA NA NA NA NA NA NA NA NA NA NA NA NA NA NA NA NA NA NA NA NA NA NA NA NA NA NA NA NA NA NA NA NA NA NA NA NA NA NA NA NA NA NA NA NA NA NA NA NA NA NA NA NA NA NA NA NA NA NA NA NA NA NA NA NA NA NA NA NA NA NA NA NA NA NA NA NA NA NA NA NA NA NA NA NA NA NA NA NA NA NA NA NA NA NA NA NA NA NA NA NA NA NA NA NA NA NA NA NA NA NA NA NA NA NA NA NA NA NA NA NA NA NA NA NA NA NA NA NA NA NA NA NA NA NA NA NA NA NA NA NA NA NA NA NA NA NA NA NA NA NA NA NA NA NA NA NA NA NA NA NA NA NA NA NA NA NA NA NA NA NA NA NA NA NA NA NA NA NA NA NA NA NA NA NA NA 113 114 114 114 114 114 114 115 114 115 115 115 115 115 114 114 114 115 115 115 115 115 115 115 115 115 116 116 116 116 116 116 116 116 116 116 116 116 116 117 117 117 118 118 118 119 119 118 119 119 120 120 119 120 120 121 121 122 122 122 121 122 122 123 123 122 122 122 123 123 123 124 124 124 124 124 123 122 122 122 123 123 122 122 122 122 122 123 124 123 124 124 123 123 123 NA NA NA NA NA NA NA NA NA NA NA NA NA NA NA NA NA NA NA NA NA NA NA NA NA NA NA NA NA NA NA NA NA NA NA NA NA NA NA NA NA NA NA NA NA NA NA NA NA NA NA NA NA NA NA NA NA NA NA NA NA NA
NA NA NA NA NA NA NA NA NA NA NA NA NA NA NA NA NA NA NA NA NA NA NA NA NA NA NA NA NA NA NA NA NA NA NA NA NA NA NA NA NA NA NA NA NA NA NA NA NA NA NA NA NA NA NA NA NA NA NA NA NA NA NA NA NA NA NA NA NA NA NA NA NA NA NA NA NA NA NA NA NA NA NA NA NA NA NA NA NA NA NA NA NA NA NA NA NA NA NA NA NA NA NA NA NA NA NA NA NA NA NA NA NA NA NA NA NA NA NA NA NA NA NA NA NA NA NA NA NA NA NA NA NA NA NA NA NA NA NA NA NA NA NA NA NA NA NA NA NA NA NA NA NA NA NA NA NA NA NA NA NA NA NA NA NA NA NA NA NA NA NA NA NA NA NA NA NA NA NA NA NA NA NA NA NA NA NA NA NA NA NA NA NA NA NA NA NA NA NA NA NA NA NA NA NA NA NA NA NA NA NA NA NA NA NA NA NA NA NA NA NA NA NA NA NA NA NA NA NA NA NA NA NA NA NA NA NA NA NA NA NA NA NA NA NA NA NA NA NA NA NA NA NA NA NA NA NA NA NA NA NA NA NA NA NA NA NA NA NA NA NA NA NA NA NA NA NA NA NA NA NA NA NA NA NA NA NA NA NA NA NA NA NA NA NA NA NA NA NA NA NA NA NA NA NA NA NA NA NA NA NA NA NA NA NA NA NA NA NA NA NA NA NA NA NA NA NA NA NA NA NA NA NA NA NA NA NA NA NA NA NA NA NA NA NA NA 113 114 114 114 114 115 115 115 114 114 114 115 115 114 114 114 114 115 115 115 115 115 115 115 115 115 115 116 116 116 116 116 116 116 116 116 117 117 117 116 117 117 118 118 118 119 119 119 119 120 120 120 120 120 120 120 120 121 121 122 122 122 122 123 123 123 122 122 122 122 123 123 124 123 123 123 123 122 122 123 123 123 123 122 122 121 121 122 122 123 123 123 123 123 123 123 NA NA NA NA NA NA NA NA NA NA NA NA NA NA NA NA NA NA NA NA NA NA NA NA NA NA NA NA NA NA NA NA NA NA NA NA NA NA NA NA NA NA NA NA NA NA NA NA NA NA NA NA NA NA NA NA NA NA NA NA NA
NA NA NA NA NA NA NA NA NA NA NA NA NA NA NA NA NA NA NA NA NA NA NA NA NA NA NA NA NA NA NA NA NA NA NA NA NA NA NA NA NA NA NA NA NA NA NA NA NA NA NA NA NA NA NA NA NA NA NA NA NA NA NA NA NA NA NA NA NA NA NA NA NA NA NA NA NA NA NA NA NA NA NA NA NA NA NA NA NA NA NA NA NA NA NA NA NA NA NA NA NA NA NA NA NA NA NA NA NA NA NA NA NA NA NA NA NA NA NA NA NA NA NA NA NA NA NA NA NA NA NA NA NA NA NA NA NA NA NA NA NA NA NA NA NA NA NA NA NA NA NA NA NA NA NA NA NA NA NA NA NA NA NA NA NA NA NA NA NA NA NA NA NA NA NA NA NA NA NA NA NA NA NA NA NA NA NA NA NA NA NA NA NA NA NA NA NA NA NA NA NA NA NA NA NA NA NA NA NA NA NA NA NA NA NA NA NA NA NA NA NA NA NA NA NA NA NA NA NA NA NA NA NA NA NA NA NA NA NA NA NA NA NA NA NA NA NA NA NA NA NA NA NA NA NA NA NA NA NA NA NA NA NA NA NA NA NA NA NA NA NA NA NA NA NA NA NA NA NA NA NA NA NA NA NA NA NA NA NA NA NA NA NA NA NA NA NA NA NA NA NA NA NA NA NA NA NA NA NA NA NA NA NA NA NA NA NA NA NA NA NA NA NA NA NA NA NA NA NA NA NA NA NA NA NA NA NA NA NA NA NA NA NA NA NA NA 114 114 114 114 114 114 115 115 114 114 114 115 114 114 114 114 114 114 115 115 115 115 115 115 115 115 115 116 116 116 116 116 116 116 116 117 117 117 117 117 116 117 117 118 117 118 118 118 119 119 120 121 121 121 120 120 121 121 122 122 122 122 123 124 123 123 123 122 122 122 123 123 123 122 122 123 123 123 122 123 124 124 124 123 123 122 122 121 121 122 123 123 122 122 123 123 124 NA NA NA NA NA NA NA NA NA NA NA NA NA NA NA NA NA NA NA NA NA NA NA NA NA NA NA NA NA NA NA NA NA NA NA NA NA NA NA NA NA NA NA NA NA NA NA NA NA NA NA NA NA NA NA NA NA NA NA NA
NA NA NA NA NA NA NA NA NA NA NA NA NA NA NA NA NA NA NA NA NA NA NA NA NA NA NA NA NA NA NA NA NA NA NA NA NA NA NA NA NA NA NA NA NA NA NA NA NA NA NA NA NA NA NA NA NA NA NA NA NA NA NA NA NA NA NA NA NA NA NA NA NA NA NA NA NA NA NA NA NA NA NA NA NA NA NA NA NA NA NA NA NA NA NA NA NA NA NA NA NA NA NA NA NA NA NA NA NA NA NA NA NA NA NA NA NA NA NA NA NA NA NA NA NA NA NA NA NA NA NA NA NA NA NA NA NA NA NA NA NA NA NA NA NA NA NA NA NA NA NA NA NA NA NA NA NA NA NA NA NA NA NA NA NA NA NA NA NA NA NA NA NA NA NA NA NA NA NA NA NA NA NA NA NA NA NA NA NA NA NA NA NA NA NA NA NA NA NA NA NA NA NA NA NA NA NA NA NA NA NA NA NA NA NA NA NA NA NA NA NA NA NA NA NA NA NA NA NA NA NA NA NA NA NA NA NA NA NA NA NA NA NA NA NA NA NA NA NA NA NA NA NA NA NA NA NA NA NA NA NA NA NA NA NA NA NA NA NA NA NA NA NA NA NA NA NA NA NA NA NA NA NA NA NA NA NA NA NA NA NA NA NA NA NA NA NA NA NA NA NA NA NA NA NA NA NA NA NA NA NA NA NA NA NA NA NA NA NA NA NA NA NA NA NA NA NA NA NA NA NA NA NA NA NA NA NA NA NA NA NA NA NA NA NA NA NA 114 114 114 114 114 114 114 114 114 114 114 114 114 114 114 114 114 115 115 115 115 115 115 115 115 115 115 115 116 116 116 116 116 116 116 116 116 117 117 117 116 116 117 117 118 118 118 119 119 119 120 120 120 121 121 121 121 121 122 122 123 122 122 122 121 122 122 122 122 123 123 123 122 122 122 122 123 122 122 123 124 123 123 123 123 123 123 122 121 122 123 122 122 123 123 124 124 124 NA NA NA NA NA NA NA NA NA NA NA NA NA NA NA NA NA NA NA NA NA NA NA NA NA NA NA NA NA NA NA NA NA NA NA NA NA NA NA NA NA NA NA NA NA NA NA NA NA NA NA NA NA NA NA NA NA NA
NA NA NA NA NA NA NA NA NA NA NA NA NA NA NA NA NA NA NA NA NA NA NA NA NA NA NA NA NA NA NA NA NA NA NA NA NA NA NA NA NA NA NA NA NA NA NA NA NA NA NA NA NA NA NA NA NA NA NA NA NA NA NA NA NA NA NA NA NA NA NA NA NA NA NA NA NA NA NA NA NA NA NA NA NA NA NA NA NA NA NA NA NA NA NA NA NA NA NA NA NA NA NA NA NA NA NA NA NA NA NA NA NA NA NA NA NA NA NA NA NA NA NA NA NA NA NA NA NA NA NA NA NA NA NA NA NA NA NA NA NA NA NA NA NA NA NA NA NA NA NA NA NA NA NA NA NA NA NA NA NA NA NA NA NA NA NA NA NA NA NA NA NA NA NA NA NA NA NA NA NA NA NA NA NA NA NA NA NA NA NA NA NA NA NA NA NA NA NA NA NA NA NA NA NA NA NA NA NA NA NA NA NA NA NA NA NA NA NA NA NA NA NA NA NA NA NA NA NA NA NA NA NA NA NA NA NA NA NA NA NA NA NA NA NA NA NA NA NA NA NA NA NA NA NA NA NA NA NA NA NA NA NA NA NA NA NA NA NA NA NA NA NA NA NA NA NA NA NA NA NA NA NA NA NA NA NA NA NA NA NA NA NA NA NA NA NA NA NA NA NA NA NA NA NA NA NA NA NA NA NA NA NA NA NA NA NA NA NA NA NA NA NA NA NA NA NA NA NA NA NA NA NA NA NA NA NA NA NA NA NA NA NA NA NA 113 113 114 113 114 114 114 114 114 114 114 114 114 113 114 114 114 114 114 114 115 115 115 115 115 115 115 115 115 115 115 116 116 115 116 116 116 116 117 117 117 117 117 116 116 117 117 118 118 119 119 119 119 119 119 120 121 121 121 120 121 121 122 122 122 122 122 121 121 122 122 122 122 122 122 122 122 122 122 122 122 123 123 122 122 122 123 122 123 122 122 122 122 122 122 123 122 124 124 124 124 125 NA NA NA NA NA NA NA NA NA NA NA NA NA NA NA NA NA NA NA NA NA NA NA NA NA NA NA NA NA NA NA NA NA NA NA NA NA NA NA NA NA NA NA NA NA NA NA NA NA NA NA NA NA NA NA NA
NA NA NA NA NA NA NA NA NA NA NA NA NA NA NA NA NA NA NA NA NA NA NA NA NA NA NA NA NA NA NA NA NA NA NA NA NA NA NA NA NA NA NA NA NA NA NA NA NA NA NA NA NA NA NA NA NA NA NA NA NA NA NA NA NA NA NA NA NA NA NA NA NA NA NA NA NA NA NA NA NA NA NA NA NA NA NA NA NA NA NA NA NA NA NA NA NA NA NA NA NA NA NA NA NA NA NA NA NA NA NA NA NA NA NA NA NA NA NA NA NA NA NA NA NA NA NA NA NA NA NA NA NA NA NA NA NA NA NA NA NA NA NA NA NA NA NA NA NA NA NA NA NA NA NA NA NA NA NA NA NA NA NA NA NA NA NA NA NA NA NA NA NA NA NA NA NA NA NA NA NA NA NA NA NA NA NA NA NA NA NA NA NA NA NA NA NA NA NA NA NA NA NA NA NA NA NA NA NA NA NA NA NA NA NA NA NA NA NA NA NA NA NA NA NA NA NA NA NA NA NA NA NA NA NA NA NA NA NA NA NA NA NA NA NA NA NA NA NA NA NA NA NA NA NA NA NA NA NA NA NA NA NA NA NA NA NA NA NA NA NA NA NA NA NA NA NA NA NA NA NA NA NA NA NA NA NA NA NA NA NA NA NA NA NA NA NA NA NA NA NA NA NA NA NA NA NA NA NA NA NA NA NA NA NA NA NA NA NA NA NA NA NA NA NA NA NA NA NA NA NA NA NA NA NA NA NA NA NA NA NA NA NA NA NA 113 113 113 113 113 113 113 113 113 113 113 113 113 114 114 114 114 114 114 114 115 115 115 115 115 115 115 115 115 115 115 115 115 116 116 116 117 117 116 117 117 117 117 117 117 117 117 117 117 118 118 118 119 119 119 120 120 120 120 120 120 121 122 123 123 123 122 122 122 122 122 122 122 121 121 121 121 121 121 122 123 123 123 122 121 122 122 122 122 121 122 122 122 122 122 122 122 123 124 124 124 124 125 NA NA NA NA NA NA NA NA NA NA NA NA NA NA NA NA NA NA NA NA NA NA NA NA NA NA NA NA NA NA NA NA NA NA NA NA NA NA NA NA NA NA NA NA NA NA NA NA NA NA NA NA NA NA NA
NA NA NA NA NA NA NA NA NA NA NA NA NA NA NA NA NA NA NA NA NA NA NA NA NA NA NA NA NA NA NA NA NA NA NA NA NA NA NA NA NA NA NA NA NA NA NA NA NA NA NA NA NA NA NA NA NA NA NA NA NA NA NA NA NA NA NA NA NA NA NA NA NA NA NA NA NA NA NA NA NA NA NA NA NA NA NA NA NA NA NA NA NA NA NA NA NA NA NA NA NA NA NA NA NA NA NA NA NA NA NA NA NA NA NA NA NA NA NA NA NA NA NA NA NA NA NA NA NA NA NA NA NA NA NA NA NA NA NA NA NA NA NA NA NA NA NA NA NA NA NA NA NA NA NA NA NA NA NA NA NA NA NA NA NA NA NA NA NA NA NA NA NA NA NA NA NA NA NA NA NA NA NA NA NA NA NA NA NA NA NA NA NA NA NA NA NA NA NA NA NA NA NA NA NA NA NA NA NA NA NA NA NA NA NA NA NA NA NA NA NA NA NA NA NA NA NA NA NA NA NA NA NA NA NA NA NA NA NA NA NA NA NA NA NA NA NA NA NA NA NA NA NA NA NA NA NA NA NA NA NA NA NA NA NA NA NA NA NA NA NA NA NA NA NA NA NA NA NA NA NA NA NA NA NA NA NA NA NA NA NA NA NA NA NA NA NA NA NA NA NA NA NA NA NA NA NA NA NA NA NA NA NA NA NA NA NA NA NA NA NA NA NA NA NA NA NA NA NA NA NA NA NA NA NA NA NA NA NA NA NA NA NA 112 112 112 113 113 113 113 113 113 112 112 113 113 113 113 113 114 114 114 114 114 114 114 114 114 115 115 115 115 115 115 115 115 115 115 115 116 116 116 117 117 117 117 117 117 117 117 118 118 117 117 118 118 118 118 118 119 120 119 119 120 120 120 120 121 122 121 121 121 121 121 121 121 121 122 122 122 122 122 121 121 121 122 122 122 122 121 121 121 121 121 121 121 121 121 121 121 121 122 123 123 123 123 123 124 NA NA NA NA NA NA NA NA NA NA NA NA NA NA NA NA NA NA NA NA NA NA NA NA NA NA NA NA NA NA NA NA NA NA NA NA NA NA NA NA NA NA NA NA NA NA NA NA NA NA NA NA NA NA NA
NA NA NA NA NA NA NA NA NA NA NA NA NA NA NA NA NA NA NA NA NA NA NA NA NA NA NA NA NA NA NA NA NA NA NA NA NA NA NA NA NA NA NA NA NA NA NA NA NA NA NA NA NA NA NA NA NA NA NA NA NA NA NA NA NA NA NA NA NA NA NA NA NA NA NA NA NA NA NA NA NA NA NA NA NA NA NA NA NA NA NA NA NA NA NA NA NA NA NA NA NA NA NA NA NA NA NA NA NA NA NA NA NA NA NA NA NA NA NA NA NA NA NA NA NA NA NA NA NA NA NA NA NA NA NA NA NA NA NA NA NA NA NA NA NA NA NA NA NA NA NA NA NA NA NA NA NA NA NA NA NA NA NA NA NA NA NA NA NA NA NA NA NA NA NA NA NA NA NA NA NA NA NA NA NA NA NA NA NA NA NA NA NA NA NA NA NA NA NA NA NA NA NA NA NA NA NA NA NA NA NA NA NA NA NA NA NA NA NA NA NA NA NA NA NA NA NA NA NA NA NA NA NA NA NA NA NA NA NA NA NA NA NA NA NA NA NA NA NA NA NA NA NA NA NA NA NA NA NA NA NA NA NA NA NA NA NA NA NA NA NA NA NA NA NA NA NA NA NA NA NA NA NA NA NA NA NA NA NA NA NA NA NA NA NA NA NA NA NA NA NA NA NA NA NA NA NA NA NA NA NA NA NA NA NA NA NA NA NA NA NA NA NA NA NA NA NA NA NA NA NA NA NA NA NA NA NA NA NA NA NA NA 111 111 112 112 112 113 113 112 112 112 112 113 113 113 113 113 113 114 114 114 114 114 114 114 114 114 114 114 114 115 115 115 115 115 115 115 115 115 115 116 116 116 117 117 117 117 118 118 118 118 118 118 118 118 119 119 118 118 119 119 119 119 120 120 120 121 121 121 121 121 121 122 122 122 121 122 122 122 122 122 121 122 121 121 121 122 121 121 121 121 121 121 122 122 122 122 121 121 121 122 122 123 123 123 123 123 123 NA NA NA NA NA NA NA NA NA NA NA NA NA NA NA NA NA NA NA NA NA NA NA NA NA NA NA NA NA NA NA NA NA NA NA NA NA NA NA NA NA NA NA NA NA NA NA NA NA NA NA NA NA NA
NA NA NA NA NA NA NA NA NA NA NA NA NA NA NA NA NA NA NA NA NA NA NA NA NA NA NA NA NA NA NA NA NA NA NA NA NA NA NA NA NA NA NA NA NA NA NA NA NA NA NA NA NA NA NA NA NA NA NA NA NA NA NA NA NA NA NA NA NA NA NA NA NA NA NA NA NA NA NA NA NA NA NA NA NA NA NA NA NA NA NA NA NA NA NA NA NA NA NA NA NA NA NA NA NA NA NA NA NA NA NA NA NA NA NA NA NA NA NA NA NA NA NA NA NA NA NA NA NA NA NA NA NA NA NA NA NA NA NA NA NA NA NA NA NA NA NA NA NA NA NA NA NA NA NA NA NA NA NA NA NA NA NA NA NA NA NA NA NA NA NA NA NA NA NA NA NA NA NA NA NA NA NA NA NA NA NA NA NA NA NA NA NA NA NA NA NA NA NA NA NA NA NA NA NA NA NA NA NA NA NA NA NA NA NA NA NA NA NA NA NA NA NA NA NA NA NA NA NA NA NA NA NA NA NA NA NA NA NA NA NA NA NA NA NA NA NA NA NA NA NA NA NA NA NA NA NA NA NA NA NA NA NA NA NA NA NA NA NA NA NA NA NA NA NA NA NA NA NA NA NA NA NA NA NA NA NA NA NA NA NA NA NA NA NA NA NA NA NA NA NA NA NA NA NA NA NA NA NA NA NA NA NA NA NA NA NA NA NA NA NA NA NA NA NA NA NA NA NA NA NA NA NA NA NA NA NA NA NA NA NA 111 111 111 111 112 112 113 112 112 112 112 112 113 113 113 113 113 113 114 113 114 114 114 114 114 114 114 114 114 114 115 115 115 115 115 115 115 115 116 116 116 116 116 117 117 118 118 118 119 118 118 118 118 118 118 119 118 118 118 119 119 119 119 119 120 120 121 122 122 121 121 121 121 122 122 121 122 122 122 122 122 122 122 122 122 122 121 121 122 122 122 122 122 122 122 122 121 121 121 121 122 122 123 122 123 123 123 123 NA NA NA NA NA NA NA NA NA NA NA NA NA NA NA NA NA NA NA NA NA NA NA NA NA NA NA NA NA NA NA NA NA NA NA NA NA NA NA NA NA NA NA NA NA NA NA NA NA NA NA NA NA NA
NA NA NA NA NA NA NA NA NA NA NA NA NA NA NA NA NA NA NA NA NA NA NA NA NA NA NA NA NA NA NA NA NA NA NA NA NA NA NA NA NA NA NA NA NA NA NA NA NA NA NA NA NA NA NA NA NA NA NA NA NA NA NA NA NA NA NA NA NA NA NA NA NA NA NA NA NA NA NA NA NA NA NA NA NA NA NA NA NA NA NA NA NA NA NA NA NA NA NA NA NA NA NA NA NA NA NA NA NA NA NA NA NA NA NA NA NA NA NA NA NA NA NA NA NA NA NA NA NA NA NA NA NA NA NA NA NA NA NA NA NA NA NA NA NA NA NA NA NA NA NA NA NA NA NA NA NA NA NA NA NA NA NA NA NA NA NA NA NA NA NA NA NA NA NA NA NA NA NA NA NA NA NA NA NA NA NA NA NA NA NA NA NA NA NA NA NA NA NA NA NA NA NA NA NA NA NA NA NA NA NA NA NA NA NA NA NA NA NA NA NA NA NA NA NA NA NA NA NA NA NA NA NA NA NA NA NA NA NA NA NA NA NA NA NA NA NA NA NA NA NA NA NA NA NA NA NA NA NA NA NA NA NA NA NA NA NA NA NA NA NA NA NA NA NA NA NA NA NA NA NA NA NA NA NA NA NA NA NA NA NA NA NA NA NA NA NA NA NA NA NA NA NA NA NA NA NA NA NA NA NA NA NA NA NA NA NA NA NA NA NA NA NA NA NA NA NA NA NA NA NA NA NA NA NA NA NA NA NA NA 111 111 111 112 111 111 112 112 112 112 112 112 113 113 113 113 113 113 113 113 113 114 114 114 114 114 114 114 114 114 114 115 115 115 115 115 115 115 115 115 115 116 116 116 117 117 118 118 118 118 118 119 119 119 119 119 118 119 119 119 119 119 119 119 119 120 121 121 121 122 122 122 121 122 122 121 121 122 122 122 122 122 121 121 121 121 121 121 122 122 123 123 122 122 121 121 121 121 121 121 121 121 122 122 122 123 123 123 NA NA NA NA NA NA NA NA NA NA NA NA NA NA NA NA NA NA NA NA NA NA NA NA NA NA NA NA NA NA NA NA NA NA NA NA NA NA NA NA NA NA NA NA NA NA NA NA NA NA NA NA NA NA NA
NA NA NA NA NA NA NA NA NA NA NA NA NA NA NA NA NA NA NA NA NA NA NA NA NA NA NA NA NA NA NA NA NA NA NA NA NA NA NA NA NA NA NA NA NA NA NA NA NA NA NA NA NA NA NA NA NA NA NA NA NA NA NA NA NA NA NA NA NA NA NA NA NA NA NA NA NA NA NA NA NA NA NA NA NA NA NA NA NA NA NA NA NA NA NA NA NA NA NA NA NA NA NA NA NA NA NA NA NA NA NA NA NA NA NA NA NA NA NA NA NA NA NA NA NA NA NA NA NA NA NA NA NA NA NA NA NA NA NA NA NA NA NA NA NA NA NA NA NA NA NA NA NA NA NA NA NA NA NA NA NA NA NA NA NA NA NA NA NA NA NA NA NA NA NA NA NA NA NA NA NA NA NA NA NA NA NA NA NA NA NA NA NA NA NA NA NA NA NA NA NA NA NA NA NA NA NA NA NA NA NA NA NA NA NA NA NA NA NA NA NA NA NA NA NA NA NA NA NA NA NA NA NA NA NA NA NA NA NA NA NA NA NA NA NA NA NA NA NA NA NA NA NA NA NA NA NA NA NA NA NA NA NA NA NA NA NA NA NA NA NA NA NA NA NA NA NA NA NA NA NA NA NA NA NA NA NA NA NA NA NA NA NA NA NA NA NA NA NA NA NA NA NA NA NA NA NA NA NA NA NA NA NA NA NA NA NA NA NA NA NA NA NA NA NA NA NA NA NA NA NA NA NA NA NA NA NA NA 111 111 111 111 111 111 111 111 111 112 112 112 112 112 113 113 113 113 113 113 113 113 113 113 114 114 114 114 114 114 114 114 114 115 115 115 114 115 115 115 115 115 116 116 116 116 117 117 118 117 118 118 118 118 119 119 120 119 119 119 119 119 119 119 119 120 120 120 121 121 121 121 122 122 122 122 122 122 122 122 122 122 122 121 122 121 122 122 122 121 122 122 122 123 123 122 122 121 121 121 121 121 121 121 122 122 123 123 123 NA NA NA NA NA NA NA NA NA NA NA NA NA NA NA NA NA NA NA NA NA NA NA NA NA NA NA NA NA NA NA NA NA NA NA NA NA NA NA NA NA NA NA NA NA NA NA NA NA NA NA NA NA NA NA NA
NA NA NA NA NA NA NA NA NA NA NA NA NA NA NA NA NA NA NA NA NA NA NA NA NA NA NA NA NA NA NA NA NA NA NA NA NA NA NA NA NA NA NA NA NA NA NA NA NA NA NA NA NA NA NA NA NA NA NA NA NA NA NA NA NA NA NA NA NA NA NA NA NA NA NA NA NA NA NA NA NA NA NA NA NA NA NA NA NA NA NA NA NA NA NA NA NA NA NA NA NA NA NA NA NA NA NA NA NA NA NA NA NA NA NA NA NA NA NA NA NA NA NA NA NA NA NA NA NA NA NA NA NA NA NA NA NA NA NA NA NA NA NA NA NA NA NA NA NA NA NA NA NA NA NA NA NA NA NA NA NA NA NA NA NA NA NA NA NA NA NA NA NA NA NA NA NA NA NA NA NA NA NA NA NA NA NA NA NA NA NA NA NA NA NA NA NA NA NA NA NA NA NA NA NA NA NA NA NA NA NA NA NA NA NA NA NA NA NA NA NA NA NA NA NA NA NA NA NA NA NA NA NA NA NA NA NA NA NA NA NA NA NA NA NA NA NA NA NA NA NA NA NA NA NA NA NA NA NA NA NA NA NA NA NA NA NA NA NA NA NA NA NA NA NA NA NA NA NA NA NA NA NA NA NA NA NA NA NA NA NA NA NA NA NA NA NA NA NA NA NA NA NA NA NA NA NA NA NA NA NA NA NA NA NA NA NA NA NA NA NA NA NA NA NA NA NA NA NA NA NA NA NA NA NA NA NA 111 111 111 111 111 111 111 111 111 111 112 112 112 112 112 113 113 113 113 113 113 113 113 113 113 113 113 113 114 114 114 114 114 114 114 114 115 114 114 115 115 115 115 115 115 116 116 117 118 117 117 118 119 119 119 119 119 119 120 120 120 119 119 120 120 120 120 121 121 121 121 120 121 121 121 122 122 122 122 122 122 122 122 122 121 121 122 122 122 121 121 122 122 123 122 122 121 121 121 121 121 121 121 121 121 122 122 123 123 123 NA NA NA NA NA NA NA NA NA NA NA NA NA NA NA NA NA NA NA NA NA NA NA NA NA NA NA NA NA NA NA NA NA NA NA NA NA NA NA NA NA NA NA NA NA NA NA NA NA NA NA NA NA NA NA NA
NA NA NA NA NA NA NA NA NA NA NA NA NA NA NA NA NA NA NA NA NA NA NA NA NA NA NA NA NA NA NA NA NA NA NA NA NA NA NA NA NA NA NA NA NA NA NA NA NA NA NA NA NA NA NA NA NA NA NA NA NA NA NA NA NA NA NA NA NA NA NA NA NA NA NA NA NA NA NA NA NA NA NA NA NA NA NA NA NA NA NA NA NA NA NA NA NA NA NA NA NA NA NA NA NA NA NA NA NA NA NA NA NA NA NA NA NA NA NA NA NA NA NA NA NA NA NA NA NA NA NA NA NA NA NA NA NA NA NA NA NA NA NA NA NA NA NA NA NA NA NA NA NA NA NA NA NA NA NA NA NA NA NA NA NA NA NA NA NA NA NA NA NA NA NA NA NA NA NA NA NA NA NA NA NA NA NA NA NA NA NA NA NA NA NA NA NA NA NA NA NA NA NA NA NA NA NA NA NA NA NA NA NA NA NA NA NA NA NA NA NA NA NA NA NA NA NA NA NA NA NA NA NA NA NA NA NA NA NA NA NA NA NA NA NA NA NA NA NA NA NA NA NA NA NA NA NA NA NA NA NA NA NA NA NA NA NA NA NA NA NA NA NA NA NA NA NA NA NA NA NA NA NA NA NA NA NA NA NA NA NA NA NA NA NA NA NA NA NA NA NA NA NA NA NA NA NA NA NA NA NA NA NA NA NA NA NA NA NA NA NA NA NA NA NA NA NA NA NA NA NA NA NA NA NA NA NA 111 111 111 111 111 111 111 112 111 111 111 112 112 112 112 112 112 112 113 113 113 113 113 113 113 113 113 113 113 114 114 114 114 114 114 114 115 115 115 115 115 116 115 115 116 116 117 117 118 117 117 117 118 118 118 119 120 120 120 119 119 120 120 120 121 121 121 120 120 121 121 120 121 121 121 121 121 121 122 122 122 122 122 121 121 121 122 122 122 122 122 122 122 122 122 121 121 121 121 121 121 121 121 122 121 122 122 122 122 123 NA NA NA NA NA NA NA NA NA NA NA NA NA NA NA NA NA NA NA NA NA NA NA NA NA NA NA NA NA NA NA NA NA NA NA NA NA NA NA NA NA NA NA NA NA NA NA NA NA NA NA NA NA NA NA NA
NA NA NA NA NA NA NA NA NA NA NA NA NA NA NA NA NA NA NA NA NA NA NA NA NA NA NA NA NA NA NA NA NA NA NA NA NA NA NA NA NA NA NA NA NA NA NA NA NA NA NA NA NA NA NA NA NA NA NA NA NA NA NA NA NA NA NA NA NA NA NA NA NA NA NA NA NA NA NA NA NA NA NA NA NA NA NA NA NA NA NA NA NA NA NA NA NA NA NA NA NA NA NA NA NA NA NA NA NA NA NA NA NA NA NA NA NA NA NA NA NA NA NA NA NA NA NA NA NA NA NA NA NA NA NA NA NA NA NA NA NA NA NA NA NA NA NA NA NA NA NA NA NA NA NA NA NA NA NA NA NA NA NA NA NA NA NA NA NA NA NA NA NA NA NA NA NA NA NA NA NA NA NA NA NA NA NA NA NA NA NA NA NA NA NA NA NA NA NA NA NA NA NA NA NA NA NA NA NA NA NA NA NA NA NA NA NA NA NA NA NA NA NA NA NA NA NA NA NA NA NA NA NA NA NA NA NA NA NA NA NA NA NA NA NA NA NA NA NA NA NA NA NA NA NA NA NA NA NA NA NA NA NA NA NA NA NA NA NA NA NA NA NA NA NA NA NA NA NA NA NA NA NA NA NA NA NA NA NA NA NA NA NA NA NA NA NA NA NA NA NA NA NA NA NA NA NA NA NA NA NA NA NA NA NA NA NA NA NA NA NA NA NA NA NA NA NA NA NA NA NA NA NA NA NA NA NA NA 111 111 111 111 111 111 111 111 111 111 112 112 112 112 112 112 112 112 113 113 113 113 113 113 113 113 113 113 113 114 114 114 114 114 114 115 115 115 115 115 116 116 116 116 116 116 117 118 117 117 117 117 117 117 118 119 120 120 120 119 119 120 120 120 120 121 121 120 121 121 120 121 121 120 121 121 122 122 122 122 121 121 121 121 122 122 122 122 122 122 123 122 122 122 122 121 121 121 121 121 121 121 121 121 122 122 122 122 123 NA NA NA NA NA NA NA NA NA NA NA NA NA NA NA NA NA NA NA NA NA NA NA NA NA NA NA NA NA NA NA NA NA NA NA NA NA NA NA NA NA NA NA NA NA NA NA NA NA NA NA NA NA NA NA NA
NA NA NA NA NA NA NA NA NA NA NA NA NA NA NA NA NA NA NA NA NA NA NA NA NA NA NA NA NA NA NA NA NA NA NA NA NA NA NA NA NA NA NA NA NA NA NA NA NA NA NA NA NA NA NA NA NA NA NA NA NA NA NA NA NA NA NA NA NA NA NA NA NA NA NA NA NA NA NA NA NA NA NA NA NA NA NA NA NA NA NA NA NA NA NA NA NA NA NA NA NA NA NA NA NA NA NA NA NA NA NA NA NA NA NA NA NA NA NA NA NA NA NA NA NA NA NA NA NA NA NA NA NA NA NA NA NA NA NA NA NA NA NA NA NA NA NA NA NA NA NA NA NA NA NA NA NA NA NA NA NA NA NA NA NA NA NA NA NA NA NA NA NA NA NA NA NA NA NA NA NA NA NA NA NA NA NA NA NA NA NA NA NA NA NA NA NA NA NA NA NA NA NA NA NA NA NA NA NA NA NA NA NA NA NA NA NA NA NA NA NA NA NA NA NA NA NA NA NA NA NA NA NA NA NA NA NA NA NA NA NA NA NA NA NA NA NA NA NA NA NA NA NA NA NA NA NA NA NA NA NA NA NA NA NA NA NA NA NA NA NA NA NA NA NA NA NA NA NA NA NA NA NA NA NA NA NA NA NA NA NA NA NA NA NA NA NA NA NA NA NA NA NA NA NA NA NA NA NA NA NA NA NA NA NA NA NA NA NA NA NA NA NA NA NA NA NA NA NA NA NA NA NA NA NA NA NA NA NA 111 111 111 111 111 111 111 111 111 112 112 112 112 112 112 112 112 113 113 113 113 113 113 113 113 113 113 113 114 114 114 114 114 114 114 115 115 115 115 115 116 116 116 116 116 117 117 117 116 117 117 117 117 118 118 119 119 119 119 119 120 120 120 120 120 120 120 120 120 120 121 121 120 120 121 121 121 122 122 122 121 121 121 122 122 123 123 122 123 123 123 122 122 121 120 121 121 121 121 121 122 122 122 122 122 122 122 NA NA NA NA NA NA NA NA NA NA NA NA NA NA NA NA NA NA NA NA NA NA NA NA NA NA NA NA NA NA NA NA NA NA NA NA NA NA NA NA NA NA NA NA NA NA NA NA NA NA NA NA NA NA NA NA NA
NA NA NA NA NA NA NA NA NA NA NA NA NA NA NA NA NA NA NA NA NA NA NA NA NA NA NA NA NA NA NA NA NA NA NA NA NA NA NA NA NA NA NA NA NA NA NA NA NA NA NA NA NA NA NA NA NA NA NA NA NA NA NA NA NA NA NA NA NA NA NA NA NA NA NA NA NA NA NA NA NA NA NA NA NA NA NA NA NA NA NA NA NA NA NA NA NA NA NA NA NA NA NA NA NA NA NA NA NA NA NA NA NA NA NA NA NA NA NA NA NA NA NA NA NA NA NA NA NA NA NA NA NA NA NA NA NA NA NA NA NA NA NA NA NA NA NA NA NA NA NA NA NA NA NA NA NA NA NA NA NA NA NA NA NA NA NA NA NA NA NA NA NA NA NA NA NA NA NA NA NA NA NA NA NA NA NA NA NA NA NA NA NA NA NA NA NA NA NA NA NA NA NA NA NA NA NA NA NA NA NA NA NA NA NA NA NA NA NA NA NA NA NA NA NA NA NA NA NA NA NA NA NA NA NA NA NA NA NA NA NA NA NA NA NA NA NA NA NA NA NA NA NA NA NA NA NA NA NA NA NA NA NA NA NA NA NA NA NA NA NA NA NA NA NA NA NA NA NA NA NA NA NA NA NA NA NA NA NA NA NA NA NA NA NA NA NA NA NA NA NA NA NA NA NA NA NA NA NA NA NA NA NA NA NA NA NA NA NA NA NA NA NA NA NA NA NA NA NA NA NA NA NA NA NA NA NA NA 111 111 111 111 111 111 111 111 111 111 112 112 112 112 112 112 112 112 112 113 113 113 112 113 113 113 113 113 113 113 114 114 114 114 114 114 115 115 115 115 115 115 115 116 116 116 116 116 116 116 117 118 118 118 119 119 119 120 120 119 119 119 120 120 119 120 120 120 120 120 120 120 120 120 120 120 120 121 121 121 121 122 122 122 122 123 123 123 123 123 123 123 122 121 121 121 121 121 121 121 121 121 121 121 122 122 121 122 NA NA NA NA NA NA NA NA NA NA NA NA NA NA NA NA NA NA NA NA NA NA NA NA NA NA NA NA NA NA NA NA NA NA NA NA NA NA NA NA NA NA NA NA NA NA NA NA NA NA NA NA NA NA NA NA NA
NA NA NA NA NA NA NA NA NA NA NA NA NA NA NA NA NA NA NA NA NA NA NA NA NA NA NA NA NA NA NA NA NA NA NA NA NA NA NA NA NA NA NA NA NA NA NA NA NA NA NA NA NA NA NA NA NA NA NA NA NA NA NA NA NA NA NA NA NA NA NA NA NA NA NA NA NA NA NA NA NA NA NA NA NA NA NA NA NA NA NA NA NA NA NA NA NA NA NA NA NA NA NA NA NA NA NA NA NA NA NA NA NA NA NA NA NA NA NA NA NA NA NA NA NA NA NA NA NA NA NA NA NA NA NA NA NA NA NA NA NA NA NA NA NA NA NA NA NA NA NA NA NA NA NA NA NA NA NA NA NA NA NA NA NA NA NA NA NA NA NA NA NA NA NA NA NA NA NA NA NA NA NA NA NA NA NA NA NA NA NA NA NA NA NA NA NA NA NA NA NA NA NA NA NA NA NA NA NA NA NA NA NA NA NA NA NA NA NA NA NA NA NA NA NA NA NA NA NA NA NA NA NA NA NA NA NA NA NA NA NA NA NA NA NA NA NA NA NA NA NA NA NA NA NA NA NA NA NA NA NA NA NA NA NA NA NA NA NA NA NA NA NA NA NA NA NA NA NA NA NA NA NA NA NA NA NA NA NA NA NA NA NA NA NA NA NA NA NA NA NA NA NA NA NA NA NA NA NA NA NA NA NA NA NA NA NA NA NA NA NA NA NA NA NA NA NA NA NA NA NA NA NA NA NA NA NA NA NA NA 111 111 111 111 111 111 111 111 111 112 112 112 112 112 112 112 112 112 113 112 112 113 113 113 113 113 113 113 114 114 114 114 114 115 115 115 115 115 115 115 115 116 116 116 116 116 116 116 117 117 117 117 118 119 119 118 119 119 119 119 119 119 119 120 120 120 120 120 120 120 120 121 121 121 121 120 121 121 122 122 122 122 122 122 122 122 122 123 122 122 122 122 122 122 121 121 121 121 121 120 120 121 121 122 122 NA NA NA NA NA NA NA NA NA NA NA NA NA NA NA NA NA NA NA NA NA NA NA NA NA NA NA NA NA NA NA NA NA NA NA NA NA NA NA NA NA NA NA NA NA NA NA NA NA NA NA NA NA NA NA NA NA NA
NA NA NA NA NA NA NA NA NA NA NA NA NA NA NA NA NA NA NA NA NA NA NA NA NA NA NA NA NA NA NA NA NA NA NA NA NA NA NA NA NA NA NA NA NA NA NA NA NA NA NA NA NA NA NA NA NA NA NA NA NA NA NA NA NA NA NA NA NA NA NA NA NA NA NA NA NA NA NA NA NA NA NA NA NA NA NA NA NA NA NA NA NA NA NA NA NA NA NA NA NA NA NA NA NA NA NA NA NA NA NA NA NA NA NA NA NA NA NA NA NA NA NA NA NA NA NA NA NA NA NA NA NA NA NA NA NA NA NA NA NA NA NA NA NA NA NA NA NA NA NA NA NA NA NA NA NA NA NA NA NA NA NA NA NA NA NA NA NA NA NA NA NA NA NA NA NA NA NA NA NA NA NA NA NA NA NA NA NA NA NA NA NA NA NA NA NA NA NA NA NA NA NA NA NA NA NA NA NA NA NA NA NA NA NA NA NA NA NA NA NA NA NA NA NA NA NA NA NA NA NA NA NA NA NA NA NA NA NA NA NA NA NA NA NA NA NA NA NA NA NA NA NA NA NA NA NA NA NA NA NA NA NA NA NA NA NA NA NA NA NA NA NA NA NA NA NA NA NA NA NA NA NA NA NA NA NA NA NA NA NA NA NA NA NA NA NA NA NA NA NA NA NA NA NA NA NA NA NA NA NA NA NA NA NA NA NA NA NA NA NA NA NA NA NA NA NA NA NA NA NA NA NA NA NA NA NA NA 111 111 111 111 111 111 111 111 111 111 111 112 112 112 112 112 112 112 112 112 112 112 113 113 113 113 113 113 113 113 113 114 114 114 114 114 114 115 115 115 115 115 115 115 115 115 116 116 116 116 116 116 116 117 118 118 118 117 118 118 119 119 118 118 119 119 119 119 120 120 120 120 120 120 120 121 121 121 121 121 122 122 122 122 122 121 122 122 122 122 122 122 122 122 122 122 121 120 120 120 120 121 121 121 122 122 122 NA NA NA NA NA NA NA NA NA NA NA NA NA NA NA NA NA NA NA NA NA NA NA NA NA NA NA NA NA NA NA NA NA NA NA NA NA NA NA NA NA NA NA NA NA NA NA NA NA NA NA NA NA NA NA NA NA NA
NA NA NA NA NA NA NA NA NA NA NA NA NA NA NA NA NA NA NA NA NA NA NA NA NA NA NA NA NA NA NA NA NA NA NA NA NA NA NA NA NA NA NA NA NA NA NA NA NA NA NA NA NA NA NA NA NA NA NA NA NA NA NA NA NA NA NA NA NA NA NA NA NA NA NA NA NA NA NA NA NA NA NA NA NA NA NA NA NA NA NA NA NA NA NA NA NA NA NA NA NA NA NA NA NA NA NA NA NA NA NA NA NA NA NA NA NA NA NA NA NA NA NA NA NA NA NA NA NA NA NA NA NA NA NA NA NA NA NA NA NA NA NA NA NA NA NA NA NA NA NA NA NA NA NA NA NA NA NA NA NA NA NA NA NA NA NA NA NA NA NA NA NA NA NA NA NA NA NA NA NA NA NA NA NA NA NA NA NA NA NA NA NA NA NA NA NA NA NA NA NA NA NA NA NA NA NA NA NA NA NA NA NA NA NA NA NA NA NA NA NA NA NA NA NA NA NA NA NA NA NA NA NA NA NA NA NA NA NA NA NA NA NA NA NA NA NA NA NA NA NA NA NA NA NA NA NA NA NA NA NA NA NA NA NA NA NA NA NA NA NA NA NA NA NA NA NA NA NA NA NA NA NA NA NA NA NA NA NA NA NA NA NA NA NA NA NA NA NA NA NA NA NA NA NA NA NA NA NA NA NA NA NA NA NA NA NA NA NA NA NA NA NA NA NA NA NA NA NA NA NA NA NA NA NA NA NA NA 111 110 110 110 111 111 111 111 111 111 112 112 112 112 112 112 112 112 112 112 113 112 113 113 113 113 113 113 113 113 113 113 114 114 114 114 114 115 115 115 115 115 115 115 115 115 116 115 116 116 116 116 116 117 118 117 117 117 117 117 118 118 118 119 119 120 120 120 120 120 120 120 121 120 120 121 121 121 121 121 121 122 122 122 121 121 121 121 121 121 121 121 121 121 121 122 121 120 120 120 121 122 121 NA NA 122 NA NA NA NA NA NA NA NA NA NA NA NA NA NA NA NA NA NA NA NA NA NA NA NA NA NA NA NA NA NA NA NA NA NA NA NA NA NA NA NA NA NA NA NA NA NA NA NA NA NA NA NA NA NA NA NA NA NA NA
NA NA NA NA NA NA NA NA NA NA NA NA NA NA NA NA NA NA NA NA NA NA NA NA NA NA NA NA NA NA NA NA NA NA NA NA NA NA NA NA NA NA NA NA NA NA NA NA NA NA NA NA NA NA NA NA NA NA NA NA NA NA NA NA NA NA NA NA NA NA NA NA NA NA NA NA NA NA NA NA NA NA NA NA NA NA NA NA NA NA NA NA NA NA NA NA NA NA NA NA NA NA NA NA NA NA NA NA NA NA NA NA NA NA NA NA NA NA NA NA NA NA NA NA NA NA NA NA NA NA NA NA NA NA NA NA NA NA NA NA NA NA NA NA NA NA NA NA NA NA NA NA NA NA NA NA NA NA NA NA NA NA NA NA NA NA NA NA NA NA NA NA NA NA NA NA NA NA NA NA NA NA NA NA NA NA NA NA NA NA NA NA NA NA NA NA NA NA NA NA NA NA NA NA NA NA NA NA NA NA NA NA NA NA NA NA NA NA NA NA NA NA NA NA NA NA NA NA NA NA NA NA NA NA NA NA NA NA NA NA NA NA NA NA NA NA NA NA NA NA NA NA NA NA NA NA NA NA NA NA NA NA NA NA NA NA NA NA NA NA NA NA NA NA NA NA NA NA NA NA NA NA NA NA NA NA NA NA NA NA NA NA NA NA NA NA NA NA NA NA NA NA NA NA NA NA NA NA NA NA NA NA NA NA NA NA NA NA NA NA NA NA NA NA NA NA NA NA NA NA NA NA NA NA NA NA NA 111 110 110 110 110 110 111 111 111 111 111 111 112 112 112 112 112 112 112 112 112 113 113 113 113 113 113 113 113 113 113 113 113 114 114 114 114 114 114 115 114 114 114 114 114 114 115 115 115 115 115 115 115 116 116 117 117 116 117 117 117 118 118 119 118 119 120 120 120 120 120 120 120 120 121 120 120 121 121 121 121 121 122 122 121 121 122 122 122 121 122 121 121 121 120 121 121 121 120 120 121 121 121 NA NA NA NA NA NA NA NA NA NA NA NA NA NA NA NA NA NA NA NA NA NA NA NA NA NA NA NA NA NA NA NA NA NA NA NA NA NA NA NA NA NA NA NA NA NA NA NA NA NA NA NA NA NA NA NA NA NA NA NA NA NA NA
NA NA NA NA NA NA NA NA NA NA NA NA NA NA NA NA NA NA NA NA NA NA NA NA NA NA NA NA NA NA NA NA NA NA NA NA NA NA NA NA NA NA NA NA NA NA NA NA NA NA NA NA NA NA NA NA NA NA NA NA NA NA NA NA NA NA NA NA NA NA NA NA NA NA NA NA NA NA NA NA NA NA NA NA NA NA NA NA NA NA NA NA NA NA NA NA NA NA NA NA NA NA NA NA NA NA NA NA NA NA NA NA NA NA NA NA NA NA NA NA NA NA NA NA NA NA NA NA NA NA NA NA NA NA NA NA NA NA NA NA NA NA NA NA NA NA NA NA NA NA NA NA NA NA NA NA NA NA NA NA NA NA NA NA NA NA NA NA NA NA NA NA NA NA NA NA NA NA NA NA NA NA NA NA NA NA NA NA NA NA NA NA NA NA NA NA NA NA NA NA NA NA NA NA NA NA NA NA NA NA NA NA NA NA NA NA NA NA NA NA NA NA NA NA NA NA NA NA NA NA NA NA NA NA NA NA NA NA NA NA NA NA NA NA NA NA NA NA NA NA NA NA NA NA NA NA NA NA NA NA NA NA NA NA NA NA NA NA NA NA NA NA NA NA NA NA NA NA NA NA NA NA NA NA NA NA NA NA NA NA NA NA NA NA NA NA NA NA NA NA NA NA NA NA NA NA NA NA NA NA NA NA NA NA NA NA NA NA NA NA NA NA NA NA NA NA NA NA NA NA NA NA 109 109 NA NA NA 110 110 110 110 110 110 111 111 111 111 111 111 111 112 112 112 112 112 112 112 113 113 113 113 113 113 113 113 113 113 113 113 113 113 114 114 114 114 114 114 114 114 114 114 114 114 115 115 115 115 115 115 115 115 116 117 117 116 117 117 118 118 119 119 119 119 120 120 120 120 120 120 120 120 121 120 120 120 121 121 122 121 122 122 122 122 122 122 122 122 122 122 122 122 121 121 121 121 120 121 121 122 NA NA NA NA NA NA NA NA NA NA NA NA NA NA NA NA NA NA NA NA NA NA NA NA NA NA NA NA NA NA NA NA NA NA NA NA NA NA NA NA NA NA NA NA NA NA NA NA NA NA NA NA NA NA NA NA NA NA NA NA NA NA NA NA
NA NA NA NA NA NA NA NA NA NA NA NA NA NA NA NA NA NA NA NA NA NA NA NA NA NA NA NA NA NA NA NA NA NA NA NA NA NA NA NA NA NA NA NA NA NA NA NA NA NA NA NA NA NA NA NA NA NA NA NA NA NA NA NA NA NA NA NA NA NA NA NA NA NA NA NA NA NA NA NA NA NA NA NA NA NA NA NA NA NA NA NA NA NA NA NA NA NA NA NA NA NA NA NA NA NA NA NA NA NA NA NA NA NA NA NA NA NA NA NA NA NA NA NA NA NA NA NA NA NA NA NA NA NA NA NA NA NA NA NA NA NA NA NA NA NA NA NA NA NA NA NA NA NA NA NA NA NA NA NA NA NA NA NA NA NA NA NA NA NA NA NA NA NA NA NA NA NA NA NA NA NA NA NA NA NA NA NA NA NA NA NA NA NA NA NA NA NA NA NA NA NA NA NA NA NA NA NA NA NA NA NA NA NA NA NA NA NA NA NA NA NA NA NA NA NA NA NA NA NA NA NA NA NA NA NA NA NA NA NA NA NA NA NA NA NA NA NA NA NA NA NA NA NA NA NA NA NA NA NA NA NA NA NA NA NA NA NA NA NA NA NA NA NA NA NA NA NA NA NA NA NA NA NA NA NA NA NA NA NA NA NA NA NA NA NA NA NA NA NA NA NA NA NA NA NA NA NA NA NA NA NA NA NA NA NA NA NA NA NA NA NA NA NA NA NA NA NA NA NA NA 109 110 109 110 110 110 110 110 110 110 110 111 111 111 111 111 111 111 111 111 111 112 112 112 112 113 113 113 113 113 113 112 112 112 113 113 113 113 113 113 114 114 114 114 114 114 114 114 114 114 115 115 115 115 115 116 116 116 116 115 115 116 116 117 118 118 117 118 119 119 119 119 120 120 120 120 121 120 120 121 121 120 120 120 121 NA NA 122 122 122 121 121 122 122 122 121 121 120 121 121 121 121 121 120 121 122 122 NA NA NA NA NA NA NA NA NA NA NA NA NA NA NA NA NA NA NA NA NA NA NA NA NA NA NA NA NA NA NA NA NA NA NA NA NA NA NA NA NA NA NA NA NA NA NA NA NA NA NA NA NA NA NA NA NA NA NA NA NA NA NA NA NA
NA NA NA NA NA NA NA NA NA NA NA NA NA NA NA NA NA NA NA NA NA NA NA NA NA NA NA NA NA NA NA NA NA NA NA NA NA NA NA NA NA NA NA NA NA NA NA NA NA NA NA NA NA NA NA NA NA NA NA NA NA NA NA NA NA NA NA NA NA NA NA NA NA NA NA NA NA NA NA NA NA NA NA NA NA NA NA NA NA NA NA NA NA NA NA NA NA NA NA NA NA NA NA NA NA NA NA NA NA NA NA NA NA NA NA NA NA NA NA NA NA NA NA NA NA NA NA NA NA NA NA NA NA NA NA NA NA NA NA NA NA NA NA NA NA NA NA NA NA NA NA NA NA NA NA NA NA NA NA NA NA NA NA NA NA NA NA NA NA NA NA NA NA NA NA NA NA NA NA NA NA NA NA NA NA NA NA NA NA NA NA NA NA NA NA NA NA NA NA NA NA NA NA NA NA NA NA NA NA NA NA NA NA NA NA NA NA NA NA NA NA NA NA NA NA NA NA NA NA NA NA NA NA NA NA NA NA NA NA NA NA NA NA NA NA NA NA NA NA NA NA NA NA NA NA NA NA NA NA NA NA NA NA NA NA NA NA NA NA NA NA NA NA NA NA NA NA NA NA NA NA NA NA NA NA NA NA NA NA NA NA NA NA NA NA NA NA NA NA NA NA NA NA NA NA NA NA NA NA NA NA NA NA NA NA NA NA NA NA NA NA NA NA NA NA NA 110 110 110 110 110 110 109 110 110 110 110 110 110 110 111 110 111 111 111 111 111 111 111 111 111 111 112 112 112 112 112 113 113 113 113 113 112 112 112 112 113 113 113 113 114 114 114 114 114 114 114 114 114 114 115 115 115 115 115 115 115 116 116 116 115 115 116 116 117 118 118 118 118 118 118 119 120 120 120 120 120 120 120 120 120 121 121 NA 120 NA NA NA 121 121 122 122 121 121 121 121 121 120 120 120 120 120 120 120 121 121 122 NA NA NA NA NA NA NA NA NA NA NA NA NA NA NA NA NA NA NA NA NA NA NA NA NA NA NA NA NA NA NA NA NA NA NA NA NA NA NA NA NA NA NA NA NA NA NA NA NA NA NA NA NA NA NA NA NA NA NA NA NA NA NA NA NA NA
NA NA NA NA NA NA NA NA NA NA NA NA NA NA NA NA NA NA NA NA NA NA NA NA NA NA NA NA NA NA NA NA NA NA NA NA NA NA NA NA NA NA NA NA NA NA NA NA NA NA NA NA NA NA NA NA NA NA NA NA NA NA NA NA NA NA NA NA NA NA NA NA NA NA NA NA NA NA NA NA NA NA NA NA NA NA NA NA NA NA NA NA NA NA NA NA NA NA NA NA NA NA NA NA NA NA NA NA NA NA NA NA NA NA NA NA NA NA NA NA NA NA NA NA NA NA NA NA NA NA NA NA NA NA NA NA NA NA NA NA NA NA NA NA NA NA NA NA NA NA NA NA NA NA NA NA NA NA NA NA NA NA NA NA NA NA NA NA NA NA NA NA NA NA NA NA NA NA NA NA NA NA NA NA NA NA NA NA NA NA NA NA NA NA NA NA NA NA NA NA NA NA NA NA NA NA NA NA NA NA NA NA NA NA NA NA NA NA NA NA NA NA NA NA NA NA NA NA NA NA NA NA NA NA NA NA NA NA NA NA NA NA NA NA NA NA NA NA NA NA NA NA NA NA NA NA NA NA NA NA NA NA NA NA NA NA NA NA NA NA NA NA NA NA NA NA NA NA NA NA NA NA NA NA NA NA NA NA NA NA NA NA NA NA NA NA NA NA NA NA NA NA NA NA NA NA NA NA NA NA NA NA NA NA NA NA NA NA NA NA NA NA NA NA NA NA 110 110 110 110 110 110 109 110 109 110 109 110 110 110 110 111 110 110 111 111 111 111 111 111 111 111 111 111 112 112 112 113 113 112 112 112 112 112 112 113 113 113 113 114 114 114 114 114 113 114 114 114 115 115 115 116 116 115 116 115 116 116 116 116 116 116 116 116 116 117 117 117 118 118 118 119 119 120 120 120 120 120 120 120 121 121 NA NA NA NA NA 121 120 120 121 121 121 121 120 121 121 121 120 120 120 120 120 120 121 121 121 NA NA NA NA NA NA NA NA NA NA NA NA NA NA NA NA NA NA NA NA NA NA NA NA NA NA NA NA NA NA NA NA NA NA NA NA NA NA NA NA NA NA NA NA NA NA NA NA NA NA NA NA NA NA NA NA NA NA NA NA NA NA NA NA NA NA
NA NA NA NA NA NA NA NA NA NA NA NA NA NA NA NA NA NA NA NA NA NA NA NA NA NA NA NA NA NA NA NA NA NA NA NA NA NA NA NA NA NA NA NA NA NA NA NA NA NA NA NA NA NA NA NA NA NA NA NA NA NA NA NA NA NA NA NA NA NA NA NA NA NA NA NA NA NA NA NA NA NA NA NA NA NA NA NA NA NA NA NA NA NA NA NA NA NA NA NA NA NA NA NA NA NA NA NA NA NA NA NA NA NA NA NA NA NA NA NA NA NA NA NA NA NA NA NA NA NA NA NA NA NA NA NA NA NA NA NA NA NA NA NA NA NA NA NA NA NA NA NA NA NA NA NA NA NA NA NA NA NA NA NA NA NA NA NA NA NA NA NA NA NA NA NA NA NA NA NA NA NA NA NA NA NA NA NA NA NA NA NA NA NA NA NA NA NA NA NA NA NA NA NA NA NA NA NA NA NA NA NA NA NA NA NA NA NA NA NA NA NA NA NA NA NA NA NA NA NA NA NA NA NA NA NA NA NA NA NA NA NA NA NA NA NA NA NA NA NA NA NA NA NA NA NA NA NA NA NA NA NA NA NA NA NA NA NA NA NA NA NA NA NA NA NA NA NA NA NA NA NA NA NA NA NA NA NA NA NA NA NA NA NA NA NA NA NA NA NA NA NA NA NA NA NA NA NA NA NA NA NA NA NA NA NA NA NA NA NA NA NA NA NA NA 109 110 110 110 110 109 109 110 110 110 110 109 109 110 110 110 110 110 110 110 110 111 111 111 111 111 111 112 112 112 112 112 112 112 112 112 112 112 112 112 113 113 113 113 113 113 113 113 113 113 113 114 115 115 115 115 116 116 116 116 116 116 116 116 116 116 116 116 116 117 117 117 117 117 118 119 119 119 120 120 120 120 120 120 120 120 NA NA NA NA NA NA NA 120 120 120 120 121 120 120 120 121 121 120 120 120 121 121 121 121 121 121 NA NA NA NA NA NA NA NA NA NA NA NA NA NA NA NA NA NA NA NA NA NA NA NA NA NA NA NA NA NA NA NA NA NA NA NA NA NA NA NA NA NA NA NA NA NA NA NA NA NA NA NA NA NA NA NA NA NA NA NA NA NA NA NA NA NA
NA NA NA NA NA NA NA NA NA NA NA NA NA NA NA NA NA NA NA NA NA NA NA NA NA NA NA NA NA NA NA NA NA NA NA NA NA NA NA NA NA NA NA NA NA NA NA NA NA NA NA NA NA NA NA NA NA NA NA NA NA NA NA NA NA NA NA NA NA NA NA NA NA NA NA NA NA NA NA NA NA NA NA NA NA NA NA NA NA NA NA NA NA NA NA NA NA NA NA NA NA NA NA NA NA NA NA NA NA NA NA NA NA NA NA NA NA NA NA NA NA NA NA NA NA NA NA NA NA NA NA NA NA NA NA NA NA NA NA NA NA NA NA NA NA NA NA NA NA NA NA NA NA NA NA NA NA NA NA NA NA NA NA NA NA NA NA NA NA NA NA NA NA NA NA NA NA NA NA NA NA NA NA NA NA NA NA NA NA NA NA NA NA NA NA NA NA NA NA NA NA NA NA NA NA NA NA NA NA NA NA NA NA NA NA NA NA NA NA NA NA NA NA NA NA NA NA NA NA NA NA NA NA NA NA NA NA NA NA NA NA NA NA NA NA NA NA NA NA NA NA NA NA NA NA NA NA NA NA NA NA NA NA NA NA NA NA NA NA NA NA NA NA NA NA NA NA NA NA NA NA NA NA NA NA NA NA NA NA NA NA NA NA NA NA NA NA NA NA NA NA NA NA NA NA NA NA NA NA NA NA NA NA NA NA NA NA NA NA NA NA NA NA NA NA 108 109 109 109 109 109 110 110 110 110 110 109 109 109 110 110 110 110 110 110 110 111 111 111 111 111 111 111 111 111 112 112 112 112 112 112 112 112 112 113 113 113 113 113 113 113 112 113 113 NA NA NA 114 115 115 115 116 116 116 117 116 116 117 116 116 117 116 116 116 116 117 118 117 117 118 118 119 119 120 120 NA NA 119 NA 119 NA NA NA NA NA NA NA NA NA 120 120 121 120 120 120 120 120 120 120 120 121 121 121 121 121 121 122 NA NA NA NA NA NA NA NA NA NA NA NA NA NA NA NA NA NA NA NA NA NA NA NA NA NA NA NA NA NA NA NA NA NA NA NA NA NA NA NA NA NA NA NA NA NA NA NA NA NA NA NA NA NA NA NA NA NA NA NA NA NA NA NA NA NA
NA NA NA NA NA NA NA NA NA NA NA NA NA NA NA NA NA NA NA NA NA NA NA NA NA NA NA NA NA NA NA NA NA NA NA NA NA NA NA NA NA NA NA NA NA NA NA NA NA NA NA NA NA NA NA NA NA NA NA NA NA NA NA NA NA NA NA NA NA NA NA NA NA NA NA NA NA NA NA NA NA NA NA NA NA NA NA NA NA NA NA NA NA NA NA NA NA NA NA NA NA NA NA NA NA NA NA NA NA NA NA NA NA NA NA NA NA NA NA NA NA NA NA NA NA NA NA NA NA NA NA NA NA NA NA NA NA NA NA NA NA NA NA NA NA NA NA NA NA NA NA NA NA NA NA NA NA NA NA NA NA NA NA NA NA NA NA NA NA NA NA NA NA NA NA NA NA NA NA NA NA NA NA NA NA NA NA NA NA NA NA NA NA NA NA NA NA NA NA NA NA NA NA NA NA NA NA NA NA NA NA NA NA NA NA NA NA NA NA NA NA NA NA NA NA NA NA NA NA NA NA NA NA NA NA NA NA NA NA NA NA NA NA NA NA NA NA NA NA NA NA NA NA NA NA NA NA NA NA NA NA NA NA NA NA NA NA NA NA NA NA NA NA NA NA NA NA NA NA NA NA NA NA NA NA NA NA NA NA NA NA NA NA NA NA NA NA NA NA NA NA NA NA NA NA NA NA NA NA NA NA NA NA NA NA NA NA NA NA NA NA NA NA NA NA 108 109 109 109 109 109 109 109 110 110 110 109 109 109 109 109 109 110 110 110 111 111 111 111 111 111 111 111 111 111 112 112 112 112 112 112 112 112 112 112 113 113 113 113 112 112 113 113 114 NA NA NA NA NA 114 115 115 116 115 116 117 117 116 116 116 116 116 116 116 116 116 117 117 117 117 118 118 118 119 NA NA NA NA NA NA NA NA NA NA NA NA NA NA NA NA NA 120 121 121 121 121 121 121 121 121 NA NA NA 121 121 NA NA NA NA NA NA NA NA NA NA NA NA NA NA NA NA NA NA NA NA NA NA NA NA NA NA NA NA NA NA NA NA NA NA NA NA NA NA NA NA NA NA NA NA NA NA NA NA NA NA NA NA NA NA NA NA NA NA NA NA NA NA NA NA NA NA NA NA
NA NA NA NA NA NA NA NA NA NA NA NA NA NA NA NA NA NA NA NA NA NA NA NA NA NA NA NA NA NA NA NA NA NA NA NA NA NA NA NA NA NA NA NA NA NA NA NA NA NA NA NA NA NA NA NA NA NA NA NA NA NA NA NA NA NA NA NA NA NA NA NA NA NA NA NA NA NA NA NA NA NA NA NA NA NA NA NA NA NA NA NA NA NA NA NA NA NA NA NA NA NA NA NA NA NA NA NA NA NA NA NA NA NA NA NA NA NA NA NA NA NA NA NA NA NA NA NA NA NA NA NA NA NA NA NA NA NA NA NA NA NA NA NA NA NA NA NA NA NA NA NA NA NA NA NA NA NA NA NA NA NA NA NA NA NA NA NA NA NA NA NA NA NA NA NA NA NA NA NA NA NA NA NA NA NA NA NA NA NA NA NA NA NA NA NA NA NA NA NA NA NA NA NA NA NA NA NA NA NA NA NA NA NA NA NA NA NA NA NA NA NA NA NA NA NA NA NA NA NA NA NA NA NA NA NA NA NA NA NA NA NA NA NA NA NA NA NA NA NA NA NA NA NA NA NA NA NA NA NA NA NA NA NA NA NA NA NA NA NA NA NA NA NA NA NA NA NA NA NA NA NA NA NA NA NA NA NA NA NA NA NA NA NA NA NA NA NA NA NA NA NA NA NA NA NA NA NA NA NA NA NA NA NA NA NA NA NA NA NA NA NA NA NA NA NA 108 109 109 109 109 109 109 110 110 110 109 109 109 109 109 109 110 110 110 111 111 111 111 111 111 111 111 111 111 112 112 112 112 112 112 112 NA NA NA 112 112 112 112 112 113 113 113 114 NA NA NA NA NA NA NA NA 115 115 116 116 117 116 116 116 117 116 116 116 116 116 117 117 117 NA 117 118 118 NA NA NA NA NA NA NA NA NA NA NA NA NA NA NA NA NA NA NA 120 121 121 121 NA NA NA NA NA NA NA NA NA NA NA NA NA NA NA NA NA NA NA NA NA NA NA NA NA NA NA NA NA NA NA NA NA NA NA NA NA NA NA NA NA NA NA NA NA NA NA NA NA NA NA NA NA NA NA NA NA NA NA NA NA NA NA NA NA NA NA NA NA NA NA NA NA NA NA NA NA
NA NA NA NA NA NA NA NA NA NA NA NA NA NA NA NA NA NA NA NA NA NA NA NA NA NA NA NA NA NA NA NA NA NA NA NA NA NA NA NA NA NA NA NA NA NA NA NA NA NA NA NA NA NA NA NA NA NA NA NA NA NA NA NA NA NA NA NA NA NA NA NA NA NA NA NA NA NA NA NA NA NA NA NA NA NA NA NA NA NA NA NA NA NA NA NA NA NA NA NA NA NA NA NA NA NA NA NA NA NA NA NA NA NA NA NA NA NA NA NA NA NA NA NA NA NA NA NA NA NA NA NA NA NA NA NA NA NA NA NA NA NA NA NA NA NA NA NA NA NA NA NA NA NA NA NA NA NA NA NA NA NA NA NA NA NA NA NA NA NA NA NA NA NA NA NA NA NA NA NA NA NA NA NA NA NA NA NA NA NA NA NA NA NA NA NA NA NA NA NA NA NA NA NA NA NA NA NA NA NA NA NA NA NA NA NA NA NA NA NA NA NA NA NA NA NA NA NA NA NA NA NA NA NA NA NA NA NA NA NA NA NA NA NA NA NA NA NA NA NA NA NA NA NA NA NA NA NA NA NA NA NA NA NA NA NA NA NA NA NA NA NA NA NA NA NA NA NA NA NA NA NA NA NA NA NA NA NA NA NA NA NA NA NA NA NA NA NA NA NA NA NA NA NA NA NA NA NA NA NA NA NA NA NA NA NA NA NA NA NA NA NA NA NA NA NA NA 109 NA 109 109 109 109 110 110 110 109 109 109 109 109 109 110 110 110 110 111 111 111 111 111 111 111 111 111 111 112 112 112 112 112 111 NA NA NA NA 112 112 112 112 113 113 114 115 NA NA NA NA NA NA NA NA NA 115 115 116 116 116 117 117 116 116 116 116 116 116 NA 117 117 NA NA NA NA NA NA NA NA NA NA NA NA NA NA NA NA NA NA NA NA NA NA NA NA NA NA NA NA NA NA NA NA NA NA NA NA NA NA NA NA NA NA NA NA NA NA NA NA NA NA NA NA NA NA NA NA NA NA NA NA NA NA NA NA NA NA NA NA NA NA NA NA NA NA NA NA NA NA NA NA NA NA NA NA NA NA NA NA NA NA NA NA NA NA NA NA NA NA NA NA NA NA NA NA
NA NA NA NA NA NA NA NA NA NA NA NA NA NA NA NA NA NA NA NA NA NA NA NA NA NA NA NA NA NA NA NA NA NA NA NA NA NA NA NA NA NA NA NA NA NA NA NA NA NA NA NA NA NA NA NA NA NA NA NA NA NA NA NA NA NA NA NA NA NA NA NA NA NA NA NA NA NA NA NA NA NA NA NA NA NA NA NA NA NA NA NA NA NA NA NA NA NA NA NA NA NA NA NA NA NA NA NA NA NA NA NA NA NA NA NA NA NA NA NA NA NA NA NA NA NA NA NA NA NA NA NA NA NA NA NA NA NA NA NA NA NA NA NA NA NA NA NA NA NA NA NA NA NA NA NA NA NA NA NA NA NA NA NA NA NA NA NA NA NA NA NA NA NA NA NA NA NA NA NA NA NA NA NA NA NA NA NA NA NA NA NA NA NA NA NA NA NA NA NA NA NA NA NA NA NA NA NA NA NA NA NA NA NA NA NA NA NA NA NA NA NA NA NA NA NA NA NA NA NA NA NA NA NA NA NA NA NA NA NA NA NA NA NA NA NA NA NA NA NA NA NA NA NA NA NA NA NA NA NA NA NA NA NA NA NA NA NA NA NA NA NA NA NA NA NA NA NA NA NA NA NA NA NA NA NA NA NA NA NA NA NA NA NA NA NA NA NA NA NA NA NA NA NA NA NA NA NA NA NA NA NA NA NA NA NA NA NA NA NA NA NA NA NA NA NA NA NA NA NA 109 109 109 109 109 109 109 109 109 109 109 109 110 110 110 110 111 111 111 111 111 111 111 111 111 111 112 112 112 112 111 NA NA NA NA NA NA NA NA 113 113 NA NA NA NA NA NA NA NA NA NA NA NA NA 115 115 116 NA NA 117 116 116 117 NA NA NA NA NA NA NA NA NA NA NA NA NA NA NA NA NA NA NA NA NA NA NA NA NA NA NA NA NA NA NA NA NA NA NA NA NA NA NA NA NA NA NA NA NA NA NA NA NA NA NA NA NA NA NA NA NA NA NA NA NA NA NA NA NA NA NA NA NA NA NA NA NA NA NA NA NA NA NA NA NA NA NA NA NA NA NA NA NA NA NA NA NA NA NA NA NA NA NA NA NA NA NA NA NA NA NA NA NA NA
NA NA NA NA NA NA NA NA NA NA NA NA NA NA NA NA NA NA NA NA NA NA NA NA NA NA NA NA NA NA NA NA NA NA NA NA NA NA NA NA NA NA NA NA NA NA NA NA NA NA NA NA NA NA NA NA NA NA NA NA NA NA NA NA NA NA NA NA NA NA NA NA NA NA NA NA NA NA NA NA NA NA NA NA NA NA NA NA NA NA NA NA NA NA NA NA NA NA NA NA NA NA NA NA NA NA NA NA NA NA NA NA NA NA NA NA NA NA NA NA NA NA NA NA NA NA NA NA NA NA NA NA NA NA NA NA NA NA NA NA NA NA NA NA NA NA NA NA NA NA NA NA NA NA NA NA NA NA NA NA NA NA NA NA NA NA NA NA NA NA NA NA NA NA NA NA NA NA NA NA NA NA NA NA NA NA NA NA NA NA NA NA NA NA NA NA NA NA NA NA NA NA NA NA NA NA NA NA NA NA NA NA NA NA NA NA NA NA NA NA NA NA NA NA NA NA NA NA NA NA NA NA NA NA NA NA NA NA NA NA NA NA NA NA NA NA NA NA NA NA NA NA NA NA NA NA NA NA NA NA NA NA NA NA NA NA NA NA NA NA NA NA NA NA NA NA NA NA NA NA NA NA NA NA NA NA NA NA NA NA NA NA NA NA NA NA NA NA NA NA NA NA NA NA NA NA NA NA NA NA NA NA NA NA NA NA NA NA NA NA NA NA NA NA NA NA NA NA NA NA 109 109 109 109 109 109 109 109 109 109 109 109 110 110 110 110 110 110 111 111 111 111 111 111 111 111 111 NA 111 111 NA NA NA NA NA NA NA NA NA NA NA NA NA NA NA NA NA NA NA NA NA NA NA NA NA NA NA NA NA NA NA NA NA NA NA NA NA NA NA NA NA NA NA NA NA NA NA NA NA NA NA NA NA NA NA NA NA NA NA NA NA NA NA NA NA NA NA NA NA NA NA NA NA NA NA NA NA NA NA NA NA NA NA NA NA NA NA NA NA NA NA NA NA NA NA NA NA NA NA NA NA NA NA NA NA NA NA NA NA NA NA NA NA NA NA NA NA NA NA NA NA NA NA NA NA NA NA NA NA NA NA NA NA NA NA NA NA NA NA NA NA NA NA
NA NA NA NA NA NA NA NA NA NA NA NA NA NA NA NA NA NA NA NA NA NA NA NA NA NA NA NA NA NA NA NA NA NA NA NA NA NA NA NA NA NA NA NA NA NA NA NA NA NA NA NA NA NA NA NA NA NA NA NA NA NA NA NA NA NA NA NA NA NA NA NA NA NA NA NA NA NA NA NA NA NA NA NA NA NA NA NA NA NA NA NA NA NA NA NA NA NA NA NA NA NA NA NA NA NA NA NA NA NA NA NA NA NA NA NA NA NA NA NA NA NA NA NA NA NA NA NA NA NA NA NA NA NA NA NA NA NA NA NA NA NA NA NA NA NA NA NA NA NA NA NA NA NA NA NA NA NA NA NA NA NA NA NA NA NA NA NA NA NA NA NA NA NA NA NA NA NA NA NA NA NA NA NA NA NA NA NA NA NA NA NA NA NA NA NA NA NA NA NA NA NA NA NA NA NA NA NA NA NA NA NA NA NA NA NA NA NA NA NA NA NA NA NA NA NA NA NA NA NA NA NA NA NA NA NA NA NA NA NA NA NA NA NA NA NA NA NA NA NA NA NA NA NA NA NA NA NA NA NA NA NA NA NA NA NA NA NA NA NA NA NA NA NA NA NA NA NA NA NA NA NA NA NA NA NA NA NA NA NA NA NA NA NA NA NA NA NA NA NA NA NA NA NA NA NA NA NA NA NA NA NA NA NA NA NA NA NA NA NA NA NA NA NA NA NA NA NA NA NA NA 109 109 109 109 109 109 109 109 109 109 109 110 110 110 110 110 110 110 110 111 111 111 111 111 111 111 NA NA NA NA NA NA NA NA NA NA NA NA NA NA NA NA NA NA NA NA NA NA NA NA NA NA NA NA NA NA NA NA NA NA NA NA NA NA NA NA NA NA NA NA NA NA NA NA NA NA NA NA NA NA NA NA NA NA NA NA NA NA NA NA NA NA NA NA NA NA NA NA NA NA NA NA NA NA NA NA NA NA NA NA NA NA NA NA NA NA NA NA NA NA NA NA NA NA NA NA NA NA NA NA NA NA NA NA NA NA NA NA NA NA NA NA NA NA NA NA NA NA NA NA NA NA NA NA NA NA NA NA NA NA NA NA NA NA NA NA NA NA NA NA NA NA
NA NA NA NA NA NA NA NA NA NA NA NA NA NA NA NA NA NA NA NA NA NA NA NA NA NA NA NA NA NA NA NA NA NA NA NA NA NA NA NA NA NA NA NA NA NA NA NA NA NA NA NA NA NA NA NA NA NA NA NA NA NA NA NA NA NA NA NA NA NA NA NA NA NA NA NA NA NA NA NA NA NA NA NA NA NA NA NA NA NA NA NA NA NA NA NA NA NA NA NA NA NA NA NA NA NA NA NA NA NA NA NA NA NA NA NA NA NA NA NA NA NA NA NA NA NA NA NA NA NA NA NA NA NA NA NA NA NA NA NA NA NA NA NA NA NA NA NA NA NA NA NA NA NA NA NA NA NA NA NA NA NA NA NA NA NA NA NA NA NA NA NA NA NA NA NA NA NA NA NA NA NA NA NA NA NA NA NA NA NA NA NA NA NA NA NA NA NA NA NA NA NA NA NA NA NA NA NA NA NA NA NA NA NA NA NA NA NA NA NA NA NA NA NA NA NA NA NA NA NA NA NA NA NA NA NA NA NA NA NA NA NA NA NA NA NA NA NA NA NA NA NA NA NA NA NA NA NA NA NA NA NA NA NA NA NA NA NA NA NA NA NA NA NA NA NA NA NA NA NA NA NA NA NA NA NA NA NA NA NA NA NA NA NA NA NA NA NA NA NA NA NA NA NA NA NA NA NA NA NA NA NA NA NA NA NA NA NA NA NA NA NA NA NA NA NA NA NA NA NA NA NA 109 109 108 108 108 108 108 108 109 109 110 110 110 110 110 110 110 110 110 111 111 111 111 111 NA NA NA NA NA NA NA NA NA NA NA NA NA NA NA NA NA NA NA NA NA NA NA NA NA NA NA NA NA NA NA NA NA NA NA NA NA NA NA NA NA NA NA NA NA NA NA NA NA NA NA NA NA NA NA NA NA NA NA NA NA NA NA NA NA NA NA NA NA NA NA NA NA NA NA NA NA NA NA NA NA NA NA NA NA NA NA NA NA NA NA NA NA NA NA NA NA NA NA NA NA NA NA NA NA NA NA NA NA NA NA NA NA NA NA NA NA NA NA NA NA NA NA NA NA NA NA NA NA NA NA NA NA NA NA NA NA NA NA NA NA NA NA NA NA NA NA
NA NA NA NA NA NA NA NA NA NA NA NA NA NA NA NA NA NA NA NA NA NA NA NA NA NA NA NA NA NA NA NA NA NA NA NA NA NA NA NA NA NA NA NA NA NA NA NA NA NA NA NA NA NA NA NA NA NA NA NA NA NA NA NA NA NA NA NA NA NA NA NA NA NA NA NA NA NA NA NA NA NA NA NA NA NA NA NA NA NA NA NA NA NA NA NA NA NA NA NA NA NA NA NA NA NA NA NA NA NA NA NA NA NA NA NA NA NA NA NA NA NA NA NA NA NA NA NA NA NA NA NA NA NA NA NA NA NA NA NA NA NA NA NA NA NA NA NA NA NA NA NA NA NA NA NA NA NA NA NA NA NA NA NA NA NA NA NA NA NA NA NA NA NA NA NA NA NA NA NA NA NA NA NA NA NA NA NA NA NA NA NA NA NA NA NA NA NA NA NA NA NA NA NA NA NA NA NA NA NA NA NA NA NA NA NA NA NA NA NA NA NA NA NA NA NA NA NA NA NA NA NA NA NA NA NA NA NA NA NA NA NA NA NA NA NA NA NA NA NA NA NA NA NA NA NA NA NA NA NA NA NA NA NA NA NA NA NA NA NA NA NA NA NA NA NA NA NA NA NA NA NA NA NA NA NA NA NA NA NA NA NA NA NA NA NA NA NA NA NA NA NA NA NA NA NA NA NA NA NA NA NA NA NA NA NA NA NA NA NA NA NA NA NA NA NA NA NA NA NA NA NA NA 109 108 108 108 109 109 109 108 109 109 109 110 110 110 110 110 110 110 111 111 111 111 NA NA NA NA NA NA NA NA NA NA NA NA NA NA NA NA NA NA NA NA NA NA NA NA NA NA NA NA NA NA NA NA NA NA NA NA NA NA NA NA NA NA NA NA NA NA NA NA NA NA NA NA NA NA NA NA NA NA NA NA NA NA NA NA NA NA NA NA NA NA NA NA NA NA NA NA NA NA NA NA NA NA NA NA NA NA NA NA NA NA NA NA NA NA NA NA NA NA NA NA NA NA NA NA NA NA NA NA NA NA NA NA NA NA NA NA NA NA NA NA NA NA NA NA NA NA NA NA NA NA NA NA NA NA NA NA NA NA NA NA NA NA NA NA NA NA NA NA
NA NA NA NA NA NA NA NA NA NA NA NA NA NA NA NA NA NA NA NA NA NA NA NA NA NA NA NA NA NA NA NA NA NA NA NA NA NA NA NA NA NA NA NA NA NA NA NA NA NA NA NA NA NA NA NA NA NA NA NA NA NA NA NA NA NA NA NA NA NA NA NA NA NA NA NA NA NA NA NA NA NA NA NA NA NA NA NA NA NA NA NA NA NA NA NA NA NA NA NA NA NA NA NA NA NA NA NA NA NA NA NA NA NA NA NA NA NA NA NA NA NA NA NA NA NA NA NA NA NA NA NA NA NA NA NA NA NA NA NA NA NA NA NA NA NA NA NA NA NA NA NA NA NA NA NA NA NA NA NA NA NA NA NA NA NA NA NA NA NA NA NA NA NA NA NA NA NA NA NA NA NA NA NA NA NA NA NA NA NA NA NA NA NA NA NA NA NA NA NA NA NA NA NA NA NA NA NA NA NA NA NA NA NA NA NA NA NA NA NA NA NA NA NA NA NA NA NA NA NA NA NA NA NA NA NA NA NA NA NA NA NA NA NA NA NA NA NA NA NA NA NA NA NA NA NA NA NA NA NA NA NA NA NA NA NA NA NA NA NA NA NA NA NA NA NA NA NA NA NA NA NA NA NA NA NA NA NA NA NA NA NA NA NA NA NA NA NA NA NA NA NA NA NA NA NA NA NA NA NA NA NA NA NA NA NA NA NA NA NA NA NA NA NA NA NA NA NA NA NA NA NA 109 108 109 109 109 109 109 109 108 108 109 109 109 110 110 110 110 NA 110 111 111 111 NA NA NA NA NA NA NA NA NA NA NA NA NA NA NA NA NA NA NA NA NA NA NA NA NA NA NA NA NA NA NA NA NA NA NA NA NA NA NA NA NA NA NA NA NA NA NA NA NA NA NA NA NA NA NA NA NA NA NA NA NA NA NA NA NA NA NA NA NA NA NA NA NA NA NA NA NA NA NA NA NA NA NA NA NA NA NA NA NA NA NA NA NA NA NA NA NA NA NA NA NA NA NA NA NA NA NA NA NA NA NA NA NA NA NA NA NA NA NA NA NA NA NA NA NA NA NA NA NA NA NA NA NA NA NA NA NA NA NA NA NA NA NA NA NA NA NA NA NA
NA NA NA NA NA NA NA NA NA NA NA NA NA NA NA NA NA NA NA NA NA NA NA NA NA NA NA NA NA NA NA NA NA NA NA NA NA NA NA NA NA NA NA NA NA NA NA NA NA NA NA NA NA NA NA NA NA NA NA NA NA NA NA NA NA NA NA NA NA NA NA NA NA NA NA NA NA NA NA NA NA NA NA NA NA NA NA NA NA NA NA NA NA NA NA NA NA NA NA NA NA NA NA NA NA NA NA NA NA NA NA NA NA NA NA NA NA NA NA NA NA NA NA NA NA NA NA NA NA NA NA NA NA NA NA NA NA NA NA NA NA NA NA NA NA NA NA NA NA NA NA NA NA NA NA NA NA NA NA NA NA NA NA NA NA NA NA NA NA NA NA NA NA NA NA NA NA NA NA NA NA NA NA NA NA NA NA NA NA NA NA NA NA NA NA NA NA NA NA NA NA NA NA NA NA NA NA NA NA NA NA NA NA NA NA NA NA NA NA NA NA NA NA NA NA NA NA NA NA NA NA NA NA NA NA NA NA NA NA NA NA NA NA NA NA NA NA NA NA NA NA NA NA NA NA NA NA NA NA NA NA NA NA NA NA NA NA NA NA NA NA NA NA NA NA NA NA NA NA NA NA NA NA NA NA NA NA NA NA NA NA NA NA NA NA NA NA NA NA NA NA NA NA NA NA NA NA NA NA NA NA NA NA NA NA NA NA NA NA NA NA NA NA NA NA NA NA NA NA NA NA NA NA NA NA NA NA 108 108 109 109 108 109 109 109 110 110 110 110 NA NA NA NA NA NA NA NA NA NA NA NA NA NA NA NA NA NA NA NA NA NA NA NA NA NA NA NA NA NA NA NA NA NA NA NA NA NA NA NA NA NA NA NA NA NA NA NA NA NA NA NA NA NA NA NA NA NA NA NA NA NA NA NA NA NA NA NA NA NA NA NA NA NA NA NA NA NA NA NA NA NA NA NA NA NA NA NA NA NA NA NA NA NA NA NA NA NA NA NA NA NA NA NA NA NA NA NA NA NA NA NA NA NA NA NA NA NA NA NA NA NA NA NA NA NA NA NA NA NA NA NA NA NA NA NA NA NA NA NA NA NA NA NA NA NA NA NA NA NA NA NA NA NA
NA NA NA NA NA NA NA NA NA NA NA NA NA NA NA NA NA NA NA NA NA NA NA NA NA NA NA NA NA NA NA NA NA NA NA NA NA NA NA NA NA NA NA NA NA NA NA NA NA NA NA NA NA NA NA NA NA NA NA NA NA NA NA NA NA NA NA NA NA NA NA NA NA NA NA NA NA NA NA NA NA NA NA NA NA NA NA NA NA NA NA NA NA NA NA NA NA NA NA NA NA NA NA NA NA NA NA NA NA NA NA NA NA NA NA NA NA NA NA NA NA NA NA NA NA NA NA NA NA NA NA NA NA NA NA NA NA NA NA NA NA NA NA NA NA NA NA NA NA NA NA NA NA NA NA NA NA NA NA NA NA NA NA NA NA NA NA NA NA NA NA NA NA NA NA NA NA NA NA NA NA NA NA NA NA NA NA NA NA NA NA NA NA NA NA NA NA NA NA NA NA NA NA NA NA NA NA NA NA NA NA NA NA NA NA NA NA NA NA NA NA NA NA NA NA NA NA NA NA NA NA NA NA NA NA NA NA NA NA NA NA NA NA NA NA NA NA NA NA NA NA NA NA NA NA NA NA NA NA NA NA NA NA NA NA NA NA NA NA NA NA NA NA NA NA NA NA NA NA NA NA NA NA NA NA NA NA NA NA NA NA NA NA NA NA NA NA NA NA NA NA NA NA NA NA NA NA NA NA NA NA NA NA NA NA NA NA NA NA NA NA NA NA NA NA NA NA NA NA NA NA NA NA NA NA NA NA NA NA NA NA NA 109 109 109 109 110 110 NA NA NA NA NA NA NA NA NA NA NA NA NA NA NA NA NA NA NA NA NA NA NA NA NA NA NA NA NA NA NA NA NA NA NA NA NA NA NA NA NA NA NA NA NA NA NA NA NA NA NA NA NA NA NA NA NA NA NA NA NA NA NA NA NA NA NA NA NA NA NA NA NA NA NA NA NA NA NA NA NA NA NA NA NA NA NA NA NA NA NA NA NA NA NA NA NA NA NA NA NA NA NA NA NA NA NA NA NA NA NA NA NA NA NA NA NA NA NA NA NA NA NA NA NA NA NA NA NA NA NA NA NA NA NA NA NA NA NA NA NA NA NA NA NA NA NA NA NA NA NA NA NA NA NA
NA NA NA NA NA NA NA NA NA NA NA NA NA NA NA NA NA NA NA NA NA NA NA NA NA NA NA NA NA NA NA NA NA NA NA NA NA NA NA NA NA NA NA NA NA NA NA NA NA NA NA NA NA NA NA NA NA NA NA NA NA NA NA NA NA NA NA NA NA NA NA NA NA NA NA NA NA NA NA NA NA NA NA NA NA NA NA NA NA NA NA NA NA NA NA NA NA NA NA NA NA NA NA NA NA NA NA NA NA NA NA NA NA NA NA NA NA NA NA NA NA NA NA NA NA NA NA NA NA NA NA NA NA NA NA NA NA NA NA NA NA NA NA NA NA NA NA NA NA NA NA NA NA NA NA NA NA NA NA NA NA NA NA NA NA NA NA NA NA NA NA NA NA NA NA NA NA NA NA NA NA NA NA NA NA NA NA NA NA NA NA NA NA NA NA NA NA NA NA NA NA NA NA NA NA NA NA NA NA NA NA NA NA NA NA NA NA NA NA NA NA NA NA NA NA NA NA NA NA NA NA NA NA NA NA NA NA NA NA NA NA NA NA NA NA NA NA NA NA NA NA NA NA NA NA NA NA NA NA NA NA NA NA NA NA NA NA NA NA NA NA NA NA NA NA NA NA NA NA NA NA NA NA NA NA NA NA NA NA NA NA NA NA NA NA NA NA NA NA NA NA NA NA NA NA NA NA NA NA NA NA NA NA NA NA NA NA NA NA NA NA NA NA NA NA NA NA NA NA NA NA NA NA NA NA NA NA NA NA NA NA NA NA NA NA 109 110 NA NA NA NA NA NA NA NA NA NA NA NA NA NA NA NA NA NA NA NA NA NA NA NA NA NA NA NA NA NA NA NA NA NA NA NA NA NA NA NA NA NA NA NA NA NA NA NA NA NA NA NA NA NA NA NA NA NA NA NA NA NA NA NA NA NA NA NA NA NA NA NA NA NA NA NA NA NA NA NA NA NA NA NA NA NA NA NA NA NA NA NA NA NA NA NA NA NA NA NA NA NA NA NA NA NA NA NA NA NA NA NA NA NA NA NA NA NA NA NA NA NA NA NA NA NA NA NA NA NA NA NA NA NA NA NA NA NA NA NA NA NA NA NA NA NA NA NA NA NA NA NA NA NA NA NA
