NA NA NA NA NA NA NA NA NA NA NA NA NA NA NA NA NA NA NA NA NA NA NA NA NA NA NA NA NA NA NA NA NA NA NA NA NA NA NA NA NA NA NA NA NA NA NA NA NA NA NA NA NA NA NA NA NA NA NA NA NA NA NA NA NA NA NA NA NA NA NA NA NA NA NA NA NA NA NA NA NA NA NA NA NA NA NA NA NA NA NA NA NA NA NA NA NA NA NA NA NA 314 NA NA NA NA NA NA NA NA NA NA NA NA NA NA NA NA NA NA NA NA NA NA NA NA NA NA NA NA NA NA NA NA NA NA NA NA NA NA NA NA NA NA NA NA NA NA NA NA NA NA NA NA NA NA NA NA NA NA NA NA NA NA NA NA NA NA NA NA NA NA NA NA NA NA NA NA NA NA NA NA NA NA NA NA NA NA NA NA NA NA NA NA NA NA NA NA NA NA NA NA NA NA NA NA NA NA NA NA NA NA NA NA NA NA NA NA NA NA NA NA NA NA NA NA NA NA NA NA NA NA NA NA NA NA NA NA NA NA NA NA NA NA NA NA NA NA NA NA NA NA NA NA NA NA NA NA NA NA NA NA NA NA NA NA NA NA NA NA NA NA NA NA NA NA NA NA NA NA NA NA NA NA NA NA NA NA NA NA NA NA NA NA NA NA NA NA NA NA NA NA NA NA NA NA NA NA NA NA NA NA NA NA NA NA NA NA NA NA NA NA NA NA NA NA NA NA NA NA NA NA NA NA NA NA NA NA NA NA NA NA NA NA NA NA NA NA NA NA NA NA NA NA NA NA NA NA NA NA NA NA NA NA NA NA NA NA NA NA NA NA NA NA NA NA NA NA NA NA NA NA NA NA NA NA NA NA NA NA NA NA NA NA NA NA NA NA NA NA NA NA NA NA NA NA NA NA NA NA NA NA NA NA NA NA NA NA NA NA NA NA NA NA NA NA NA NA NA NA NA NA NA NA NA NA NA NA NA NA NA NA NA NA NA NA NA NA NA NA NA NA NA NA NA NA NA NA NA NA NA NA NA NA NA NA NA NA NA NA NA NA NA NA NA NA NA NA NA NA NA NA NA NA NA NA NA NA NA NA NA NA NA NA NA NA NA NA NA NA NA NA NA
NA NA NA NA NA NA NA NA NA NA NA NA NA NA NA NA NA NA NA NA NA NA NA NA NA NA NA NA NA NA NA NA NA NA NA NA NA NA NA NA NA NA NA NA NA NA NA NA NA NA NA NA NA NA NA NA NA NA NA NA NA NA NA NA NA NA NA NA NA NA NA NA NA NA NA NA NA NA NA NA NA NA NA NA NA NA NA NA NA NA NA NA NA NA NA NA NA NA NA NA 314 314 314 314 314 314 314 NA NA NA NA NA NA NA NA NA NA NA NA NA NA NA NA NA NA NA NA NA NA NA NA NA NA NA NA NA NA NA NA NA NA NA NA NA NA NA NA NA NA NA NA NA NA NA NA NA NA NA NA NA NA NA NA NA NA NA NA NA NA NA NA NA NA NA NA NA NA NA NA NA NA NA NA NA NA NA NA NA NA NA NA NA NA NA NA NA NA NA NA NA NA NA NA NA NA NA NA NA NA NA NA NA NA NA NA NA NA NA NA NA NA NA NA NA NA NA NA NA NA NA NA NA NA NA NA NA NA NA NA NA NA NA NA NA NA NA NA NA NA NA NA NA NA NA NA NA NA NA NA NA NA NA NA NA NA NA NA NA NA NA NA NA NA NA NA NA NA NA NA NA NA NA NA NA NA NA NA NA NA NA NA NA NA NA NA NA NA NA NA NA NA NA NA NA NA NA NA NA NA NA NA NA NA NA NA NA NA NA NA NA NA NA NA NA NA NA NA NA NA NA NA NA NA NA NA NA NA NA NA NA NA NA NA NA NA NA NA NA NA NA NA NA NA NA NA NA NA NA NA NA NA NA NA NA NA NA NA NA NA NA NA NA NA NA NA NA NA NA NA NA NA NA NA NA NA NA NA NA NA NA NA NA NA NA NA NA NA NA NA NA NA NA NA NA NA NA NA NA NA NA NA NA NA NA NA NA NA NA NA NA NA NA NA NA NA NA NA NA NA NA NA NA NA NA NA NA NA NA NA NA NA NA NA NA NA NA NA NA NA NA NA NA NA NA NA NA NA NA NA NA NA NA NA NA NA NA NA NA NA NA NA NA NA NA NA NA NA NA NA NA NA NA NA NA NA NA NA NA NA NA NA NA NA NA NA NA NA NA NA NA NA NA NA
NA NA NA NA NA NA NA NA NA NA NA NA NA NA NA NA NA NA NA NA NA NA NA NA NA NA NA NA NA NA NA NA NA NA NA NA NA NA NA NA NA NA NA NA NA NA NA NA NA NA NA NA NA NA NA NA NA NA NA NA NA NA NA NA NA NA NA NA NA NA NA NA NA NA NA NA NA NA NA NA NA NA NA NA NA NA NA NA NA NA 313 313 313 313 313 313 313 NA 314 314 314 314 314 314 314 314 314 314 NA NA NA NA NA NA NA NA NA NA NA NA NA NA NA NA NA NA NA NA NA NA NA NA NA 317 317 317 317 317 317 317 317 317 318 318 318 NA NA NA NA NA NA NA NA 318 NA NA NA NA NA NA NA NA NA NA NA NA NA NA NA NA NA NA NA NA NA NA NA NA NA NA NA NA NA NA NA NA NA NA NA NA NA NA NA NA NA NA NA NA NA NA NA NA NA NA NA NA NA NA NA NA NA NA NA NA NA NA NA NA NA NA NA NA NA NA NA NA NA NA NA NA NA NA NA NA NA NA NA NA NA NA NA NA NA NA NA NA NA NA NA NA NA NA NA NA NA NA NA NA NA NA NA NA NA NA NA NA NA NA NA NA NA NA NA NA NA NA NA NA NA NA NA NA NA NA NA NA NA NA NA NA NA NA NA NA NA NA NA NA NA NA NA NA NA NA NA NA NA NA NA NA NA NA NA NA NA NA NA NA NA NA NA NA NA NA NA NA NA NA NA NA NA NA NA NA NA NA NA NA NA NA NA NA NA NA NA NA NA NA NA NA NA NA NA NA NA NA NA NA NA NA NA NA NA NA NA NA NA NA NA NA NA NA NA NA NA NA NA NA NA NA NA NA NA NA NA NA NA NA NA NA NA NA NA NA NA NA NA NA NA NA NA NA NA NA NA NA NA NA NA NA NA NA NA NA NA NA NA NA NA NA NA NA NA NA NA NA NA NA NA NA NA NA NA NA NA NA NA NA NA NA NA NA NA NA NA NA NA NA NA NA NA NA NA NA NA NA NA NA NA NA NA NA NA NA NA NA NA NA NA NA NA NA NA NA NA NA NA NA NA NA NA NA NA NA NA NA NA NA NA NA NA NA NA NA NA NA NA NA NA NA NA NA NA
NA NA NA NA NA NA NA NA NA NA NA NA NA NA NA NA NA NA NA NA NA NA NA NA NA NA NA NA NA NA NA NA NA NA NA NA NA NA NA NA NA NA NA NA NA NA NA NA NA NA NA NA NA NA NA NA NA NA NA NA NA NA NA NA NA NA NA NA NA NA NA NA NA NA NA NA NA NA NA NA NA NA NA NA NA NA NA NA 313 313 313 314 313 313 313 314 314 314 314 314 314 314 314 314 314 314 314 315 315 315 315 NA NA NA NA NA NA NA NA NA NA NA NA NA NA NA NA NA NA NA NA 317 317 317 317 317 317 317 317 317 317 317 318 318 318 NA NA NA NA NA NA NA 318 319 319 NA NA NA NA NA NA NA NA NA NA NA NA NA NA NA NA NA NA NA NA NA NA NA NA NA NA NA NA NA NA NA NA NA NA NA NA NA NA NA NA NA NA NA NA NA NA NA NA NA NA NA NA NA NA NA NA NA NA NA NA NA NA NA NA NA NA NA NA NA NA NA NA NA NA NA NA NA NA NA NA NA NA NA NA NA NA NA NA NA NA NA NA NA NA NA NA NA NA NA NA NA NA NA NA NA NA NA NA NA NA NA NA NA NA NA NA NA NA NA NA NA NA NA NA NA NA NA NA NA NA NA NA NA NA NA NA NA NA NA NA NA NA NA NA NA NA NA NA NA NA NA NA NA NA NA NA NA NA NA NA NA NA NA NA NA NA NA NA NA NA NA NA NA NA NA NA NA NA NA NA NA NA NA NA NA NA NA NA NA NA NA NA NA NA NA NA NA NA NA NA NA NA NA NA NA NA NA NA NA NA NA NA NA NA NA NA NA NA NA NA NA NA NA NA NA NA NA NA NA NA NA NA NA NA NA NA NA NA NA NA NA NA NA NA NA NA NA NA NA NA NA NA NA NA NA NA NA NA NA NA NA NA NA NA NA NA NA NA NA NA NA NA NA NA NA NA NA NA NA NA NA NA NA NA NA NA NA NA NA NA NA NA NA NA NA NA NA NA NA NA NA NA NA NA NA NA NA NA NA NA NA NA NA NA NA NA NA NA NA NA NA NA NA NA NA NA NA NA NA NA NA NA NA NA NA NA NA NA NA NA NA NA NA NA NA NA NA NA
NA NA NA NA NA NA NA NA NA NA NA NA NA NA NA NA NA NA NA NA NA NA NA NA NA NA NA NA NA NA NA NA NA NA NA NA NA NA NA NA NA NA NA NA NA NA NA NA NA NA NA NA NA NA NA NA NA NA NA NA NA NA NA NA NA NA NA NA NA NA NA NA NA NA NA NA NA NA NA NA NA NA NA NA NA NA NA 313 313 313 313 314 313 313 314 314 314 314 314 314 314 314 314 314 314 315 315 315 315 315 315 315 NA NA NA NA NA NA NA NA NA NA NA NA NA NA NA NA 316 316 317 317 317 317 317 317 317 317 317 317 317 317 318 318 318 NA NA NA NA NA NA 318 319 319 319 319 319 NA NA NA NA NA NA 319 319 NA NA NA NA NA NA NA NA NA NA NA NA NA NA NA NA NA NA NA NA NA NA NA NA NA NA NA NA NA NA NA NA NA NA NA NA NA NA NA NA NA NA NA NA NA NA NA NA NA NA NA NA NA NA NA NA NA NA NA NA NA NA NA NA NA NA NA NA NA NA NA NA NA NA NA NA NA NA NA NA NA NA NA NA NA NA NA NA NA NA NA NA NA NA NA NA NA NA NA NA NA NA NA NA NA NA NA NA NA NA NA NA NA NA NA NA NA NA NA NA NA NA NA NA NA NA NA NA NA NA NA NA NA NA NA NA NA NA NA NA NA NA NA NA NA NA NA NA NA NA NA NA NA NA NA NA NA NA NA NA NA NA NA NA NA NA NA NA NA NA NA NA NA NA NA NA NA NA NA NA NA NA NA NA NA NA NA NA NA NA NA NA NA NA NA NA NA NA NA NA NA NA NA NA NA NA NA NA NA NA NA NA NA NA NA NA NA NA NA NA NA NA NA NA NA NA NA NA NA NA NA NA NA NA NA NA NA NA NA NA NA NA NA NA NA NA NA NA NA NA NA NA NA NA NA NA NA NA NA NA NA NA NA NA NA NA NA NA NA NA NA NA NA NA NA NA NA NA NA NA NA NA NA NA NA NA NA NA NA NA NA NA NA NA NA NA NA NA NA NA NA NA NA NA NA NA NA NA NA NA NA NA NA NA NA NA NA NA NA NA NA NA NA NA NA NA NA NA NA NA NA NA NA NA NA NA NA NA
NA NA NA NA NA NA NA NA NA NA NA NA NA NA NA NA NA NA NA NA NA NA NA NA NA NA NA NA NA NA NA NA NA NA NA NA NA NA NA NA NA NA NA NA NA NA NA NA NA NA NA NA NA NA NA NA NA NA NA NA NA NA NA NA NA NA NA NA NA NA NA NA NA NA NA NA NA NA NA NA NA NA NA 313 313 313 313 313 313 314 314 314 313 314 314 314 314 314 314 314 314 314 314 314 315 315 315 315 315 315 315 315 315 315 NA NA NA NA NA NA NA NA NA NA 316 316 316 316 317 317 317 317 317 317 317 317 317 317 317 317 317 317 318 318 318 318 NA NA 318 318 318 319 319 319 319 319 319 319 NA NA 319 319 319 319 319 319 320 NA NA NA NA NA NA NA NA NA NA NA NA NA NA NA NA NA NA NA NA NA NA NA NA NA NA NA NA NA NA NA NA NA NA NA NA NA NA NA NA NA NA NA NA NA NA NA NA NA NA NA NA NA NA NA NA NA NA NA NA NA NA NA NA NA NA NA NA NA NA NA NA NA NA NA NA NA NA NA NA NA NA NA NA NA NA NA NA NA NA NA NA NA NA NA NA NA NA NA NA NA NA NA NA NA NA NA NA NA NA NA NA NA NA NA NA NA NA NA NA NA NA NA NA NA NA NA NA NA NA NA NA NA NA NA NA NA NA NA NA NA NA NA NA NA NA NA NA NA NA NA NA NA NA NA NA NA NA NA NA NA NA NA NA NA NA NA NA NA NA NA NA NA NA NA NA NA NA NA NA NA NA NA NA NA NA NA NA NA NA NA NA NA NA NA NA NA NA NA NA NA NA NA NA NA NA NA NA NA NA NA NA NA NA NA NA NA NA NA NA NA NA NA NA NA NA NA NA NA NA NA NA NA NA NA NA NA NA NA NA NA NA NA NA NA NA NA NA NA NA NA NA NA NA NA NA NA NA NA NA NA NA NA NA NA NA NA NA NA NA NA NA NA NA NA NA NA NA NA NA NA NA NA NA NA NA NA NA NA NA NA NA NA NA NA NA NA NA NA NA NA NA NA NA NA NA NA NA NA NA NA NA NA NA NA NA NA NA NA NA NA NA NA NA NA NA NA NA NA NA NA NA NA NA NA NA
NA NA NA NA NA NA NA NA NA NA NA NA NA NA NA NA NA NA NA NA NA NA NA NA NA NA NA NA NA NA NA NA NA NA NA NA NA NA NA NA NA NA NA NA NA NA NA NA NA NA NA NA NA NA NA NA NA NA NA NA NA NA NA NA NA NA NA NA NA NA NA NA NA NA NA NA NA NA NA NA NA NA NA 313 313 313 313 313 314 314 314 314 314 314 314 314 314 314 314 314 314 314 314 315 315 315 315 315 315 315 315 315 315 315 315 316 316 316 NA NA NA NA 316 316 316 316 316 317 317 317 317 317 317 317 317 317 317 317 317 317 318 318 318 318 318 318 318 318 318 319 319 319 319 319 319 319 319 319 319 319 319 319 319 319 320 320 320 NA NA NA NA NA NA NA NA NA NA NA NA NA NA NA NA NA NA NA NA NA NA NA NA NA NA NA NA NA NA NA NA NA NA NA NA NA NA NA NA NA NA NA NA NA NA NA NA NA NA NA NA NA NA NA NA NA NA NA NA NA NA NA NA NA NA NA NA NA NA NA NA NA NA NA NA NA NA NA NA NA NA NA NA NA NA NA NA NA NA NA NA NA NA NA NA NA NA NA NA NA NA NA NA NA NA NA NA NA NA NA NA NA NA NA NA NA NA NA NA NA NA NA NA NA NA NA NA NA NA NA NA NA NA NA NA NA NA NA NA NA NA NA NA NA NA NA NA NA NA NA NA NA NA NA NA NA NA NA NA NA NA NA NA NA NA NA NA NA NA NA NA NA NA NA NA NA NA NA NA NA NA NA NA NA NA NA NA NA NA NA NA NA NA NA NA NA NA NA NA NA NA NA NA NA NA NA NA NA NA NA NA NA NA NA NA NA NA NA NA NA NA NA NA NA NA NA NA NA NA NA NA NA NA NA NA NA NA NA NA NA NA NA NA NA NA NA NA NA NA NA NA NA NA NA NA NA NA NA NA NA NA NA NA NA NA NA NA NA NA NA NA NA NA NA NA NA NA NA NA NA NA NA NA NA NA NA NA NA NA NA NA NA NA NA NA NA NA NA NA NA NA NA NA NA NA NA NA NA NA NA NA NA NA NA NA NA NA NA NA NA NA NA NA NA NA NA NA NA NA NA NA NA NA NA NA
NA NA NA NA NA NA NA NA NA NA NA NA NA NA NA NA NA NA NA NA NA NA NA NA NA NA NA NA NA NA NA NA NA NA NA NA NA NA NA NA NA NA NA NA NA NA NA NA NA NA NA NA NA NA NA NA NA NA NA NA NA NA NA NA NA NA NA NA NA NA NA NA NA NA NA NA NA NA NA NA NA NA NA NA 313 313 313 314 314 314 314 314 314 314 314 314 314 314 314 314 314 314 315 315 315 315 315 315 315 315 315 315 315 316 316 316 316 316 316 316 316 316 316 316 316 317 317 317 317 317 317 317 317 317 317 317 317 317 318 318 318 318 318 318 318 318 318 318 319 319 319 319 319 319 319 319 319 319 319 319 319 319 319 320 320 320 320 320 320 320 NA NA NA NA NA NA NA NA NA NA NA NA NA NA NA NA NA NA NA NA NA NA NA NA NA NA NA NA NA NA NA NA NA NA NA NA NA NA NA NA NA NA NA NA NA NA NA NA NA NA NA NA NA NA NA NA NA NA NA NA NA NA NA NA NA NA NA NA NA NA NA NA NA NA NA NA NA NA NA NA NA NA NA NA NA NA NA NA NA NA NA NA NA NA NA NA NA NA NA NA NA NA NA NA NA NA NA NA NA NA NA NA NA NA NA NA NA NA NA NA NA NA NA NA NA NA NA NA NA NA NA NA NA NA NA NA NA NA NA NA NA NA NA NA NA NA NA NA NA NA NA NA NA NA NA NA NA NA NA NA NA NA NA NA NA NA NA NA NA NA NA NA NA NA NA NA NA NA NA NA NA NA NA NA NA NA NA NA NA NA NA NA NA NA NA NA NA NA NA NA NA NA NA NA NA NA NA NA NA NA NA NA NA NA NA NA NA NA NA NA NA NA NA NA NA NA NA NA NA NA NA NA NA NA NA NA NA NA NA NA NA NA NA NA NA NA NA NA NA NA NA NA NA NA NA NA NA NA NA NA NA NA NA NA NA NA NA NA NA NA NA NA NA NA NA NA NA NA NA NA NA NA NA NA NA NA NA NA NA NA NA NA NA NA NA NA NA NA NA NA NA NA NA NA NA NA NA NA NA NA NA NA NA NA NA NA NA NA NA NA NA NA NA NA NA NA NA NA NA NA NA NA NA
NA NA NA NA NA NA NA NA NA NA NA NA NA NA NA NA NA NA NA NA NA NA NA NA NA NA NA NA NA NA NA NA NA NA NA NA NA NA NA NA NA NA NA NA NA NA NA NA NA NA NA NA NA NA NA NA NA NA NA NA NA NA NA NA NA NA NA NA NA NA NA NA NA NA NA NA NA NA NA NA NA NA NA NA NA 314 314 314 314 314 314 314 314 314 314 314 314 314 314 314 315 315 315 315 315 315 315 315 315 315 315 315 316 316 316 316 316 316 316 316 316 316 316 316 317 317 317 317 317 317 317 317 317 317 317 317 318 318 318 318 318 318 318 318 318 318 319 319 319 319 319 319 319 319 319 319 319 319 319 319 319 320 320 320 320 320 320 320 320 320 320 320 NA NA NA NA NA NA NA NA NA NA NA NA NA NA NA NA NA NA NA NA NA NA NA NA NA NA NA NA NA NA NA NA NA NA NA NA NA NA NA NA NA NA NA NA NA NA NA NA NA NA NA NA NA NA NA NA NA NA NA NA NA NA NA NA NA NA NA NA NA NA NA NA NA NA NA NA NA NA NA NA NA NA NA NA NA NA NA NA NA NA NA NA NA NA NA NA NA NA NA NA NA NA NA NA NA NA NA NA NA NA NA NA NA NA NA NA NA NA NA NA NA NA NA NA NA NA NA NA NA NA NA NA NA NA NA NA NA NA NA NA NA NA NA NA NA NA NA NA NA NA NA NA NA NA NA NA NA NA NA NA NA NA NA NA NA NA NA NA NA NA NA NA NA NA NA NA NA NA NA NA NA NA NA NA NA NA NA NA NA NA NA NA NA NA NA NA NA NA NA NA NA NA NA NA NA NA NA NA NA NA NA NA NA NA NA NA NA NA NA NA NA NA NA NA NA NA NA NA NA NA NA NA NA NA NA NA NA NA NA NA NA NA NA NA NA NA NA NA NA NA NA NA NA NA NA NA NA NA NA NA NA NA NA NA NA NA NA NA NA NA NA NA NA NA NA NA NA NA NA NA NA NA NA NA NA NA NA NA NA NA NA NA NA NA NA NA NA NA NA NA NA NA NA NA NA NA NA NA NA NA NA NA NA NA NA NA NA NA NA NA NA NA NA NA NA NA NA NA NA NA NA
NA NA NA NA NA NA NA NA NA NA NA NA NA NA NA NA NA NA NA NA NA NA NA NA NA NA NA NA NA NA NA NA NA NA NA NA NA NA NA NA NA NA NA NA NA NA NA NA NA NA NA NA NA NA NA NA NA NA NA NA NA NA NA NA NA NA NA NA NA NA NA NA NA NA NA NA NA NA NA NA NA NA NA 313 314 314 314 314 314 314 314 314 314 314 314 314 314 314 314 315 315 315 315 315 315 315 315 315 315 315 316 316 316 316 316 316 316 316 316 316 316 316 316 317 317 317 317 317 317 317 317 317 317 317 317 318 318 318 318 318 318 318 318 318 318 319 319 319 319 319 319 319 319 319 319 319 319 319 319 319 320 320 320 320 320 320 320 320 320 320 320 320 320 320 320 NA NA NA NA NA NA NA NA NA NA NA NA NA NA NA NA NA NA NA NA NA NA NA NA NA NA NA NA NA NA NA NA NA NA NA NA NA NA NA NA NA NA NA NA NA NA NA NA NA NA NA NA NA NA NA NA NA NA NA NA NA NA NA NA NA NA NA NA NA NA NA NA NA NA NA NA NA NA NA NA NA NA NA NA NA NA NA NA NA NA NA NA NA NA NA NA NA NA NA NA NA NA NA NA NA NA NA NA NA NA NA NA NA NA NA NA NA NA NA NA NA NA NA NA NA NA NA NA NA NA NA NA NA NA NA NA NA NA NA NA NA NA NA NA NA NA NA NA NA NA NA NA NA NA NA NA NA NA NA NA NA NA NA NA NA NA NA NA NA NA NA NA NA NA NA NA NA NA NA NA NA NA NA NA NA NA NA NA NA NA NA NA NA NA NA NA NA NA NA NA NA NA NA NA NA NA NA NA NA NA NA NA NA NA NA NA NA NA NA NA NA NA NA NA NA NA NA NA NA NA NA NA NA NA NA NA NA NA NA NA NA NA NA NA NA NA NA NA NA NA NA NA NA NA NA NA NA NA NA NA NA NA NA NA NA NA NA NA NA NA NA NA NA NA NA NA NA NA NA NA NA NA NA NA NA NA NA NA NA NA NA NA NA NA NA NA NA NA NA NA NA NA NA NA NA NA NA NA NA NA NA NA NA NA NA NA NA NA NA NA NA NA NA NA NA NA NA NA
NA NA NA NA NA NA NA NA NA NA NA NA NA NA NA NA NA NA NA NA NA NA NA NA NA NA NA NA NA NA NA NA NA NA NA NA NA NA NA NA NA NA NA NA NA NA NA NA NA NA NA NA NA NA NA NA NA NA NA NA NA NA NA NA NA NA NA NA NA NA NA NA NA NA NA NA NA NA NA NA NA 313 313 313 314 314 314 314 314 314 314 314 314 314 314 314 314 315 315 315 315 315 315 315 315 315 315 315 315 316 316 316 316 316 316 316 316 316 316 316 316 317 317 317 317 317 317 317 317 317 317 317 317 317 318 318 318 318 318 318 318 318 318 319 319 319 319 319 319 319 319 319 319 319 319 319 319 319 320 320 320 320 320 320 320 320 320 320 320 320 320 320 320 320 NA NA NA NA NA NA NA NA NA NA NA NA NA NA NA NA NA NA NA NA NA NA NA NA NA NA NA NA NA NA NA NA NA NA NA NA NA NA NA NA NA NA NA NA NA NA NA NA NA NA NA NA NA NA NA NA NA NA NA NA NA NA NA NA NA NA NA NA NA NA NA NA NA NA NA NA NA NA NA NA NA NA NA NA NA NA NA NA NA NA NA NA NA NA NA NA NA NA NA NA NA NA NA NA NA NA NA NA NA NA NA NA NA NA NA NA NA NA NA NA NA NA NA NA NA NA NA NA NA NA NA NA NA NA NA NA NA NA NA NA NA NA NA NA NA NA NA NA NA NA NA NA NA NA NA NA NA NA NA NA NA NA NA NA NA NA NA NA NA NA NA NA NA NA NA NA NA NA NA NA NA NA NA NA NA NA NA NA NA NA NA NA NA NA NA NA NA NA NA NA NA NA NA NA NA NA NA NA NA NA NA NA NA NA NA NA NA NA NA NA NA NA NA NA NA NA NA NA NA NA NA NA NA NA NA NA NA NA NA NA NA NA NA NA NA NA NA NA NA NA NA NA NA NA NA NA NA NA NA NA NA NA NA NA NA NA NA NA NA NA NA NA NA NA NA NA NA NA NA NA NA NA NA NA NA NA NA NA NA NA NA NA NA NA NA NA NA NA NA NA NA NA NA NA NA NA NA NA NA NA NA NA NA NA NA NA NA NA NA NA NA NA NA NA NA NA NA NA NA
NA NA NA NA NA NA NA NA NA NA NA NA NA NA NA NA NA NA NA NA NA NA NA NA NA NA NA NA NA NA NA NA NA NA NA NA NA NA NA NA NA NA NA NA NA NA NA NA NA NA NA NA NA NA NA NA NA NA NA NA NA NA NA NA NA NA NA NA NA NA NA NA NA NA NA NA NA NA 313 313 313 313 313 314 314 314 314 314 314 314 314 314 314 314 314 314 315 315 315 315 315 315 315 315 315 315 315 315 316 316 316 316 316 316 316 316 316 316 316 316 317 317 317 317 317 317 317 317 317 317 317 317 318 318 318 318 318 318 318 318 318 318 319 319 319 319 319 319 319 319 319 319 319 319 319 319 319 320 320 320 320 320 320 320 320 320 320 320 320 320 320 320 320 321 321 321 NA NA NA NA NA NA NA NA NA NA NA NA NA NA NA NA NA NA NA NA NA NA NA NA NA NA NA NA NA NA NA NA NA NA NA NA NA NA NA NA NA NA NA NA NA NA NA NA NA NA NA NA NA NA NA NA NA NA NA NA NA NA NA NA NA NA NA NA NA NA NA NA NA NA NA NA NA NA NA NA NA NA NA NA NA NA NA NA NA NA NA NA NA NA NA NA NA NA NA NA NA NA NA NA NA NA NA NA NA NA NA NA NA NA NA NA NA NA NA NA NA NA NA NA NA NA NA NA NA NA NA NA NA NA NA NA NA NA NA NA NA NA NA NA NA NA NA NA NA NA NA NA NA NA NA NA NA NA NA NA NA NA NA NA NA NA NA NA NA NA NA NA NA NA NA NA NA NA NA NA NA NA NA NA NA NA NA NA NA NA NA NA NA NA NA NA NA NA NA NA NA NA NA NA NA NA NA NA NA NA NA NA NA NA NA NA NA NA NA NA NA NA NA NA NA NA NA NA NA NA NA NA NA NA NA NA NA NA NA NA NA NA NA NA NA NA NA NA NA NA NA NA NA NA NA NA NA NA NA NA NA NA NA NA NA NA NA NA NA NA NA NA NA NA NA NA NA NA NA NA NA NA NA NA NA NA NA NA NA NA NA NA NA NA NA NA NA NA NA NA NA NA NA NA NA NA NA NA NA NA NA NA NA NA NA NA NA NA NA NA NA NA NA NA NA NA NA
NA NA NA NA NA NA NA NA NA NA NA NA NA NA NA NA NA NA NA NA NA NA NA NA NA NA NA NA NA NA NA NA NA NA NA NA NA NA NA NA NA NA NA NA NA NA NA NA NA NA NA NA NA NA NA NA NA NA NA NA NA NA NA NA NA NA NA NA NA NA NA NA NA NA NA NA NA NA 313 313 313 313 314 314 314 314 314 314 314 314 314 315 314 314 314 315 315 315 315 315 315 315 315 315 315 315 315 316 316 316 316 316 316 316 316 316 316 316 317 317 317 317 317 317 317 317 317 317 317 317 317 318 318 318 318 318 318 318 318 318 318 318 319 319 319 319 319 319 319 319 319 319 319 319 320 320 320 320 320 320 320 320 320 320 320 320 320 320 320 320 320 321 321 321 321 321 321 321 NA NA NA NA NA NA NA NA NA NA NA NA NA NA NA NA NA NA NA NA NA NA NA NA NA NA NA NA NA NA NA NA NA NA NA NA NA NA NA NA NA NA NA NA NA NA NA NA NA NA NA NA NA NA NA NA NA NA NA NA NA NA NA NA NA NA NA NA NA NA NA NA NA NA NA NA NA NA NA NA NA NA NA NA NA NA NA NA NA NA NA NA NA NA NA NA NA NA NA NA NA NA NA NA NA NA NA NA NA NA NA NA NA NA NA NA NA NA NA NA NA NA NA NA NA NA NA NA NA NA NA NA NA NA NA NA NA NA NA NA NA NA NA NA NA NA NA NA NA NA NA NA NA NA NA NA NA NA NA NA NA NA NA NA NA NA NA NA NA NA NA NA NA NA NA NA NA NA NA NA NA NA NA NA NA NA NA NA NA NA NA NA NA NA NA NA NA NA NA NA NA NA NA NA NA NA NA NA NA NA NA NA NA NA NA NA NA NA NA NA NA NA NA NA NA NA NA NA NA NA NA NA NA NA NA NA NA NA NA NA NA NA NA NA NA NA NA NA NA NA NA NA NA NA NA NA NA NA NA NA NA NA NA NA NA NA NA NA NA NA NA NA NA NA NA NA NA NA NA NA NA NA NA NA NA NA NA NA NA NA NA NA NA NA NA NA NA NA NA NA NA NA NA NA NA NA NA NA NA NA NA NA NA NA NA NA NA NA NA NA NA NA NA NA NA
NA NA NA NA NA NA NA NA NA NA NA NA NA NA NA NA NA NA NA NA NA NA NA NA NA NA NA NA NA NA NA NA NA NA NA NA NA NA NA NA NA NA NA NA NA NA NA NA NA NA NA NA NA NA NA NA NA NA NA NA NA NA NA NA NA NA NA NA NA NA NA NA NA NA NA NA NA 313 313 313 313 314 314 314 314 314 314 314 314 314 315 315 314 315 315 315 315 315 315 315 315 315 315 315 315 316 316 316 316 316 316 316 316 316 316 316 317 317 317 317 317 317 317 317 317 317 317 317 317 317 318 318 318 318 318 318 318 318 318 318 318 318 319 319 319 319 319 319 319 319 319 319 319 320 320 320 320 320 320 320 320 320 320 320 320 320 320 320 320 320 321 321 321 321 321 321 321 321 321 NA NA NA NA NA NA NA NA NA NA NA NA NA NA NA NA NA NA NA NA NA NA NA NA NA NA NA NA NA NA NA NA NA NA NA NA NA NA NA NA NA NA NA NA NA NA NA NA NA NA NA NA NA NA NA NA NA NA NA NA NA NA NA NA NA NA NA NA NA NA NA NA NA NA NA NA NA NA NA NA NA NA NA NA NA NA NA NA NA NA NA NA NA NA NA NA NA NA NA NA NA NA NA NA NA NA NA NA NA NA NA NA NA NA NA NA NA NA NA NA NA NA NA NA NA NA NA NA NA NA NA NA NA NA NA NA NA NA NA NA NA NA NA NA NA NA NA NA NA NA NA NA NA NA NA NA NA NA NA NA NA NA NA NA NA NA NA NA NA NA NA NA NA NA NA NA NA NA NA NA NA NA NA NA NA NA NA NA NA NA NA NA NA NA NA NA NA NA NA NA NA NA NA NA NA NA NA NA NA NA NA NA NA NA NA NA NA NA NA NA NA NA NA NA NA NA NA NA NA NA NA NA NA NA NA NA NA NA NA NA NA NA NA NA NA NA NA NA NA NA NA NA NA NA NA NA NA NA NA NA NA NA NA NA NA NA NA NA NA NA NA NA NA NA NA NA NA NA NA NA NA NA NA NA NA NA NA NA NA NA NA NA NA NA NA NA NA NA NA NA NA NA NA NA NA NA NA NA NA NA NA NA NA NA NA NA NA NA NA NA NA NA NA NA
NA NA NA NA NA NA NA NA NA NA NA NA NA NA NA NA NA NA NA NA NA NA NA NA NA NA NA NA NA NA NA NA NA NA NA NA NA NA NA NA NA NA NA NA NA NA NA NA NA NA NA NA NA NA NA NA NA NA NA NA NA NA NA NA NA NA NA NA NA NA NA NA NA NA NA NA 313 313 313 313 314 314 314 314 314 314 314 314 314 315 315 315 315 315 315 315 315 315 315 315 315 315 315 315 316 316 316 316 316 316 316 316 316 316 316 317 317 317 317 317 317 317 317 317 317 317 317 317 318 318 318 318 318 318 318 318 318 318 318 318 318 319 319 319 319 319 319 319 319 319 319 319 320 320 320 320 320 320 320 320 320 320 320 320 320 320 320 320 321 321 321 321 321 321 321 321 321 321 321 NA NA NA NA NA NA NA NA NA NA NA NA NA NA NA NA NA NA NA NA NA NA NA NA NA NA NA NA NA NA NA NA NA NA NA NA NA NA NA NA NA NA NA NA NA NA NA NA NA NA NA NA NA NA NA NA NA NA NA NA NA NA NA NA NA NA NA NA NA NA NA NA NA NA NA NA NA NA NA NA NA NA NA NA NA NA NA NA NA NA NA NA NA NA NA NA NA NA NA NA NA NA NA NA NA NA NA NA NA NA NA NA NA NA NA NA NA NA NA NA NA NA NA NA NA NA NA NA NA NA NA NA NA NA NA NA NA NA NA NA NA NA NA NA NA NA NA NA NA NA NA NA NA NA NA NA NA NA NA NA NA NA NA NA NA NA NA NA NA NA NA NA NA NA NA NA NA NA NA NA NA NA NA NA NA NA NA NA NA NA NA NA NA NA NA NA NA NA NA NA NA NA NA NA NA NA NA NA NA NA NA NA NA NA NA NA NA NA NA NA NA NA NA NA NA NA NA NA NA NA NA NA NA NA NA NA NA NA NA NA NA NA NA NA NA NA NA NA NA NA NA NA NA NA NA NA NA NA NA NA NA NA NA NA NA NA NA NA NA NA NA NA NA NA NA NA NA NA NA NA NA NA NA NA NA NA NA NA NA NA NA NA NA NA NA NA NA NA NA NA NA NA NA NA NA NA NA NA NA NA NA NA NA NA NA NA NA NA NA NA NA NA NA NA
NA NA NA NA NA NA NA NA NA NA NA NA NA NA NA NA NA NA NA NA NA NA NA NA NA NA NA NA NA NA NA NA NA NA NA NA NA NA NA NA NA NA NA NA NA NA NA NA NA NA NA NA NA NA NA NA NA NA NA NA NA NA NA NA NA NA NA NA NA NA NA NA NA NA 313 313 313 313 313 314 314 314 314 314 314 314 314 314 315 315 315 315 315 315 315 315 315 315 315 315 315 315 316 316 316 316 316 316 316 316 316 316 316 316 317 317 317 317 317 317 317 317 317 317 317 317 318 318 318 318 318 318 318 318 318 318 318 318 318 318 319 319 319 319 319 319 319 319 319 319 320 320 320 320 320 320 320 320 320 320 320 320 320 320 320 320 321 321 321 321 321 321 321 321 321 321 321 321 321 321 321 NA NA NA NA NA NA NA NA NA NA NA NA NA NA NA NA NA NA NA NA NA NA NA NA NA NA NA NA NA NA NA NA NA NA NA NA NA NA NA NA NA NA NA NA NA NA NA NA NA NA NA NA NA NA NA NA NA NA NA NA NA NA NA NA NA NA NA NA NA NA NA NA NA NA NA NA NA NA NA NA NA NA NA NA NA NA NA NA NA NA NA NA NA NA NA NA NA NA NA NA NA NA NA NA NA NA NA NA NA NA NA NA NA NA NA NA NA NA NA NA NA NA NA NA NA NA NA NA NA NA NA NA NA NA NA NA NA NA NA NA NA NA NA NA NA NA NA NA NA NA NA NA NA NA NA NA NA NA NA NA NA NA NA NA NA NA NA NA NA NA NA NA NA NA NA NA NA NA NA NA NA NA NA NA NA NA NA NA NA NA NA NA NA NA NA NA NA NA NA NA NA NA NA NA NA NA NA NA NA NA NA NA NA NA NA NA NA NA NA NA NA NA NA NA NA NA NA NA NA NA NA NA NA NA NA NA NA NA NA NA NA NA NA NA NA NA NA NA NA NA NA NA NA NA NA NA NA NA NA NA NA NA NA NA NA NA NA NA NA NA NA NA NA NA NA NA NA NA NA NA NA NA NA NA NA NA NA NA NA NA NA NA NA NA NA NA NA NA NA NA NA NA NA NA NA NA NA NA NA NA NA NA NA NA NA NA NA NA NA NA NA NA
NA NA NA NA NA NA NA NA NA NA NA NA NA NA NA NA NA NA NA NA NA NA NA NA NA NA NA NA NA NA NA NA NA NA NA NA NA NA NA NA NA NA NA NA NA NA NA NA NA NA NA NA NA NA NA NA NA NA NA NA NA NA NA NA NA NA NA NA NA NA NA NA NA 313 313 313 313 314 314 314 314 314 314 314 314 314 314 315 315 315 315 315 315 315 315 315 315 315 315 315 315 316 316 316 316 316 316 316 316 316 316 316 317 317 317 317 317 317 317 317 317 317 317 317 317 318 318 318 318 318 318 318 318 318 318 318 318 318 319 319 319 319 319 319 319 319 319 319 319 319 320 320 320 320 320 320 320 320 320 320 320 320 320 320 321 321 321 321 321 321 321 321 321 321 321 321 321 321 321 321 321 321 NA NA NA NA NA NA NA NA NA NA NA NA NA NA NA NA NA NA NA NA NA NA NA NA NA NA NA NA NA NA NA NA NA NA NA NA NA NA NA NA NA NA NA NA NA NA NA NA NA NA NA NA NA NA NA NA NA NA NA NA NA NA NA NA NA NA NA NA NA NA NA NA NA NA NA NA NA NA NA NA NA NA NA NA NA NA NA NA NA NA NA NA NA NA NA NA NA NA NA NA NA NA NA NA NA NA NA NA NA NA NA NA NA NA NA NA NA NA NA NA NA NA NA NA NA NA NA NA NA NA NA NA NA NA NA NA NA NA NA NA NA NA NA NA NA NA NA NA NA NA NA NA NA NA NA NA NA NA NA NA NA NA NA NA NA NA NA NA NA NA NA NA NA NA NA NA NA NA NA NA NA NA NA NA NA NA NA NA NA NA NA NA NA NA NA NA NA NA NA NA NA NA NA NA NA NA NA NA NA NA NA NA NA NA NA NA NA NA NA NA NA NA NA NA NA NA NA NA NA NA NA NA NA NA NA NA NA NA NA NA NA NA NA NA NA NA NA NA NA NA NA NA NA NA NA NA NA NA NA NA NA NA NA NA NA NA NA NA NA NA NA NA NA NA NA NA NA NA NA NA NA NA NA NA NA NA NA NA NA NA NA NA NA NA NA NA NA NA NA NA NA NA NA NA NA NA NA NA NA NA NA NA NA NA NA NA NA NA NA NA NA
NA NA NA NA NA NA NA NA NA NA NA NA NA NA NA NA NA NA NA NA NA NA NA NA NA NA NA NA NA NA NA NA NA NA NA NA NA NA NA NA NA NA NA NA NA NA NA NA NA NA NA NA NA NA NA NA NA NA NA NA NA NA NA NA 312 312 312 NA NA NA NA NA 313 313 313 313 314 314 314 314 314 314 314 314 314 314 315 315 315 315 315 315 315 315 315 315 315 315 315 315 316 316 316 316 316 316 316 316 316 316 316 317 317 317 317 317 317 317 317 317 317 317 317 318 318 318 318 318 318 318 318 318 318 318 318 318 318 319 319 319 319 319 319 319 319 319 319 319 320 320 320 320 320 320 320 320 320 320 320 320 320 320 320 321 321 321 321 321 321 321 321 321 321 321 321 321 321 321 321 321 322 322 322 NA NA NA NA NA NA NA NA NA NA NA NA NA NA NA NA NA NA NA NA NA NA NA NA NA NA NA NA NA NA NA NA NA NA NA NA NA NA NA NA NA NA NA NA NA NA NA NA NA NA NA NA NA NA NA NA NA NA NA NA NA NA NA NA NA NA NA NA NA NA NA NA NA NA NA NA NA NA NA NA NA NA NA NA NA NA NA NA NA NA NA NA NA NA NA NA NA NA NA NA NA NA NA NA NA NA NA NA NA NA NA NA NA NA NA NA NA NA NA NA NA NA NA NA NA NA NA NA NA NA NA NA NA NA NA NA NA NA NA NA NA NA NA NA NA NA NA NA NA NA NA NA NA NA NA NA NA NA NA NA NA NA NA NA NA NA NA NA NA NA NA NA NA NA NA NA NA NA NA NA NA NA NA NA NA NA NA NA NA NA NA NA NA NA NA NA NA NA NA NA NA NA NA NA NA NA NA NA NA NA NA NA NA NA NA NA NA NA NA NA NA NA NA NA NA NA NA NA NA NA NA NA NA NA NA NA NA NA NA NA NA NA NA NA NA NA NA NA NA NA NA NA NA NA NA NA NA NA NA NA NA NA NA NA NA NA NA NA NA NA NA NA NA NA NA NA NA NA NA NA NA NA NA NA NA NA NA NA NA NA NA NA NA NA NA NA NA NA NA NA NA NA NA NA NA NA NA NA NA NA NA NA NA NA NA NA NA NA NA NA
NA NA NA NA NA NA NA NA NA NA NA NA NA NA NA NA NA NA NA NA NA NA NA NA NA NA NA NA NA NA NA NA NA NA 309 309 309 NA NA NA NA NA NA NA NA NA NA NA NA NA NA NA NA NA NA NA NA NA NA NA NA NA 312 312 312 312 313 NA 313 313 313 313 313 313 313 314 314 314 314 314 314 314 314 314 314 315 315 315 315 315 315 315 315 315 315 315 315 315 315 316 316 316 316 316 316 316 316 316 316 316 317 317 317 317 317 317 317 317 317 317 317 317 318 318 318 318 318 318 318 318 318 318 318 318 318 318 319 319 319 319 319 319 319 319 319 319 319 320 320 320 320 320 320 320 320 320 320 320 320 320 320 321 321 321 321 321 321 321 321 321 321 321 321 321 321 321 321 321 322 322 322 322 322 NA NA NA NA NA NA NA NA NA NA NA NA NA NA NA NA NA NA NA NA NA NA NA NA NA NA NA NA NA NA NA NA NA NA NA NA NA NA NA NA NA NA NA NA NA NA NA NA NA NA NA NA NA NA NA NA NA NA NA NA NA NA NA NA NA NA NA NA NA NA NA NA NA NA NA NA NA NA NA NA NA NA NA NA NA NA NA NA NA NA NA NA NA NA NA NA NA NA NA NA NA NA NA NA NA NA NA NA NA NA NA NA NA NA NA NA NA NA NA NA NA NA NA NA NA NA NA NA NA NA NA NA NA NA NA NA NA NA NA NA NA NA NA NA NA NA NA NA NA NA NA NA NA NA NA NA NA NA NA NA NA NA NA NA NA NA NA NA NA NA NA NA NA NA NA NA NA NA NA NA NA NA NA NA NA NA NA NA NA NA NA NA NA NA NA NA NA NA NA NA NA NA NA NA NA NA NA NA NA NA NA NA NA NA NA NA NA NA NA NA NA NA NA NA NA NA NA NA NA NA NA NA NA NA NA NA NA NA NA NA NA NA NA NA NA NA NA NA NA NA NA NA NA NA NA NA NA NA NA NA NA NA NA NA NA NA NA NA NA NA NA NA NA NA NA NA NA NA NA NA NA NA NA NA NA NA NA NA NA NA NA NA NA NA NA NA NA NA NA NA NA NA NA NA NA NA NA NA NA NA NA NA NA NA NA NA NA NA NA NA
NA NA NA NA NA NA NA NA NA NA NA NA NA NA NA NA NA NA NA NA NA NA NA NA NA NA NA NA NA NA NA NA NA 309 309 309 309 310 310 NA NA NA NA NA NA NA NA NA NA NA NA NA NA NA NA NA NA NA NA NA 312 312 312 312 312 313 313 313 313 313 313 313 313 313 314 314 314 314 314 314 314 314 314 315 315 315 315 315 315 315 315 315 315 315 315 315 315 315 316 316 316 316 316 316 316 316 316 316 317 317 317 317 317 317 317 317 317 317 317 317 318 318 318 318 318 318 318 318 318 318 318 318 318 318 318 319 319 319 319 319 319 319 319 319 319 320 320 320 320 320 320 320 320 320 320 320 320 320 320 321 321 321 321 321 321 321 321 321 321 321 321 321 321 321 321 321 322 322 322 322 322 322 322 NA NA NA NA NA NA NA NA NA NA NA NA NA NA NA NA NA NA NA NA NA NA NA NA NA NA NA NA NA NA NA NA NA NA NA NA NA NA NA NA NA NA NA NA NA NA NA NA NA NA NA NA NA NA NA NA NA NA NA NA NA NA NA NA NA NA NA NA NA NA NA NA NA NA NA NA NA NA NA NA NA NA NA NA NA NA NA NA NA NA NA NA NA NA NA NA NA NA NA NA NA NA NA NA NA NA NA NA NA NA NA NA NA NA NA NA NA NA NA NA NA NA NA NA NA NA NA NA NA NA NA NA NA NA NA NA NA NA NA NA NA NA NA NA NA NA NA NA NA NA NA NA NA NA NA NA NA NA NA NA NA NA NA NA NA NA NA NA NA NA NA NA NA NA NA NA NA NA NA NA NA NA NA NA NA NA NA NA NA NA NA NA NA NA NA NA NA NA NA NA NA NA NA NA NA NA NA NA NA NA NA NA NA NA NA NA NA NA NA NA NA NA NA NA NA NA NA NA NA NA NA NA NA NA NA NA NA NA NA NA NA NA NA NA NA NA NA NA NA NA NA NA NA NA NA NA NA NA NA NA NA NA NA NA NA NA NA NA NA NA NA NA NA NA NA NA NA NA NA NA NA NA NA NA NA NA NA NA NA NA NA NA NA NA NA NA NA NA NA NA NA NA NA NA NA NA NA NA NA NA NA NA NA NA NA NA NA NA NA NA
NA NA NA NA NA NA NA NA NA NA NA NA NA NA NA NA NA NA NA NA NA NA NA NA NA NA NA NA NA NA NA NA 309 309 309 309 309 310 310 NA NA NA NA NA NA NA NA NA NA NA NA NA NA NA NA NA NA 312 312 312 312 312 312 312 313 313 313 313 313 313 313 313 313 314 314 314 314 314 314 314 314 314 315 315 315 315 315 315 315 315 315 315 315 315 315 315 316 316 316 316 316 316 316 316 316 316 316 317 317 317 317 317 317 317 317 317 317 317 317 318 318 318 318 318 318 318 318 318 318 318 318 318 318 318 319 319 319 319 319 319 319 319 319 319 320 320 320 320 320 320 320 320 320 320 320 320 320 321 321 321 321 321 321 321 321 321 321 321 321 321 321 321 321 321 321 322 322 322 322 322 322 322 322 322 NA NA NA NA NA NA NA NA NA NA NA NA NA NA NA NA NA NA NA NA NA NA NA NA NA NA NA NA NA NA NA NA NA NA NA NA NA NA NA NA NA NA NA NA NA NA NA NA NA NA NA NA NA NA NA NA NA NA NA NA NA NA NA NA NA NA NA NA NA NA NA NA NA NA NA NA NA NA NA NA NA NA NA NA NA NA NA NA NA NA NA NA NA NA NA NA NA NA NA NA NA NA NA NA NA NA NA NA NA NA NA NA NA NA NA NA NA NA NA NA NA NA NA NA NA NA NA NA NA NA NA NA NA NA NA NA NA NA NA NA NA NA NA NA NA NA NA NA NA NA NA NA NA NA NA NA NA NA NA NA NA NA NA NA NA NA NA NA NA NA NA NA NA NA NA NA NA NA NA NA NA NA NA NA NA NA NA NA NA NA NA NA NA NA NA NA NA NA NA NA NA NA NA NA NA NA NA NA NA NA NA NA NA NA NA NA NA NA NA NA NA NA NA NA NA NA NA NA NA NA NA NA NA NA NA NA NA NA NA NA NA NA NA NA NA NA NA NA NA NA NA NA NA NA NA NA NA NA NA NA NA NA NA NA NA NA NA NA NA NA NA NA NA NA NA NA NA NA NA NA NA NA NA NA NA NA NA NA NA NA NA NA NA NA NA NA NA NA NA NA NA NA NA NA NA NA NA NA NA NA NA NA NA NA NA NA NA NA NA
NA NA NA NA NA NA NA NA NA NA NA NA NA NA NA NA NA NA NA NA NA NA NA NA NA NA NA NA NA NA NA 309 309 309 309 310 310 310 310 NA NA NA NA NA NA NA NA NA NA NA NA NA NA NA NA NA 312 312 312 312 312 312 312 313 313 313 313 313 313 313 313 313 314 314 314 314 314 314 314 314 314 315 315 315 315 315 315 315 315 315 315 316 315 315 315 316 316 316 316 316 316 316 316 316 316 316 317 317 317 317 317 317 317 317 317 317 317 318 318 318 318 318 318 318 318 318 318 318 318 318 318 318 319 319 319 319 319 319 319 319 319 319 320 320 320 320 320 320 320 320 320 320 320 320 320 320 321 321 321 321 321 321 321 321 321 321 321 321 321 321 321 321 322 322 322 322 322 322 322 322 322 322 322 322 322 NA NA NA NA NA NA NA NA NA NA NA NA NA NA NA NA NA NA NA NA NA NA NA NA NA NA NA NA NA NA NA NA NA NA NA NA NA NA NA NA NA NA NA NA NA NA NA NA NA NA NA NA NA NA NA NA NA NA NA NA NA NA NA NA NA NA NA NA NA NA NA NA NA NA NA NA NA NA NA NA NA NA NA NA NA NA NA NA NA NA NA NA NA NA NA NA NA NA NA NA NA NA NA NA NA NA NA NA NA NA NA NA NA NA NA NA NA NA NA NA NA NA NA NA NA NA NA NA NA NA NA NA NA NA NA NA NA NA NA NA NA NA NA NA NA NA NA NA NA NA NA NA NA NA NA NA NA NA NA NA NA NA NA NA NA NA NA NA NA NA NA NA NA NA NA NA NA NA NA NA NA NA NA NA NA NA NA NA NA NA NA NA NA NA NA NA NA NA NA NA NA NA NA NA NA NA NA NA NA NA NA NA NA NA NA NA NA NA NA NA NA NA NA NA NA NA NA NA NA NA NA NA NA NA NA NA NA NA NA NA NA NA NA NA NA NA NA NA NA NA NA NA NA NA NA NA NA NA NA NA NA NA NA NA NA NA NA NA NA NA NA NA NA NA NA NA NA NA NA NA NA NA NA NA NA NA NA NA NA NA NA NA NA NA NA NA NA NA NA NA NA NA NA NA NA NA NA NA NA NA NA NA NA NA NA NA NA NA
NA NA NA NA NA NA NA NA NA NA NA NA NA NA NA NA NA NA NA NA NA NA NA NA NA NA NA NA NA NA 309 309 309 309 309 310 310 310 310 310 NA NA NA NA NA NA NA NA NA NA NA NA NA NA NA NA NA 312 312 312 312 312 313 313 313 313 313 313 313 313 313 314 314 314 314 314 314 314 314 314 315 315 315 315 315 315 315 315 315 315 316 316 315 315 316 316 316 316 316 316 316 316 316 316 316 317 317 317 317 317 317 317 317 317 317 317 318 318 318 318 318 318 318 318 318 318 318 318 318 318 319 319 319 319 319 319 319 319 319 319 319 319 320 320 320 320 320 320 320 320 320 320 320 320 321 321 321 321 321 321 321 321 321 321 321 321 321 321 321 321 321 322 322 322 322 322 322 322 322 322 322 322 322 322 NA NA NA NA NA NA NA NA NA NA NA NA NA NA NA NA NA NA NA NA NA NA NA NA NA NA NA NA NA NA NA NA NA NA NA NA NA NA NA NA NA NA NA NA NA NA NA NA NA NA NA NA NA NA NA NA NA NA NA NA NA NA NA NA NA NA NA NA NA NA NA NA NA NA NA NA NA NA NA NA NA NA NA NA NA NA NA NA NA NA NA NA NA NA NA NA NA NA NA NA NA NA NA NA NA NA NA NA NA NA NA NA NA NA NA NA NA NA NA NA NA NA NA NA NA NA NA NA NA NA NA NA NA NA NA NA NA NA NA NA NA NA NA NA NA NA NA NA NA NA NA NA NA NA NA NA NA NA NA NA NA NA NA NA NA NA NA NA NA NA NA NA NA NA NA NA NA NA NA NA NA NA NA NA NA NA NA NA NA NA NA NA NA NA NA NA NA NA NA NA NA NA NA NA NA NA NA NA NA NA NA NA NA NA NA NA NA NA NA NA NA NA NA NA NA NA NA NA NA NA NA NA NA NA NA NA NA NA NA NA NA NA NA NA NA NA NA NA NA NA NA NA NA NA NA NA NA NA NA NA NA NA NA NA NA NA NA NA NA NA NA NA NA NA NA NA NA NA NA NA NA NA NA NA NA NA NA NA NA NA NA NA NA NA NA NA NA NA NA NA NA NA NA NA NA NA NA NA NA NA NA NA NA NA NA NA NA NA NA
NA NA NA NA NA NA NA NA NA NA NA NA NA NA NA NA NA NA NA NA NA NA NA NA NA NA NA NA NA NA 309 309 309 309 310 310 310 310 310 310 310 310 NA NA NA NA 311 311 311 311 NA NA 312 312 312 312 NA NA 312 312 312 313 313 313 313 313 313 313 313 313 314 314 314 314 314 314 314 314 314 314 315 315 315 315 315 315 315 315 315 316 316 316 315 316 316 316 316 316 316 316 316 316 316 316 317 317 317 317 317 317 317 317 317 317 317 318 318 318 318 318 318 318 318 318 318 318 318 318 319 319 319 319 319 319 319 319 319 319 319 319 319 319 320 320 320 320 320 320 320 320 320 320 320 321 321 321 321 321 321 321 321 321 321 321 321 321 321 321 321 322 322 322 322 322 322 322 322 322 322 322 322 322 322 322 322 NA NA NA NA NA NA NA NA NA NA NA NA NA NA NA NA NA NA NA NA NA NA NA NA NA NA NA NA NA NA NA NA NA NA NA NA NA NA NA NA NA NA NA NA NA NA NA NA NA NA NA NA NA NA NA NA NA NA NA NA NA NA NA NA NA NA NA NA NA NA NA NA NA NA NA NA NA NA NA NA NA NA NA NA NA NA NA NA NA NA NA NA NA NA NA NA NA NA NA NA NA NA NA NA NA NA NA NA NA NA NA NA NA NA NA NA NA NA NA NA NA NA NA NA NA NA NA NA NA NA NA NA NA NA NA NA NA NA NA NA NA NA NA NA NA NA NA NA NA NA NA NA NA NA NA NA NA NA NA NA NA NA NA NA NA NA NA NA NA NA NA NA NA NA NA NA NA NA NA NA NA NA NA NA NA NA NA NA NA NA NA NA NA NA NA NA NA NA NA NA NA NA NA NA NA NA NA NA NA NA NA NA NA NA NA NA NA NA NA NA NA NA NA NA NA NA NA NA NA NA NA NA NA NA NA NA NA NA NA NA NA NA NA NA NA NA NA NA NA NA NA NA NA NA NA NA NA NA NA NA NA NA NA NA NA NA NA NA NA NA NA NA NA NA NA NA NA NA NA NA NA NA NA NA NA NA NA NA NA NA NA NA NA NA NA NA NA NA NA NA NA NA NA NA NA NA NA NA NA NA NA NA NA NA NA NA NA NA
NA NA NA NA NA NA NA NA NA NA NA NA NA NA NA NA NA NA NA NA NA NA NA NA NA NA NA NA NA NA NA 309 309 310 310 310 310 310 310 310 310 310 310 311 311 311 311 311 311 311 311 312 312 312 312 312 312 312 312 312 313 313 313 313 313 313 313 313 313 314 314 314 314 314 314 314 314 314 314 315 315 315 315 315 315 315 315 315 316 316 316 316 316 316 316 316 316 316 316 316 316 316 317 317 317 317 317 317 317 317 317 317 317 317 318 318 318 318 318 318 318 318 318 318 318 318 318 319 319 319 319 319 319 319 319 319 319 319 319 319 319 319 320 320 320 320 320 320 320 320 320 320 321 321 321 321 321 321 321 321 321 321 321 321 321 321 321 322 322 322 322 322 322 322 322 322 322 322 322 322 322 322 322 322 322 322 NA NA NA NA NA NA NA NA NA NA NA NA NA NA NA NA NA NA NA NA NA NA NA NA NA NA NA NA NA NA NA NA NA NA NA NA NA NA NA NA NA NA NA NA NA NA NA NA NA NA NA NA NA NA NA NA NA NA NA NA NA NA NA NA NA NA NA NA NA NA NA NA NA NA NA NA NA NA NA NA NA NA NA NA NA NA NA NA NA NA NA NA NA NA NA NA NA NA NA NA NA NA NA NA NA NA NA NA NA NA NA NA NA NA NA NA NA NA NA NA NA NA NA NA NA NA NA NA NA NA NA NA NA NA NA NA NA NA NA NA NA NA NA NA NA NA NA NA NA NA NA NA NA NA NA NA NA NA NA NA NA NA NA NA NA NA NA NA NA NA NA NA NA NA NA NA NA NA NA NA NA NA NA NA NA NA NA NA NA NA NA NA NA NA NA NA NA NA NA NA NA NA NA NA NA NA NA NA NA NA NA NA NA NA NA NA NA NA NA NA NA NA NA NA NA NA NA NA NA NA NA NA NA NA NA NA NA NA NA NA NA NA NA NA NA NA NA NA NA NA NA NA NA NA NA NA NA NA NA NA NA NA NA NA NA NA NA NA NA NA NA NA NA NA NA NA NA NA NA NA NA NA NA NA NA NA NA NA NA NA NA NA NA NA NA NA NA NA NA NA NA NA NA NA NA NA NA NA NA NA NA NA NA NA NA NA NA
NA NA NA NA NA NA NA NA NA NA NA NA NA NA NA NA NA NA NA NA NA NA NA NA NA NA NA NA NA NA NA 309 310 310 310 310 310 310 310 310 310 311 311 311 311 311 311 311 311 311 312 312 312 312 312 312 312 312 312 313 313 313 313 313 313 313 313 313 314 314 314 314 314 314 314 314 314 314 315 315 315 315 315 315 315 315 315 316 316 316 316 316 316 316 316 316 316 316 316 316 316 317 317 317 317 317 317 317 317 317 317 317 318 318 318 318 318 318 318 318 318 318 318 318 318 319 319 319 319 319 319 319 319 319 319 319 319 319 319 319 320 320 320 320 320 320 320 320 320 320 321 321 321 321 321 321 321 321 321 321 321 321 321 321 321 322 322 322 322 322 322 322 322 322 322 322 322 322 322 322 322 322 322 322 323 323 323 323 NA NA NA NA NA NA NA NA NA NA NA NA NA NA NA NA NA NA NA NA NA NA NA NA NA NA NA NA NA NA NA NA NA NA NA NA NA NA NA NA NA NA NA NA NA NA NA NA NA NA NA NA NA NA NA NA NA NA NA NA NA NA NA NA NA NA NA NA NA NA NA NA NA NA NA NA NA NA NA NA NA NA NA NA NA NA NA NA NA NA NA NA NA NA NA NA NA NA NA NA NA NA NA NA NA NA NA NA NA NA NA NA NA NA NA NA NA NA NA NA NA NA NA NA NA NA NA NA NA NA NA NA NA NA NA NA NA NA NA NA NA NA NA NA NA NA NA NA NA NA NA NA NA NA NA NA NA NA NA NA NA NA NA NA NA NA NA NA NA NA NA NA NA NA NA NA NA NA NA NA NA NA NA NA NA NA NA NA NA NA NA NA NA NA NA NA NA NA NA NA NA NA NA NA NA NA NA NA NA NA NA NA NA NA NA NA NA NA NA NA NA NA NA NA NA NA NA NA NA NA NA NA NA NA NA NA NA NA NA NA NA NA NA NA NA NA NA NA NA NA NA NA NA NA NA NA NA NA NA NA NA NA NA NA NA NA NA NA NA NA NA NA NA NA NA NA NA NA NA NA NA NA NA NA NA NA NA NA NA NA NA NA NA NA NA NA NA NA NA NA NA NA NA NA NA NA NA NA NA NA NA NA NA NA NA
NA NA NA NA NA NA NA NA NA NA NA NA NA NA NA NA NA NA NA NA NA NA NA NA NA NA NA NA NA NA NA 310 310 310 310 310 310 310 310 310 311 311 311 311 311 311 311 311 311 312 312 312 312 312 312 312 312 312 313 313 313 313 313 313 313 313 313 314 314 314 314 314 314 314 314 314 314 315 315 315 315 315 315 315 315 315 316 316 316 316 316 316 316 316 316 316 316 316 316 316 317 317 317 317 317 317 317 317 317 317 317 318 318 318 318 318 318 318 318 318 318 318 318 319 319 319 319 319 319 319 319 319 319 319 319 319 319 320 320 320 320 320 320 320 320 320 320 320 320 321 321 321 321 321 321 321 321 321 321 321 321 321 321 322 322 322 322 322 322 322 322 322 322 322 322 322 322 322 322 322 322 322 323 323 323 323 323 323 323 323 NA NA NA NA NA NA NA NA NA NA NA NA NA NA NA NA NA NA NA NA NA NA NA NA NA NA NA NA NA NA NA NA NA NA NA NA NA NA NA NA NA NA NA NA NA NA NA NA NA NA NA NA NA NA NA NA NA NA NA NA NA NA NA NA NA NA NA NA NA NA NA NA NA NA NA NA NA NA NA NA NA NA NA NA NA NA NA NA NA NA NA NA NA NA NA NA NA NA NA NA NA NA NA NA NA NA NA NA NA NA NA NA NA NA NA NA NA NA NA NA NA NA NA NA NA NA NA NA NA NA NA NA NA NA NA NA NA NA NA NA NA NA NA NA NA NA NA NA NA NA NA NA NA NA NA NA NA NA NA NA NA NA NA NA NA NA NA NA NA NA NA NA NA NA NA NA NA NA NA NA NA NA NA NA NA NA NA NA NA NA NA NA NA NA NA NA NA NA NA NA NA NA NA NA NA NA NA NA NA NA NA NA NA NA NA NA NA NA NA NA NA NA NA NA NA NA NA NA NA NA NA NA NA NA NA NA NA NA NA NA NA NA NA NA NA NA NA NA NA NA NA NA NA NA NA NA NA NA NA NA NA NA NA NA NA NA NA NA NA NA NA NA NA NA NA NA NA NA NA NA NA NA NA NA NA NA NA NA NA NA NA NA NA NA NA NA NA NA NA NA NA NA NA NA NA NA NA NA NA NA NA NA NA
NA NA NA NA NA NA NA NA NA NA NA NA NA NA NA NA NA NA NA NA NA NA NA NA 309 309 309 309 309 309 310 310 310 310 310 310 310 310 310 310 311 311 311 311 311 311 311 311 311 312 312 312 312 312 312 312 312 313 313 313 313 313 313 313 313 313 314 314 314 314 314 314 314 314 314 314 315 315 315 315 315 315 315 315 315 316 316 316 316 316 316 316 316 316 316 316 316 316 316 317 317 317 317 317 317 317 317 317 317 317 318 318 318 318 318 318 318 318 318 318 318 318 319 319 319 319 319 319 319 319 319 319 319 319 319 320 320 320 320 320 320 320 320 320 320 320 320 321 321 321 321 321 321 321 321 321 321 321 321 321 321 321 322 322 322 322 322 322 322 322 322 322 322 322 322 322 322 322 322 322 323 323 323 323 323 323 323 323 323 323 323 323 323 323 323 323 323 323 NA NA NA NA NA NA NA NA NA NA NA NA NA NA NA NA NA NA NA NA NA NA NA NA NA NA NA NA NA NA NA NA NA NA NA NA NA NA NA NA NA NA NA NA NA NA NA NA NA NA NA NA NA NA NA NA NA NA NA NA NA NA NA NA NA NA NA NA NA NA NA NA NA NA NA NA NA NA NA NA NA NA NA NA NA NA NA NA NA NA NA NA NA NA NA NA NA NA NA NA NA NA NA NA NA NA NA NA NA NA NA NA NA NA NA NA NA NA NA NA NA NA NA NA NA NA NA NA NA NA NA NA NA NA NA NA NA NA NA NA NA NA NA NA NA NA NA NA NA NA NA NA NA NA NA NA NA NA NA NA NA NA NA NA NA NA NA NA NA NA NA NA NA NA NA NA NA NA NA NA NA NA NA NA NA NA NA NA NA NA NA NA NA NA NA NA NA NA NA NA NA NA NA NA NA NA NA NA NA NA NA NA NA NA NA NA NA NA NA NA NA NA NA NA NA NA NA NA NA NA NA NA NA NA NA NA NA NA NA NA NA NA NA NA NA NA NA NA NA NA NA NA NA NA NA NA NA NA NA NA NA NA NA NA NA NA NA NA NA NA NA NA NA NA NA NA NA NA NA NA NA NA NA NA NA NA NA NA NA NA NA NA NA NA NA NA NA NA NA NA NA NA NA NA NA
NA NA NA NA NA NA NA NA NA NA NA NA NA NA NA NA NA NA NA NA NA NA 309 309 309 309 309 309 309 310 310 310 310 310 310 310 310 310 311 311 311 311 311 311 311 311 311 311 312 312 312 312 312 312 312 312 313 313 313 313 313 313 313 313 313 314 314 314 314 314 314 314 314 314 315 315 315 315 315 315 315 315 315 315 316 316 316 316 316 316 316 316 316 316 316 316 316 317 317 317 317 317 317 317 317 317 317 317 317 318 318 318 318 318 318 318 318 318 318 318 319 319 319 319 319 319 319 319 319 319 319 319 319 319 320 320 320 320 320 320 320 320 320 320 320 320 320 321 321 321 321 321 321 321 321 321 321 321 321 321 321 322 322 322 322 322 322 322 322 322 322 322 322 322 322 322 322 322 323 323 323 323 323 323 323 323 323 323 323 323 323 323 323 323 323 323 323 323 323 323 NA NA NA NA NA NA NA NA NA NA NA NA NA NA NA NA NA NA NA NA NA NA NA NA NA NA NA NA NA NA NA NA NA NA NA NA NA NA NA NA NA NA NA NA NA NA NA NA NA NA NA NA NA NA NA NA NA NA NA NA NA NA NA NA NA NA NA NA NA NA NA NA NA NA NA NA NA NA NA NA NA NA NA NA NA NA NA NA NA NA NA NA NA NA NA NA NA NA NA NA NA NA NA NA NA NA NA NA NA NA NA NA NA NA NA NA NA NA NA NA NA NA NA NA NA NA NA NA NA NA NA NA NA NA NA NA NA NA NA NA NA NA NA NA NA NA NA NA NA NA NA NA NA NA NA NA NA NA NA NA NA NA NA NA NA NA NA NA NA NA NA NA NA NA NA NA NA NA NA NA NA NA NA NA NA NA NA NA NA NA NA NA NA NA NA NA NA NA NA NA NA NA NA NA NA NA NA NA NA NA NA NA NA NA NA NA NA NA NA NA NA NA NA NA NA NA NA NA NA NA NA NA NA NA NA NA NA NA NA NA NA NA NA NA NA NA NA NA NA NA NA NA NA NA NA NA NA NA NA NA NA NA NA NA NA NA NA NA NA NA NA NA NA NA NA NA NA NA NA NA NA NA NA NA NA NA NA NA NA NA NA NA NA NA NA NA NA NA NA NA NA NA NA
NA NA NA NA NA NA NA NA NA NA NA NA NA NA NA NA NA NA NA NA NA NA 309 309 309 309 309 309 309 310 310 310 310 310 310 310 310 311 311 311 311 311 311 311 311 311 311 312 312 312 312 312 312 312 312 313 313 313 313 313 313 313 313 313 314 314 314 314 314 314 314 314 314 315 315 315 315 315 315 315 315 315 315 316 316 316 316 316 316 316 316 316 316 316 316 316 317 317 317 317 317 317 317 317 317 317 317 317 318 318 318 318 318 318 318 318 318 318 318 319 319 319 319 319 319 319 319 319 319 319 319 319 320 320 320 320 320 320 320 320 320 320 320 320 320 320 321 321 321 321 321 321 321 321 321 321 321 321 321 322 322 322 322 322 322 322 322 322 322 322 322 322 322 322 322 322 323 323 323 323 323 323 323 323 323 323 323 323 323 323 323 323 323 323 323 323 323 323 323 324 NA NA NA NA NA NA NA NA NA NA NA NA NA NA NA NA NA NA NA NA NA NA NA NA NA NA NA NA NA NA NA NA NA NA NA NA NA NA NA NA NA NA NA NA NA NA NA NA NA NA NA NA NA NA NA NA NA NA NA NA NA NA NA NA NA NA NA NA NA NA NA NA NA NA NA NA NA NA NA NA NA NA NA NA NA NA NA NA NA NA NA NA NA NA NA NA NA NA NA NA NA NA NA NA NA NA NA NA NA NA NA NA NA NA NA NA NA NA NA NA NA NA NA NA NA NA NA NA NA NA NA NA NA NA NA NA NA NA NA NA NA NA NA NA NA NA NA NA NA NA NA NA NA NA NA NA NA NA NA NA NA NA NA NA NA NA NA NA NA NA NA NA NA NA NA NA NA NA NA NA NA NA NA NA NA NA NA NA NA NA NA NA NA NA NA NA NA NA NA NA NA NA NA NA NA NA NA NA NA NA NA NA NA NA NA NA NA NA NA NA NA NA NA NA NA NA NA NA NA NA NA NA NA NA NA NA NA NA NA NA NA NA NA NA NA NA NA NA NA NA NA NA NA NA NA NA NA NA NA NA NA NA NA NA NA NA NA NA NA NA NA NA NA NA NA NA NA NA NA NA NA NA NA NA NA NA NA NA NA NA NA NA NA NA NA NA NA NA NA NA NA NA NA
NA NA NA NA NA NA NA NA NA NA NA NA NA NA NA NA NA NA NA NA NA NA 309 309 309 309 309 309 310 310 310 310 310 310 310 310 311 311 311 311 311 311 311 311 311 311 312 312 312 312 312 312 312 312 313 313 313 313 313 313 313 313 313 314 314 314 314 314 314 314 314 314 315 315 315 315 315 315 315 315 315 315 316 316 316 316 316 316 316 316 316 316 316 316 316 316 317 317 317 317 317 317 317 317 317 317 318 318 318 318 318 318 318 318 318 318 318 319 319 319 319 319 319 319 319 319 319 319 319 319 319 320 320 320 320 320 320 320 320 320 320 320 320 320 320 321 321 321 321 321 321 321 321 321 321 321 321 321 322 322 322 322 322 322 322 322 322 322 322 322 322 322 322 322 322 323 323 323 323 323 323 323 323 323 323 323 323 323 323 323 323 323 323 323 323 323 323 324 324 324 324 NA NA NA NA NA NA NA NA NA NA NA NA NA NA NA NA NA NA NA NA NA NA NA NA NA NA NA NA NA NA NA NA NA NA NA NA NA NA NA NA NA NA NA NA NA NA NA NA NA NA NA NA NA NA NA NA NA NA NA NA NA NA NA NA NA NA NA NA NA NA NA NA NA NA NA NA NA NA NA NA NA NA NA NA NA NA NA NA NA NA NA NA NA NA NA NA NA NA NA NA NA NA NA NA NA NA NA NA NA NA NA NA NA NA NA NA NA NA NA NA NA NA NA NA NA NA NA NA NA NA NA NA NA NA NA NA NA NA NA NA NA NA NA NA NA NA NA NA NA NA NA NA NA NA NA NA NA NA NA NA NA NA NA NA NA NA NA NA NA NA NA NA NA NA NA NA NA NA NA NA NA NA NA NA NA NA NA NA NA NA NA NA NA NA NA NA NA NA NA NA NA NA NA NA NA NA NA NA NA NA NA NA NA NA NA NA NA NA NA NA NA NA NA NA NA NA NA NA NA NA NA NA NA NA NA NA NA NA NA NA NA NA NA NA NA NA NA NA NA NA NA NA NA NA NA NA NA NA NA NA NA NA NA NA NA NA NA NA NA NA NA NA NA NA NA NA NA NA NA NA NA NA NA NA NA NA NA NA NA NA NA NA NA NA NA NA NA NA NA NA NA NA
NA NA NA NA NA NA NA NA NA NA 307 308 308 308 308 NA NA NA NA 309 309 NA NA 309 309 309 309 310 310 310 310 310 310 310 310 310 311 311 311 311 311 311 311 311 311 312 312 312 312 312 312 312 312 313 313 313 313 313 313 313 313 313 314 314 314 314 314 314 314 314 314 314 315 315 315 315 315 315 315 315 315 316 316 316 316 316 316 316 316 316 316 317 316 316 316 317 317 317 317 317 317 317 317 317 317 318 318 318 318 318 318 318 318 318 318 318 318 319 319 319 319 319 319 319 319 319 319 319 319 320 320 320 320 320 320 320 320 320 320 320 320 320 321 321 321 321 321 321 321 321 321 321 321 321 321 321 321 322 322 322 322 322 322 322 322 322 322 322 322 322 322 322 322 323 323 323 323 323 323 323 323 323 323 323 323 323 323 323 323 323 323 323 323 323 324 324 324 324 324 324 324 NA NA NA NA NA NA NA NA NA NA NA NA NA NA NA NA NA NA NA NA NA NA NA NA NA NA NA NA NA NA NA NA NA NA NA NA NA NA NA NA NA NA NA NA NA NA NA NA NA NA NA NA NA NA NA NA NA NA NA NA NA NA NA NA NA NA NA NA NA NA NA NA NA NA NA NA NA NA NA NA NA NA NA NA NA NA NA NA NA NA NA NA NA NA NA NA NA NA NA NA NA NA NA NA NA NA NA NA NA NA NA NA NA NA NA NA NA NA NA NA NA NA NA NA NA NA NA NA NA NA NA NA NA NA NA NA NA NA NA NA NA NA NA NA NA NA NA NA NA NA NA NA NA NA NA NA NA NA NA NA NA NA NA NA NA NA NA NA NA NA NA NA NA NA NA NA NA NA NA NA NA NA NA NA NA NA NA NA NA NA NA NA NA NA NA NA NA NA NA NA NA NA NA NA NA NA NA NA NA NA NA NA NA NA NA NA NA NA NA NA NA NA NA NA NA NA NA NA NA NA NA NA NA NA NA NA NA NA NA NA NA NA NA NA NA NA NA NA NA NA NA NA NA NA NA NA NA NA NA NA NA NA NA NA NA NA NA NA NA NA NA NA NA NA NA NA NA NA NA NA NA NA NA NA NA NA NA NA NA NA NA NA NA NA NA NA NA NA NA NA NA NA
NA NA NA NA NA NA NA NA 307 308 308 308 308 308 308 308 308 308 309 309 309 309 309 309 309 309 310 310 310 310 310 310 310 310 310 311 311 311 311 311 311 311 311 311 312 312 312 312 312 312 312 312 313 313 313 313 313 313 313 313 313 314 314 314 314 314 314 314 314 314 314 315 315 315 315 315 315 315 315 315 316 316 316 316 316 316 316 316 316 316 317 317 316 317 317 317 317 317 317 317 317 317 317 317 318 318 318 318 318 318 318 318 318 318 318 319 319 319 319 319 319 319 319 319 319 319 319 319 320 320 320 320 320 320 320 320 320 320 320 320 320 320 321 321 321 321 321 321 321 321 321 321 321 321 321 321 322 322 322 322 322 322 322 322 322 322 322 322 322 322 322 322 323 323 323 323 323 323 323 323 323 323 323 323 323 323 323 323 323 323 323 324 324 324 324 324 324 324 324 324 324 324 NA NA NA NA NA NA NA NA NA NA NA NA NA NA NA NA NA NA NA NA NA NA NA NA NA NA NA NA NA NA NA NA NA NA NA NA NA NA NA NA NA NA NA NA NA NA NA NA NA NA NA NA NA NA NA NA NA NA NA NA NA NA NA NA NA NA NA NA NA NA NA NA NA NA NA NA NA NA NA NA NA NA NA NA NA NA NA NA NA NA NA NA NA NA NA NA NA NA NA NA NA NA NA NA NA NA NA NA NA NA NA NA NA NA NA NA NA NA NA NA NA NA NA NA NA NA NA NA NA NA NA NA NA NA NA NA NA NA NA NA NA NA NA NA NA NA NA NA NA NA NA NA NA NA NA NA NA NA NA NA NA NA NA NA NA NA NA NA NA NA NA NA NA NA NA NA NA NA NA NA NA NA NA NA NA NA NA NA NA NA NA NA NA NA NA NA NA NA NA NA NA NA NA NA NA NA NA NA NA NA NA NA NA NA NA NA NA NA NA NA NA NA NA NA NA NA NA NA NA NA NA NA NA NA NA NA NA NA NA NA NA NA NA NA NA NA NA NA NA NA NA NA NA NA NA NA NA NA NA NA NA NA NA NA NA NA NA NA NA NA NA NA NA NA NA NA NA NA NA NA NA NA NA NA NA NA NA NA NA NA NA NA NA NA NA NA NA NA NA NA NA
307 NA NA NA NA NA 307 307 307 308 308 308 308 308 308 308 308 309 309 309 309 309 309 309 309 310 310 310 310 310 310 310 310 310 311 311 311 311 311 311 311 311 311 311 312 312 312 312 312 312 312 312 313 313 313 313 313 313 313 313 314 314 314 314 314 314 314 314 314 315 315 315 315 315 315 315 315 315 315 316 316 316 316 316 316 316 316 316 317 317 317 317 316 317 317 317 317 317 317 317 317 317 317 318 318 318 318 318 318 318 318 318 318 318 318 319 319 319 319 319 319 319 319 319 319 319 319 320 320 320 320 320 320 320 320 320 320 320 320 320 320 321 321 321 321 321 321 321 321 321 321 321 321 322 322 322 322 322 322 322 322 322 322 322 322 322 322 322 322 323 323 323 323 323 323 323 323 323 323 323 323 323 323 323 323 323 323 323 323 324 324 324 324 324 324 324 324 324 324 324 324 324 NA NA NA NA NA NA NA NA NA NA NA NA NA NA NA NA NA NA NA NA NA NA NA NA NA NA NA NA NA NA NA NA NA NA NA NA NA NA NA NA NA NA NA NA NA NA NA NA NA NA NA NA NA NA NA NA NA NA NA NA NA NA NA NA NA NA NA NA NA NA NA NA NA NA NA NA NA NA NA NA NA NA NA NA NA NA NA NA NA NA NA NA NA NA NA NA NA NA NA NA NA NA NA NA NA NA NA NA NA NA NA NA NA NA NA NA NA NA NA NA NA NA NA NA NA NA NA NA NA NA NA NA NA NA NA NA NA NA NA NA NA NA NA NA NA NA NA NA NA NA NA NA NA NA NA NA NA NA NA NA NA NA NA NA NA NA NA NA NA NA NA NA NA NA NA NA NA NA NA NA NA NA NA NA NA NA NA NA NA NA NA NA NA NA NA NA NA NA NA NA NA NA NA NA NA NA NA NA NA NA NA NA NA NA NA NA NA NA NA NA NA NA NA NA NA NA NA NA NA NA NA NA NA NA NA NA NA NA NA NA NA NA NA NA NA NA NA NA NA NA NA NA NA NA NA NA NA NA NA NA NA NA NA NA NA NA NA NA NA NA NA NA NA NA NA NA NA NA NA NA NA NA NA NA NA NA NA NA NA NA NA NA NA NA NA NA NA NA NA NA NA
NA 307 307 307 307 307 307 307 308 308 308 308 308 308 308 308 309 309 309 309 309 309 309 309 310 310 310 310 310 310 310 310 310 311 311 311 311 311 311 311 311 311 311 312 312 312 312 312 312 312 312 313 313 313 313 313 313 313 313 314 314 314 314 314 314 314 314 314 315 315 315 315 315 315 315 315 315 315 316 316 316 316 316 316 316 316 316 317 317 317 317 317 317 317 317 317 317 317 317 317 317 318 318 318 318 318 318 318 318 318 318 318 318 318 319 319 319 319 319 319 319 319 319 319 319 320 320 320 320 320 320 320 320 320 320 320 320 320 320 320 321 321 321 321 321 321 321 321 321 321 321 322 322 322 322 322 322 322 322 322 322 322 322 322 322 322 322 322 323 323 323 323 323 323 323 323 323 323 323 323 323 323 323 323 323 323 323 324 324 324 324 324 324 324 324 324 324 324 324 324 324 324 324 NA NA NA NA NA 324 324 324 NA NA NA NA NA NA NA NA NA NA NA NA NA NA NA NA NA NA NA NA NA NA NA NA NA NA NA NA NA NA NA NA NA NA NA NA NA NA NA NA NA NA NA NA NA NA NA NA NA NA NA NA NA NA NA NA NA NA NA NA NA NA NA NA NA NA NA NA NA NA NA NA NA NA NA NA NA NA NA NA NA NA NA NA NA NA NA NA NA NA NA NA NA NA NA NA NA NA NA NA NA NA NA NA NA NA NA NA NA NA NA NA NA NA NA NA NA NA NA NA NA NA NA NA NA NA NA NA NA NA NA NA NA NA NA NA NA NA NA NA NA NA NA NA NA NA NA NA NA NA NA NA NA NA NA NA NA NA NA NA NA NA NA NA NA NA NA NA NA NA NA NA NA NA NA NA NA NA NA NA NA NA NA NA NA NA NA NA NA NA NA NA NA NA NA NA NA NA NA NA NA NA NA NA NA NA NA NA NA NA NA NA NA NA NA NA NA NA NA NA NA NA NA NA NA NA NA NA NA NA NA NA NA NA NA NA NA NA NA NA NA NA NA NA NA NA NA NA NA NA NA NA NA NA NA NA NA NA NA NA NA NA NA NA NA NA NA NA NA NA NA NA NA NA NA NA NA NA NA NA NA NA NA NA NA NA NA NA NA NA NA NA
NA 307 307 307 307 307 307 308 308 308 308 308 308 308 308 309 309 309 309 309 309 309 309 310 310 310 310 310 310 310 310 310 311 311 311 311 311 311 311 311 311 312 312 312 312 312 312 312 312 312 313 313 313 313 313 313 313 313 314 314 314 314 314 314 314 314 314 315 315 315 315 315 315 315 315 315 315 316 316 316 316 316 316 316 316 316 317 317 317 317 317 317 317 317 317 317 317 317 317 317 318 318 318 318 318 318 318 318 318 318 318 318 319 319 319 319 319 319 319 319 319 319 319 319 320 320 320 320 320 320 320 320 320 320 320 320 320 320 321 321 321 321 321 321 321 321 321 321 321 322 322 322 322 322 322 322 322 322 322 322 322 322 322 322 322 322 323 323 323 323 323 323 323 323 323 323 323 323 323 323 323 323 323 323 323 324 324 324 324 324 324 324 324 324 324 324 324 324 324 324 324 324 324 324 NA NA 324 324 324 324 325 NA NA NA NA NA NA NA NA NA NA NA NA NA NA NA NA NA NA NA NA NA NA NA NA NA NA NA NA NA NA NA NA NA NA NA NA NA NA NA NA NA NA NA NA NA NA NA NA NA NA NA NA NA NA NA NA NA NA NA NA NA NA NA NA NA NA NA NA NA NA NA NA NA NA NA NA NA NA NA NA NA NA NA NA NA NA NA NA NA NA NA NA NA NA NA NA NA NA NA NA NA NA NA NA NA NA NA NA NA NA NA NA NA NA NA NA NA NA NA NA NA NA NA NA NA NA NA NA NA NA NA NA NA NA NA NA NA NA NA NA NA NA NA NA NA NA NA NA NA NA NA NA NA NA NA NA NA NA NA NA NA NA NA NA NA NA NA NA NA NA NA NA NA NA NA NA NA NA NA NA NA NA NA NA NA NA NA NA NA NA NA NA NA NA NA NA NA NA NA NA NA NA NA NA NA NA NA NA NA NA NA NA NA NA NA NA NA NA NA NA NA NA NA NA NA NA NA NA NA NA NA NA NA NA NA NA NA NA NA NA NA NA NA NA NA NA NA NA NA NA NA NA NA NA NA NA NA NA NA NA NA NA NA NA NA NA NA NA NA NA NA NA NA NA NA NA NA NA NA NA NA NA NA NA NA NA NA NA NA NA NA NA
NA 307 307 307 307 307 308 308 308 308 308 308 308 308 309 309 309 309 309 309 309 309 310 310 310 310 310 310 310 310 310 311 311 311 311 311 311 311 311 311 312 312 312 312 312 312 312 312 312 313 313 313 313 313 313 313 313 313 314 314 314 314 314 314 314 314 314 315 315 315 315 315 315 315 315 315 316 316 316 316 316 316 316 316 316 317 317 317 317 317 317 317 317 317 317 317 317 317 317 318 318 318 318 318 318 318 318 318 318 318 319 319 319 319 319 319 319 319 319 319 319 319 320 320 320 320 320 320 320 320 320 320 320 320 320 320 321 321 321 321 321 321 321 321 321 321 321 321 321 322 322 322 322 322 322 322 322 322 322 322 322 322 322 322 323 323 323 323 323 323 323 323 323 323 323 323 323 323 323 323 323 323 323 324 324 324 324 324 324 324 324 324 324 324 324 324 324 324 324 324 324 324 324 324 324 324 324 324 325 325 325 NA NA NA NA NA NA NA NA NA NA NA NA NA NA NA NA NA NA NA NA NA NA NA NA NA NA NA NA NA NA NA NA NA NA NA NA NA NA NA NA NA NA NA NA NA NA NA NA NA NA NA NA NA NA NA NA NA NA NA NA NA NA NA NA NA NA NA NA NA NA NA NA NA NA NA NA NA NA NA NA NA NA NA NA NA NA NA NA NA NA NA NA NA NA NA NA NA NA NA NA NA NA NA NA NA NA NA NA NA NA NA NA NA NA NA NA NA NA NA NA NA NA NA NA NA NA NA NA NA NA NA NA NA NA NA NA NA NA NA NA NA NA NA NA NA NA NA NA NA NA NA NA NA NA NA NA NA NA NA NA NA NA NA NA NA NA NA NA NA NA NA NA NA NA NA NA NA NA NA NA NA NA NA NA NA NA NA NA NA NA NA NA NA NA NA NA NA NA NA NA NA NA NA NA NA NA NA NA NA NA NA NA NA NA NA NA NA NA NA NA NA NA NA NA NA NA NA NA NA NA NA NA NA NA NA NA NA NA NA NA NA NA NA NA NA NA NA NA NA NA NA NA NA NA NA NA NA NA NA NA NA NA NA NA NA NA NA NA NA NA NA NA NA NA NA NA NA NA NA NA NA NA NA NA NA NA NA NA NA NA NA NA
NA NA 307 307 307 308 308 308 308 308 308 308 308 309 309 309 309 309 309 309 309 309 310 310 310 310 310 310 310 310 311 311 311 311 311 311 311 311 311 312 312 312 312 312 312 312 312 312 313 313 313 313 313 313 313 313 313 314 314 314 314 314 314 314 314 314 315 315 315 315 315 315 315 315 315 316 316 316 316 316 316 316 316 316 317 317 317 317 317 317 317 317 317 317 317 317 317 317 318 318 318 318 318 318 318 318 318 318 318 319 319 319 319 319 319 319 319 319 319 319 319 320 320 320 320 320 320 320 320 320 320 320 320 320 320 321 321 321 321 321 321 321 321 321 321 321 321 322 322 322 322 322 322 322 322 322 322 322 322 322 322 322 322 323 323 323 323 323 323 323 323 323 323 323 323 323 323 323 323 323 323 324 324 324 324 324 324 324 324 324 324 324 324 324 324 324 324 324 324 324 324 324 324 324 324 324 325 325 325 325 325 NA NA NA NA NA NA NA NA NA NA NA NA NA NA NA NA NA NA NA NA NA NA NA NA NA NA NA NA NA NA NA NA NA NA NA NA NA NA NA NA NA NA NA NA NA NA NA NA NA NA NA NA NA NA NA NA NA NA NA NA NA NA NA NA NA NA NA NA NA NA NA NA NA NA NA NA NA NA NA NA NA NA NA NA NA NA NA NA NA NA NA NA NA NA NA NA NA NA NA NA NA NA NA NA NA NA NA NA NA NA NA NA NA NA NA NA NA NA NA NA NA NA NA NA NA NA NA NA NA NA NA NA NA NA NA NA NA NA NA NA NA NA NA NA NA NA NA NA NA NA NA NA NA NA NA NA NA NA NA NA NA NA NA NA NA NA NA NA NA NA NA NA NA NA NA NA NA NA NA NA NA NA NA NA NA NA NA NA NA NA NA NA NA NA NA NA NA NA NA NA NA NA NA NA NA NA NA NA NA NA NA NA NA NA NA NA NA NA NA NA NA NA NA NA NA NA NA NA NA NA NA NA NA NA NA NA NA NA NA NA NA NA NA NA NA NA NA NA NA NA NA NA NA NA NA NA NA NA NA NA NA NA NA NA NA NA NA NA NA NA NA NA NA NA NA NA NA NA NA NA NA NA NA NA NA NA NA NA NA NA NA NA
NA NA 307 307 307 308 308 308 308 308 308 308 308 309 309 309 309 309 309 309 309 310 310 310 310 310 310 310 310 311 311 311 311 311 311 311 311 311 312 312 312 312 312 312 312 312 312 312 313 313 313 313 313 313 313 313 314 314 314 314 314 314 314 314 314 315 315 315 315 315 315 315 315 315 316 316 316 316 316 316 316 316 316 317 317 317 317 317 317 317 317 317 317 317 317 317 317 318 318 318 318 318 318 318 318 318 318 318 319 319 319 319 319 319 319 319 319 319 319 319 319 320 320 320 320 320 320 320 320 320 320 320 320 321 321 321 321 321 321 321 321 321 321 321 321 321 321 322 322 322 322 322 322 322 322 322 322 322 322 322 322 323 323 323 323 323 323 323 323 323 323 323 323 323 323 323 323 323 323 324 324 324 324 324 324 324 324 324 324 324 324 324 324 324 324 324 324 324 324 324 324 324 324 325 325 325 325 325 325 325 325 325 NA NA NA NA NA NA NA NA NA NA NA NA NA NA NA NA NA NA NA NA NA NA NA NA NA NA NA NA NA NA NA NA NA NA NA NA NA NA NA NA NA NA NA NA NA NA NA NA NA NA NA NA NA NA NA NA NA NA NA NA NA NA NA NA NA NA NA NA NA NA NA NA NA NA NA NA NA NA NA NA NA NA NA NA NA NA NA NA NA NA NA NA NA NA NA NA NA NA NA NA NA NA NA NA NA NA NA NA NA NA NA NA NA NA NA NA NA NA NA NA NA NA NA NA NA NA NA NA NA NA NA NA NA NA NA NA NA NA NA NA NA NA NA NA NA NA NA NA NA NA NA NA NA NA NA NA NA NA NA NA NA NA NA NA NA NA NA NA NA NA NA NA NA NA NA NA NA NA NA NA NA NA NA NA NA NA NA NA NA NA NA NA NA NA NA NA NA NA NA NA NA NA NA NA NA NA NA NA NA NA NA NA NA NA NA NA NA NA NA NA NA NA NA NA NA NA NA NA NA NA NA NA NA NA NA NA NA NA NA NA NA NA NA NA NA NA NA NA NA NA NA NA NA NA NA NA NA NA NA NA NA NA NA NA NA NA NA NA NA NA NA NA NA NA NA NA NA NA NA NA NA NA NA NA NA NA NA NA NA NA NA
NA NA NA NA 308 308 308 308 308 308 308 308 309 309 309 309 309 309 309 309 310 310 310 310 310 310 310 310 310 311 311 311 311 311 311 311 311 312 312 312 312 312 312 312 312 312 312 313 313 313 313 313 313 313 313 314 314 314 314 314 314 314 314 314 315 315 315 315 315 315 315 315 315 316 316 316 316 316 316 316 316 316 317 317 317 317 317 317 317 317 317 317 317 317 317 317 317 318 318 318 318 318 318 318 318 318 318 319 319 319 319 319 319 319 319 319 319 319 319 320 320 320 320 320 320 320 320 320 320 320 320 320 321 321 321 321 321 321 321 321 321 321 321 321 321 321 322 322 322 322 322 322 322 322 322 322 322 322 322 322 323 323 323 323 323 323 323 323 323 323 323 323 323 323 323 323 323 324 324 324 324 324 324 324 324 324 324 324 324 324 324 324 324 324 324 324 324 324 324 324 324 325 325 325 325 325 325 325 325 325 325 325 325 325 325 325 NA NA NA NA NA NA NA NA NA NA NA NA NA NA NA NA NA NA NA NA NA NA NA NA NA NA NA NA NA NA NA NA NA NA NA NA NA NA NA NA NA NA NA NA NA NA NA NA NA NA NA NA NA NA NA NA NA NA NA NA NA NA NA NA NA NA NA NA NA NA NA NA NA NA NA NA NA NA NA NA NA NA NA NA NA NA NA NA NA NA NA NA NA NA NA NA NA NA NA NA NA NA NA NA NA NA NA NA NA NA NA NA NA NA NA NA NA NA NA NA NA NA NA NA NA NA NA NA NA NA NA NA NA NA NA NA NA NA NA NA NA NA NA NA NA NA NA NA NA NA NA NA NA NA NA NA NA NA NA NA NA NA NA NA NA NA NA NA NA NA NA NA NA NA NA NA NA NA NA NA NA NA NA NA NA NA NA NA NA NA NA NA NA NA NA NA NA NA NA NA NA NA NA NA NA NA NA NA NA NA NA NA NA NA NA NA NA NA NA NA NA NA NA NA NA NA NA NA NA NA NA NA NA NA NA NA NA NA NA NA NA NA NA NA NA NA NA NA NA NA NA NA NA NA NA NA NA NA NA NA NA NA NA NA NA NA NA NA NA NA NA NA NA NA NA NA NA NA NA NA NA NA NA NA NA NA NA
NA NA NA NA NA 308 308 308 308 308 308 309 309 309 309 309 309 309 309 309 310 310 310 310 310 310 310 310 311 311 311 311 311 311 311 311 312 312 312 312 312 312 312 312 312 312 313 313 313 313 313 313 313 313 314 314 314 314 314 314 314 314 314 315 315 315 315 315 315 315 315 315 316 316 316 316 316 316 316 316 316 316 317 317 317 317 317 317 317 317 317 318 317 317 317 317 318 318 318 318 318 318 318 318 318 319 319 319 319 319 319 319 319 319 319 319 319 319 320 320 320 320 320 320 320 320 320 320 320 320 321 321 321 321 321 321 321 321 321 321 321 321 321 321 322 322 322 322 322 322 322 322 322 322 322 322 322 322 323 323 323 323 323 323 323 323 323 323 323 323 323 323 323 323 323 324 324 324 324 324 324 324 324 324 324 324 324 324 324 324 324 324 324 324 324 324 324 324 324 325 325 325 325 325 325 325 325 325 325 325 325 325 325 325 325 325 325 NA NA NA NA NA NA NA NA NA NA NA NA NA NA NA NA NA NA NA NA NA NA NA NA NA NA NA NA NA NA NA NA NA NA NA NA NA NA NA NA NA NA NA NA NA NA NA NA NA NA NA NA NA NA NA NA NA NA NA NA NA NA NA NA NA NA NA NA NA NA NA NA NA NA NA NA NA NA NA NA NA NA NA NA NA NA NA NA NA NA NA NA NA NA NA NA NA NA NA NA NA NA NA NA NA NA NA NA NA NA NA NA NA NA NA NA NA NA NA NA NA NA NA NA NA NA NA NA NA NA NA NA NA NA NA NA NA NA NA NA NA NA NA NA NA NA NA NA NA NA NA NA NA NA NA NA NA NA NA NA NA NA NA NA NA NA NA NA NA NA NA NA NA NA NA NA NA NA NA NA NA NA NA NA NA NA NA NA NA NA NA NA NA NA NA NA NA NA NA NA NA NA NA NA NA NA NA NA NA NA NA NA NA NA NA NA NA NA NA NA NA NA NA NA NA NA NA NA NA NA NA NA NA NA NA NA NA NA NA NA NA NA NA NA NA NA NA NA NA NA NA NA NA NA NA NA NA NA NA NA NA NA NA NA NA NA NA NA NA NA NA NA NA NA NA NA NA NA NA NA NA NA NA NA NA NA
NA NA NA NA NA 308 308 308 308 308 309 309 309 309 309 309 309 309 309 310 310 310 310 310 310 310 310 311 311 311 311 311 311 311 311 311 312 312 312 312 312 312 312 312 312 312 313 313 313 313 313 313 313 313 314 314 314 314 314 314 314 314 315 315 315 315 315 315 315 315 315 316 316 316 316 316 316 316 316 316 316 317 317 317 317 317 317 317 317 317 318 318 317 317 318 318 318 318 318 318 318 318 318 318 319 319 319 319 319 319 319 319 319 319 319 319 320 320 320 320 320 320 320 320 320 320 320 320 320 321 321 321 321 321 321 321 321 321 321 321 321 321 322 322 322 322 322 322 322 322 322 322 322 322 322 322 322 323 323 323 323 323 323 323 323 323 323 323 323 323 323 323 323 323 324 324 324 324 324 324 324 324 324 324 324 324 324 324 324 324 324 324 324 324 324 324 324 325 325 325 325 325 325 325 325 325 325 325 325 325 325 325 325 325 325 325 325 325 NA NA NA NA NA NA NA NA NA NA NA NA NA NA NA NA NA NA NA NA NA NA NA NA NA NA NA NA NA NA NA NA NA NA NA NA NA NA NA NA NA NA NA NA NA NA NA NA NA NA NA NA NA NA NA NA NA NA NA NA NA NA NA NA NA NA NA NA NA NA NA NA NA NA NA NA NA NA NA NA NA NA NA NA NA NA NA NA NA NA NA NA NA NA NA NA NA NA NA NA NA NA NA NA NA NA NA NA NA NA NA NA NA NA NA NA NA NA NA NA NA NA NA NA NA NA NA NA NA NA NA NA NA NA NA NA NA NA NA NA NA NA NA NA NA NA NA NA NA NA NA NA NA NA NA NA NA NA NA NA NA NA NA NA NA NA NA NA NA NA NA NA NA NA NA NA NA NA NA NA NA NA NA NA NA NA NA NA NA NA NA NA NA NA NA NA NA NA NA NA NA NA NA NA NA NA NA NA NA NA NA NA NA NA NA NA NA NA NA NA NA NA NA NA NA NA NA NA NA NA NA NA NA NA NA NA NA NA NA NA NA NA NA NA NA NA NA NA NA NA NA NA NA NA NA NA NA NA NA NA NA NA NA NA NA NA NA NA NA NA NA NA NA NA NA NA NA NA NA NA NA NA NA NA NA
NA NA NA NA NA 308 308 308 308 308 309 309 309 309 309 309 309 309 310 310 310 310 310 310 310 310 310 311 311 311 311 311 311 311 311 312 312 312 312 312 312 312 312 312 313 313 313 313 313 313 313 313 313 314 314 314 314 314 314 314 314 315 315 315 315 315 315 315 315 315 316 316 316 316 316 316 316 316 316 316 317 317 317 317 317 317 317 317 317 318 318 318 317 318 318 318 318 318 318 318 318 318 318 319 319 319 319 319 319 319 319 319 319 319 319 320 320 320 320 320 320 320 320 320 320 320 320 320 321 321 321 321 321 321 321 321 321 321 321 321 321 321 322 322 322 322 322 322 322 322 322 322 322 322 322 323 323 323 323 323 323 323 323 323 323 323 323 323 323 323 323 323 324 324 324 324 324 324 324 324 324 324 324 324 324 324 324 324 324 324 324 324 324 324 324 325 325 325 325 325 325 325 325 325 325 325 325 325 325 325 325 325 325 325 325 325 325 325 325 325 NA NA NA NA NA NA NA NA NA NA NA NA NA NA NA NA NA NA NA NA NA NA NA NA NA NA NA NA NA NA NA NA NA NA NA NA NA NA NA NA NA NA NA NA NA NA NA NA NA NA NA NA NA NA NA NA NA NA NA NA NA NA NA NA NA NA NA NA NA NA NA NA NA NA NA NA NA NA NA NA NA NA NA NA NA NA NA NA NA NA NA NA NA NA NA NA NA NA NA NA NA NA NA NA NA NA NA NA NA NA NA NA NA NA NA NA NA NA NA NA NA NA NA NA NA NA NA NA NA NA NA NA NA NA NA NA NA NA NA NA NA NA NA NA NA NA NA NA NA NA NA NA NA NA NA NA NA NA NA NA NA NA NA NA NA NA NA NA NA NA NA NA NA NA NA NA NA NA NA NA NA NA NA NA NA NA NA NA NA NA NA NA NA NA NA NA NA NA NA NA NA NA NA NA NA NA NA NA NA NA NA NA NA NA NA NA NA NA NA NA NA NA NA NA NA NA NA NA NA NA NA NA NA NA NA NA NA NA NA NA NA NA NA NA NA NA NA NA NA NA NA NA NA NA NA NA NA NA NA NA NA NA NA NA NA NA NA NA NA NA NA NA NA NA NA NA NA NA NA NA NA NA NA
NA NA NA NA NA 308 308 308 308 309 309 309 309 309 309 309 309 310 310 310 310 310 310 310 310 311 311 311 311 311 311 311 311 312 312 312 312 312 312 312 312 312 312 312 312 313 313 313 313 313 313 313 313 313 314 314 314 314 314 314 314 314 315 315 315 315 315 315 315 315 315 316 316 316 316 316 316 316 316 316 317 317 317 317 317 317 317 317 317 317 318 318 318 318 318 318 318 318 318 318 319 319 319 319 319 319 319 319 319 319 320 320 320 320 320 320 320 320 320 320 320 320 320 321 321 321 321 321 321 321 321 321 321 321 321 321 322 322 322 322 322 322 322 322 322 322 322 322 322 322 322 322 322 322 322 322 322 323 323 323 323 323 323 323 323 323 323 323 323 323 323 323 323 323 323 323 324 324 324 324 324 324 324 324 324 324 324 324 324 324 324 324 324 324 324 324 324 324 324 324 324 324 325 325 325 325 325 325 325 325 325 325 325 325 325 325 325 325 325 325 325 NA NA NA NA NA NA NA NA NA NA NA NA NA NA NA NA NA NA NA NA NA NA NA NA NA NA NA NA NA NA NA NA NA NA NA NA NA NA NA NA NA NA NA NA NA NA NA NA NA NA NA NA NA NA NA NA NA NA NA NA NA NA NA NA NA NA NA NA NA NA NA NA NA NA NA NA NA NA NA NA NA NA NA NA NA NA NA NA NA NA NA NA NA NA NA NA NA NA NA NA NA NA NA NA NA NA NA NA NA NA NA NA NA NA NA NA NA NA NA NA NA NA NA NA NA NA NA NA NA NA NA NA NA NA NA NA NA NA NA NA NA NA NA NA NA NA NA NA NA NA NA NA NA NA NA NA NA NA NA NA NA NA NA NA NA NA NA NA NA NA NA NA NA NA NA NA NA NA NA NA NA NA NA NA NA NA NA NA NA NA NA NA NA NA NA NA NA NA NA NA NA NA NA NA NA NA NA NA NA NA NA NA NA NA NA NA NA NA NA NA NA NA NA NA NA NA NA NA NA NA NA NA NA NA NA NA NA NA NA NA NA NA NA NA NA NA NA NA NA NA NA NA NA NA NA NA NA NA NA NA NA NA NA NA NA NA NA NA NA NA NA NA NA NA NA NA NA NA NA NA NA NA
NA NA NA NA 308 308 308 308 309 309 309 309 309 309 309 309 310 310 310 310 310 310 310 310 311 311 311 311 311 311 311 311 311 312 312 312 312 312 312 312 312 313 312 312 313 313 313 313 313 313 313 313 313 314 314 314 314 314 314 314 314 315 315 315 315 315 315 315 315 315 316 316 316 316 316 316 316 316 316 317 317 317 317 317 317 317 317 317 317 318 318 318 318 318 318 318 318 318 318 319 319 319 319 319 319 319 319 319 319 320 320 320 320 320 320 320 320 320 320 320 320 320 321 321 321 321 321 321 321 321 321 321 321 321 322 322 322 322 322 322 322 322 322 322 322 322 322 322 322 322 322 322 322 322 323 323 323 323 323 323 323 323 323 323 323 323 323 323 323 323 323 323 323 323 324 324 324 324 324 324 324 324 324 324 324 324 324 324 324 324 324 324 324 324 324 324 324 324 324 325 325 325 325 325 325 325 325 325 325 325 325 325 325 325 325 325 325 325 325 325 325 NA NA NA NA NA NA NA NA NA NA NA NA NA NA NA NA NA NA NA NA NA NA NA NA NA NA NA NA NA NA NA NA NA NA NA NA NA NA NA NA NA NA NA NA NA NA NA NA NA NA NA NA NA NA NA NA NA NA NA NA NA NA NA NA NA NA NA NA NA NA NA NA NA NA NA NA NA NA NA NA NA NA NA NA NA NA NA NA NA NA NA NA NA NA NA NA NA NA NA NA NA NA NA NA NA NA NA NA NA NA NA NA NA NA NA NA NA NA NA NA NA NA NA NA NA NA NA NA NA NA NA NA NA NA NA NA NA NA NA NA NA NA NA NA NA NA NA NA NA NA NA NA NA NA NA NA NA NA NA NA NA NA NA NA NA NA NA NA NA NA NA NA NA NA NA NA NA NA NA NA NA NA NA NA NA NA NA NA NA NA NA NA NA NA NA NA NA NA NA NA NA NA NA NA NA NA NA NA NA NA NA NA NA NA NA NA NA NA NA NA NA NA NA NA NA NA NA NA NA NA NA NA NA NA NA NA NA NA NA NA NA NA NA NA NA NA NA NA NA NA NA NA NA NA NA NA NA NA NA NA NA NA NA NA NA NA NA NA NA NA NA NA NA NA NA NA NA NA NA NA NA NA
NA NA NA NA 308 308 308 309 309 309 309 309 309 309 309 310 310 310 310 310 310 310 310 310 311 311 311 311 311 311 311 311 312 312 312 312 312 312 312 312 313 313 312 313 313 313 313 313 313 313 313 313 313 314 314 314 314 314 314 314 315 315 315 315 315 315 315 315 315 316 316 316 316 316 316 316 316 316 317 317 317 317 317 317 317 317 317 317 318 318 318 318 318 318 318 318 318 318 319 319 319 319 319 319 319 319 319 319 320 320 320 320 320 320 320 320 320 320 320 320 320 321 321 321 321 321 321 321 321 321 321 321 321 322 322 322 322 322 322 322 322 322 322 322 322 322 322 322 322 322 322 322 323 323 323 323 323 323 323 323 323 323 323 323 323 323 323 323 323 323 323 323 324 324 324 324 324 324 324 324 324 324 324 324 324 324 324 324 324 324 324 324 324 324 324 325 324 325 325 325 325 325 325 325 325 325 325 325 325 325 325 325 325 325 325 325 325 325 325 325 NA NA NA NA NA NA NA NA NA NA NA NA NA NA NA NA NA NA NA NA NA NA NA NA NA NA NA NA NA NA NA NA NA NA NA NA NA NA NA NA NA NA NA NA NA NA NA NA NA NA NA NA NA NA NA NA NA NA NA NA NA NA NA NA NA NA NA NA NA NA NA NA NA NA NA NA NA NA NA NA NA NA NA NA NA NA NA NA NA NA NA NA NA NA NA NA NA NA NA NA NA NA NA NA NA NA NA NA NA NA NA NA NA NA NA NA NA NA NA NA NA NA NA NA NA NA NA NA NA NA NA NA NA NA NA NA NA NA NA NA NA NA NA NA NA NA NA NA NA NA NA NA NA NA NA NA NA NA NA NA NA NA NA NA NA NA NA NA NA NA NA NA NA NA NA NA NA NA NA NA NA NA NA NA NA NA NA NA NA NA NA NA NA NA NA NA NA NA NA NA NA NA NA NA NA NA NA NA NA NA NA NA NA NA NA NA NA NA NA NA NA NA NA NA NA NA NA NA NA NA NA NA NA NA NA NA NA NA NA NA NA NA NA NA NA NA NA NA NA NA NA NA NA NA NA NA NA NA NA NA NA NA NA NA NA NA NA NA NA NA NA NA NA NA NA NA NA NA NA NA NA NA NA
NA NA NA NA 308 308 309 309 309 309 309 309 309 309 309 310 310 310 310 310 310 310 310 311 311 311 311 311 311 311 311 312 312 312 312 312 312 312 312 312 313 313 313 313 313 313 313 313 313 313 313 313 314 314 314 314 314 314 314 314 315 315 315 315 315 315 315 315 316 316 316 316 316 316 316 316 316 317 317 317 317 317 317 317 317 317 317 317 318 318 318 318 318 318 318 318 318 319 319 319 319 319 319 319 319 319 319 320 320 320 320 320 320 320 320 320 320 320 320 321 321 321 321 321 321 321 321 321 321 321 321 322 322 322 322 322 322 322 322 322 322 322 322 322 322 322 322 322 322 322 323 323 323 323 323 323 323 323 323 323 323 323 323 323 323 323 323 323 323 323 324 324 324 324 324 324 324 324 324 324 324 324 324 324 324 324 324 324 324 324 324 324 324 325 325 325 325 325 325 325 325 325 325 325 325 325 325 325 325 325 325 325 325 325 325 325 325 325 325 325 325 NA NA NA NA NA NA NA NA NA NA NA NA NA NA NA NA NA NA NA NA NA NA NA NA NA NA NA NA NA NA NA NA NA NA NA NA NA NA NA NA NA NA NA NA NA NA NA NA NA NA NA NA NA NA NA NA NA NA NA NA NA NA NA NA NA NA NA NA NA NA NA NA NA NA NA NA NA NA NA NA NA NA NA NA NA NA NA NA NA NA NA NA NA NA NA NA NA NA NA NA NA NA NA NA NA NA NA NA NA NA NA NA NA NA NA NA NA NA NA NA NA NA NA NA NA NA NA NA NA NA NA NA NA NA NA NA NA NA NA NA NA NA NA NA NA NA NA NA NA NA NA NA NA NA NA NA NA NA NA NA NA NA NA NA NA NA NA NA NA NA NA NA NA NA NA NA NA NA NA NA NA NA NA NA NA NA NA NA NA NA NA NA NA NA NA NA NA NA NA NA NA NA NA NA NA NA NA NA NA NA NA NA NA NA NA NA NA NA NA NA NA NA NA NA NA NA NA NA NA NA NA NA NA NA NA NA NA NA NA NA NA NA NA NA NA NA NA NA NA NA NA NA NA NA NA NA NA NA NA NA NA NA NA NA NA NA NA NA NA NA NA NA NA NA NA NA NA NA NA NA NA NA
NA NA NA NA 308 308 309 309 309 309 309 309 309 309 310 310 310 310 310 310 310 310 311 311 311 311 311 311 311 311 312 312 312 312 312 312 312 312 312 313 313 313 313 313 313 313 313 313 313 313 313 314 314 314 314 314 314 314 314 315 315 315 315 315 315 315 315 316 316 316 316 316 316 316 316 316 316 317 317 317 317 317 317 317 317 317 318 318 318 318 318 318 318 318 318 318 319 319 319 319 319 319 319 319 319 319 320 320 320 320 320 320 320 320 320 320 320 320 321 321 321 321 321 321 321 321 321 321 321 321 322 322 322 322 322 322 322 322 322 322 322 322 322 322 322 322 322 322 322 323 323 323 323 323 323 323 323 323 323 323 323 323 323 323 323 323 323 323 324 324 324 324 324 324 324 324 324 324 324 324 324 324 324 324 324 324 324 324 324 324 324 324 325 325 325 325 325 325 325 325 325 325 325 325 325 325 325 325 325 325 325 325 325 325 325 325 325 325 325 325 325 NA NA 326 NA NA NA NA NA NA NA NA NA NA NA NA NA NA NA NA NA NA NA NA NA NA NA NA NA NA NA NA NA NA NA NA NA NA NA NA NA NA NA NA NA NA NA NA NA NA NA NA NA NA NA NA NA NA NA NA NA NA NA NA NA NA NA NA NA NA NA NA NA NA NA NA NA NA NA NA NA NA NA NA NA NA NA NA NA NA NA NA NA NA NA NA NA NA NA NA NA NA NA NA NA NA NA NA NA NA NA NA NA NA NA NA NA NA NA NA NA NA NA NA NA NA NA NA NA NA NA NA NA NA NA NA NA NA NA NA NA NA NA NA NA NA NA NA NA NA NA NA NA NA NA NA NA NA NA NA NA NA NA NA NA NA NA NA NA NA NA NA NA NA NA NA NA NA NA NA NA NA NA NA NA NA NA NA NA NA NA NA NA NA NA NA NA NA NA NA NA NA NA NA NA NA NA NA NA NA NA NA NA NA NA NA NA NA NA NA NA NA NA NA NA NA NA NA NA NA NA NA NA NA NA NA NA NA NA NA NA NA NA NA NA NA NA NA NA NA NA NA NA NA NA NA NA NA NA NA NA NA NA NA NA NA NA NA NA NA NA NA NA NA NA NA NA NA NA NA NA NA NA
NA NA NA NA NA 309 309 309 309 309 309 309 309 309 310 310 310 310 310 310 310 310 311 311 311 311 311 311 311 311 312 312 312 312 312 312 312 312 313 313 313 313 313 313 313 313 313 313 313 313 314 314 314 314 314 314 314 314 314 315 315 315 315 315 315 315 316 316 316 316 316 316 316 316 316 316 317 317 317 317 317 317 317 317 317 318 318 318 318 318 318 318 318 318 318 319 319 319 319 319 319 319 319 319 319 320 320 320 320 320 320 320 320 320 320 320 320 321 321 321 321 321 321 321 321 321 321 321 322 322 322 322 322 322 322 322 322 322 322 322 322 322 322 322 322 322 322 323 323 323 323 323 323 323 323 323 323 323 323 323 323 323 323 323 323 324 324 324 324 324 324 324 324 324 324 324 324 324 324 324 324 324 324 324 324 324 324 324 324 325 325 325 325 325 325 325 325 325 325 325 325 325 325 325 325 325 325 325 325 325 325 325 325 325 325 325 325 325 326 326 326 326 326 326 NA NA NA NA NA NA NA NA NA NA NA NA NA NA NA NA NA NA NA NA NA NA NA NA NA NA NA NA NA NA NA NA NA NA NA NA NA NA NA NA NA NA NA NA NA NA NA NA NA NA NA NA NA NA NA NA NA NA NA NA NA NA NA NA NA NA NA NA NA NA NA NA NA NA NA NA NA NA NA NA NA NA NA NA NA NA NA NA NA NA NA NA NA NA NA NA NA NA NA NA NA NA NA NA NA NA NA NA NA NA NA NA NA NA NA NA NA NA NA NA NA NA NA NA NA NA NA NA NA NA NA NA NA NA NA NA NA NA NA NA NA NA NA NA NA NA NA NA NA NA NA NA NA NA NA NA NA NA NA NA NA NA NA NA NA NA NA NA NA NA NA NA NA NA NA NA NA NA NA NA NA NA NA NA NA NA NA NA NA NA NA NA NA NA NA NA NA NA NA NA NA NA NA NA NA NA NA NA NA NA NA NA NA NA NA NA NA NA NA NA NA NA NA NA NA NA NA NA NA NA NA NA NA NA NA NA NA NA NA NA NA NA NA NA NA NA NA NA NA NA NA NA NA NA NA NA NA NA NA NA NA NA NA NA NA NA NA NA NA NA NA NA NA NA NA NA NA NA NA
NA NA NA NA NA NA NA NA 309 309 309 309 310 310 310 310 310 310 310 310 310 311 311 311 311 311 311 311 311 312 312 312 312 312 312 312 312 312 313 313 313 313 313 313 313 313 313 313 313 314 314 314 314 314 314 314 314 314 315 315 315 315 315 315 315 315 316 316 316 316 316 316 316 316 316 317 317 317 317 317 317 317 317 317 318 318 318 318 318 318 318 318 318 318 318 319 319 319 319 319 319 319 319 320 320 320 320 320 320 320 320 320 320 320 320 321 321 321 321 321 321 321 321 321 321 321 321 321 322 322 322 322 322 322 322 322 322 322 322 322 322 323 322 322 322 322 323 323 323 323 323 323 323 323 323 323 323 323 323 323 323 323 323 323 323 324 324 324 324 324 324 324 324 324 324 324 324 324 324 324 324 324 324 324 324 324 324 325 325 325 325 325 325 325 325 325 325 325 325 325 325 325 325 325 325 325 325 325 325 325 325 325 325 325 325 326 326 326 326 326 326 326 326 326 326 NA NA NA NA NA NA NA NA NA NA NA 326 326 326 NA NA NA NA NA NA NA NA NA NA NA NA NA NA NA NA NA NA NA NA NA NA NA NA NA NA NA NA NA NA NA NA NA NA NA NA NA NA NA NA NA NA NA NA NA NA NA NA NA NA NA NA NA NA NA NA NA NA NA NA NA NA NA NA NA NA NA NA NA NA NA NA NA NA NA NA NA NA NA NA NA NA NA NA NA NA NA NA NA NA NA NA NA NA NA NA NA NA NA NA NA NA NA NA NA NA NA NA NA NA NA NA NA NA NA NA NA NA NA NA NA NA NA NA NA NA NA NA NA NA NA NA NA NA NA NA NA NA NA NA NA NA NA NA NA NA NA NA NA NA NA NA NA NA NA NA NA NA NA NA NA NA NA NA NA NA NA NA NA NA NA NA NA NA NA NA NA NA NA NA NA NA NA NA NA NA NA NA NA NA NA NA NA NA NA NA NA NA NA NA NA NA NA NA NA NA NA NA NA NA NA NA NA NA NA NA NA NA NA NA NA NA NA NA NA NA NA NA NA NA NA NA NA NA NA NA NA NA NA NA NA NA NA NA NA NA NA NA NA NA NA NA NA NA NA NA NA NA NA NA NA NA NA NA
NA NA NA NA NA NA NA NA NA 309 309 309 310 310 310 310 310 310 310 310 311 311 311 311 311 311 311 311 312 312 312 312 312 312 312 312 312 313 313 313 313 313 313 313 313 313 313 313 314 314 314 314 314 314 314 314 314 315 315 315 315 315 315 315 315 316 316 316 316 316 316 316 316 316 317 317 317 317 317 317 317 317 317 318 318 318 318 318 318 318 318 318 318 318 319 319 319 319 319 319 319 319 320 320 320 320 320 320 320 320 320 320 320 320 321 321 321 321 321 321 321 321 321 321 321 321 321 322 322 322 322 322 322 322 322 322 322 322 322 323 323 323 322 322 322 323 323 323 323 323 323 323 323 323 323 323 323 323 323 323 323 323 324 324 324 324 324 324 324 324 324 324 324 324 324 324 324 324 324 324 324 324 324 324 325 325 325 325 325 325 325 325 325 325 325 325 325 325 325 325 325 325 325 325 325 325 325 325 325 325 325 325 325 326 326 326 326 326 326 326 326 326 326 326 326 NA NA NA NA NA NA NA NA NA NA 326 326 326 326 326 326 NA NA NA NA NA NA NA NA NA NA NA NA NA NA NA NA NA NA NA NA NA NA NA NA NA NA NA NA NA NA NA NA NA NA NA NA NA NA NA NA NA NA NA NA NA NA NA NA NA NA NA NA NA NA NA NA NA NA NA NA NA NA NA NA NA NA NA NA NA NA NA NA NA NA NA NA NA NA NA NA NA NA NA NA NA NA NA NA NA NA NA NA NA NA NA NA NA NA NA NA NA NA NA NA NA NA NA NA NA NA NA NA NA NA NA NA NA NA NA NA NA NA NA NA NA NA NA NA NA NA NA NA NA NA NA NA NA NA NA NA NA NA NA NA NA NA NA NA NA NA NA NA NA NA NA NA NA NA NA NA NA NA NA NA NA NA NA NA NA NA NA NA NA NA NA NA NA NA NA NA NA NA NA NA NA NA NA NA NA NA NA NA NA NA NA NA NA NA NA NA NA NA NA NA NA NA NA NA NA NA NA NA NA NA NA NA NA NA NA NA NA NA NA NA NA NA NA NA NA NA NA NA NA NA NA NA NA NA NA NA NA NA NA NA NA NA NA NA NA NA NA NA NA NA NA NA NA NA NA NA NA NA
NA NA NA NA NA NA NA NA NA 309 309 310 310 310 310 310 310 310 310 310 311 311 311 311 311 311 311 311 312 312 312 312 312 312 312 312 313 313 313 313 313 313 313 313 313 313 313 314 314 314 314 314 314 314 314 314 315 315 315 315 315 315 315 315 315 316 316 316 316 316 316 316 316 317 317 317 317 317 317 317 317 317 317 318 318 318 318 318 318 318 318 318 318 319 319 319 319 319 319 319 319 320 320 320 320 320 320 320 320 320 320 320 321 321 321 321 321 321 321 321 321 321 321 321 322 322 322 322 322 322 322 322 322 322 322 322 322 322 323 323 323 323 322 323 323 323 323 323 323 323 323 323 323 323 323 323 323 323 323 323 324 324 324 324 324 324 324 324 324 324 324 324 324 324 324 324 324 324 324 324 324 324 325 325 325 325 325 325 325 325 325 325 325 325 325 325 325 325 325 325 325 325 325 325 325 325 325 325 325 325 326 326 326 326 326 326 326 326 326 326 326 326 326 326 326 NA NA NA NA NA NA NA NA NA NA 326 326 326 326 326 NA NA NA NA NA NA NA NA NA NA NA NA NA NA NA NA NA NA NA NA NA NA NA NA NA NA NA NA NA NA NA NA NA NA NA NA NA NA NA NA NA NA NA NA NA NA NA NA NA NA NA NA NA NA NA NA NA NA NA NA NA NA NA NA NA NA NA NA NA NA NA NA NA NA NA NA NA NA NA NA NA NA NA NA NA NA NA NA NA NA NA NA NA NA NA NA NA NA NA NA NA NA NA NA NA NA NA NA NA NA NA NA NA NA NA NA NA NA NA NA NA NA NA NA NA NA NA NA NA NA NA NA NA NA NA NA NA NA NA NA NA NA NA NA NA NA NA NA NA NA NA NA NA NA NA NA NA NA NA NA NA NA NA NA NA NA NA NA NA NA NA NA NA NA NA NA NA NA NA NA NA NA NA NA NA NA NA NA NA NA NA NA NA NA NA NA NA NA NA NA NA NA NA NA NA NA NA NA NA NA NA NA NA NA NA NA NA NA NA NA NA NA NA NA NA NA NA NA NA NA NA NA NA NA NA NA NA NA NA NA NA NA NA NA NA NA NA NA NA NA NA NA NA NA NA NA NA NA NA NA NA NA NA
NA NA NA NA NA NA NA NA NA 309 310 310 310 310 310 310 310 310 310 311 311 311 311 311 311 311 311 312 312 312 312 312 312 312 312 313 313 313 313 313 313 313 313 313 313 313 314 314 314 314 314 314 314 314 314 315 315 315 315 315 315 315 315 315 316 316 316 316 316 316 316 316 317 317 317 317 317 317 317 317 317 318 318 318 318 318 318 318 318 318 318 318 319 319 319 319 319 319 319 319 320 320 320 320 320 320 320 320 320 320 320 321 321 321 321 321 321 321 321 321 321 321 321 322 322 322 322 322 322 322 322 322 322 322 322 322 322 323 323 323 323 323 323 323 323 323 323 323 323 323 323 323 323 323 323 323 323 323 324 324 324 324 324 324 324 324 324 324 324 324 324 324 324 324 324 324 324 324 324 324 325 325 325 325 325 325 325 325 325 325 325 325 325 325 325 325 325 325 325 325 325 325 325 325 325 325 325 325 326 326 326 326 326 326 326 326 326 326 326 326 326 326 326 326 326 326 NA NA NA 326 326 326 326 326 326 326 326 326 326 326 NA NA NA NA NA NA NA NA NA NA NA NA NA NA NA NA NA NA NA NA NA NA NA NA NA NA NA NA NA NA NA NA NA NA NA NA NA NA NA NA NA NA NA NA NA NA NA NA NA NA NA NA NA NA NA NA NA NA NA NA NA NA NA NA NA NA NA NA NA NA NA NA NA NA NA NA NA NA NA NA NA NA NA NA NA NA NA NA NA NA NA NA NA NA NA NA NA NA NA NA NA NA NA NA NA NA NA NA NA NA NA NA NA NA NA NA NA NA NA NA NA NA NA NA NA NA NA NA NA NA NA NA NA NA NA NA NA NA NA NA NA NA NA NA NA NA NA NA NA NA NA NA NA NA NA NA NA NA NA NA NA NA NA NA NA NA NA NA NA NA NA NA NA NA NA NA NA NA NA NA NA NA NA NA NA NA NA NA NA NA NA NA NA NA NA NA NA NA NA NA NA NA NA NA NA NA NA NA NA NA NA NA NA NA NA NA NA NA NA NA NA NA NA NA NA NA NA NA NA NA NA NA NA NA NA NA NA NA NA NA NA NA NA NA NA NA NA NA NA NA NA NA NA NA NA NA NA NA NA NA NA NA NA
NA NA NA NA NA NA NA NA NA NA 310 310 310 310 310 310 310 310 311 311 311 311 311 311 311 311 312 312 312 312 312 312 312 312 313 313 313 313 313 313 313 313 313 313 313 313 314 314 314 314 314 314 314 314 315 315 315 315 315 315 315 315 315 315 316 316 316 316 316 316 316 317 317 317 317 317 317 317 317 317 318 318 318 318 318 318 318 318 318 318 319 319 319 319 319 319 319 319 319 320 320 320 320 320 320 320 320 320 320 320 321 321 321 321 321 321 321 321 321 321 321 321 322 322 322 322 322 322 322 322 322 322 322 322 322 323 323 323 323 323 323 323 323 323 323 323 323 323 323 323 323 323 323 323 323 323 324 324 324 324 324 324 324 324 324 324 324 324 324 324 324 324 324 324 324 324 324 325 325 325 325 325 325 325 325 325 325 325 325 325 325 325 325 325 325 325 325 325 325 325 325 325 325 325 326 326 326 326 326 326 326 326 326 326 326 326 326 326 326 326 326 326 326 326 326 326 326 326 326 326 326 326 326 326 326 326 326 326 326 NA NA NA NA NA NA NA NA NA NA NA NA NA NA NA NA NA NA NA NA NA NA NA NA NA NA NA NA NA NA NA NA NA NA NA NA NA NA NA NA NA NA NA NA NA NA NA NA NA NA NA NA NA NA NA NA NA NA NA NA NA NA NA NA NA NA NA NA NA NA NA NA NA NA NA NA NA NA NA NA NA NA NA NA NA NA NA NA NA NA NA NA NA NA NA NA NA NA NA NA NA NA NA NA NA NA NA NA NA NA NA NA NA NA NA NA NA NA NA NA NA NA NA NA NA NA NA NA NA NA NA NA NA NA NA NA NA NA NA NA NA NA NA NA NA NA NA NA NA NA NA NA NA NA NA NA NA NA NA NA NA NA NA NA NA NA NA NA NA NA NA NA NA NA NA NA NA NA NA NA NA NA NA NA NA NA NA NA NA NA NA NA NA NA NA NA NA NA NA NA NA NA NA NA NA NA NA NA NA NA NA NA NA NA NA NA NA NA NA NA NA NA NA NA NA NA NA NA NA NA NA NA NA NA NA NA NA NA NA NA NA NA NA NA NA NA NA NA NA NA NA NA NA NA NA NA NA NA NA NA NA NA NA NA
NA NA NA NA NA NA NA NA NA NA 310 310 310 310 310 310 310 311 311 311 311 311 311 311 311 312 312 312 312 312 312 312 312 312 313 313 313 313 313 313 313 313 313 313 313 314 314 314 314 314 314 314 314 315 315 315 315 315 315 315 315 315 315 316 316 316 316 316 316 316 317 317 317 317 317 317 317 317 317 318 318 318 318 318 318 318 318 318 318 319 319 319 319 319 319 319 319 319 319 320 320 320 320 320 320 320 320 320 320 321 321 321 321 321 321 321 321 321 321 321 321 322 322 322 322 322 322 322 322 322 322 322 322 322 323 323 323 323 323 323 323 323 323 323 323 323 323 323 323 323 323 323 323 323 324 324 324 324 324 324 324 324 324 324 324 324 324 324 324 324 324 324 324 324 324 325 325 325 325 325 325 325 325 325 325 325 325 325 325 325 325 325 325 325 325 325 325 325 325 325 325 325 325 326 326 326 326 326 326 326 326 326 326 326 326 326 326 326 326 326 326 326 326 326 326 326 326 326 326 326 326 326 326 326 326 326 326 326 NA NA NA NA NA NA NA NA NA NA NA NA NA NA NA NA NA NA NA NA NA NA NA NA NA NA NA NA NA NA NA NA NA NA NA NA NA NA NA NA NA NA NA NA NA NA NA NA NA NA NA NA NA NA NA NA NA NA NA NA NA NA NA NA NA NA NA NA NA NA NA NA NA NA NA NA NA NA NA NA NA NA NA NA NA NA NA NA NA NA NA NA NA NA NA NA NA NA NA NA NA NA NA NA NA NA NA NA NA NA NA NA NA NA NA NA NA NA NA NA NA NA NA NA NA NA NA NA NA NA NA NA NA NA NA NA NA NA NA NA NA NA NA NA NA NA NA NA NA NA NA NA NA NA NA NA NA NA NA NA NA NA NA NA NA NA NA NA NA NA NA NA NA NA NA NA NA NA NA NA NA NA NA NA NA NA NA NA NA NA NA NA NA NA NA NA NA NA NA NA NA NA NA NA NA NA NA NA NA NA NA NA NA NA NA NA NA NA NA NA NA NA NA NA NA NA NA NA NA NA NA NA NA NA NA NA NA NA NA NA NA NA NA NA NA NA NA NA NA NA NA NA NA NA NA NA NA NA NA NA NA NA NA NA NA
NA NA NA NA NA NA NA NA NA NA 310 310 310 310 310 310 310 311 311 311 311 311 311 311 311 312 312 312 312 312 312 312 312 313 313 313 313 313 313 313 313 314 313 313 314 314 314 314 314 314 314 314 314 315 315 315 315 315 315 315 315 315 316 316 316 316 316 316 316 316 317 317 317 317 317 317 317 317 318 318 318 318 318 318 318 318 318 318 319 319 319 319 319 319 319 319 319 319 320 320 320 320 320 320 320 320 320 321 321 321 321 321 321 321 321 321 321 321 321 322 322 322 322 322 322 322 322 322 322 322 322 322 323 323 323 323 323 323 323 323 323 323 323 323 323 323 323 323 323 323 323 323 324 324 324 324 324 324 324 324 324 324 324 324 324 324 324 324 324 324 324 324 324 325 325 325 325 325 325 325 325 325 325 325 325 325 325 325 325 325 325 325 325 325 325 325 325 325 325 325 326 326 326 326 326 326 326 326 326 326 326 326 326 326 326 326 326 326 326 326 326 326 326 326 326 326 326 326 326 326 326 326 326 326 326 326 326 326 NA NA NA NA NA NA NA NA NA NA NA NA NA NA NA NA NA NA NA NA NA NA NA NA NA NA NA NA NA NA NA NA NA NA NA NA NA NA NA NA NA NA NA NA NA NA NA NA NA NA NA NA NA NA NA NA NA NA NA NA NA NA NA NA NA NA NA NA NA NA NA NA NA NA NA NA NA NA NA NA NA NA NA NA NA NA NA NA NA NA NA NA NA NA NA NA NA NA NA NA NA NA NA NA NA NA NA NA NA NA NA NA NA NA NA NA NA NA NA NA NA NA NA NA NA NA NA NA NA NA NA NA NA NA NA NA NA NA NA NA NA NA NA NA NA NA NA NA NA NA NA NA NA NA NA NA NA NA NA NA NA NA NA NA NA NA NA NA NA NA NA NA NA NA NA NA NA NA NA NA NA NA NA NA NA NA NA NA NA NA NA NA NA NA NA NA NA NA NA NA NA NA NA NA NA NA NA NA NA NA NA NA NA NA NA NA NA NA NA NA NA NA NA NA NA NA NA NA NA NA NA NA NA NA NA NA NA NA NA NA NA NA NA NA NA NA NA NA NA NA NA NA NA NA NA NA NA NA NA NA NA NA NA NA NA
NA NA NA NA NA NA NA NA NA NA 310 310 310 310 310 310 311 311 311 311 311 311 311 311 312 312 312 312 312 312 312 312 313 313 313 313 313 313 313 313 314 314 313 314 314 314 314 314 314 314 314 314 315 315 315 315 315 315 315 315 316 316 316 316 316 316 316 316 316 316 317 317 317 317 317 317 317 317 318 318 318 318 318 318 318 318 318 319 319 319 319 319 319 319 319 319 319 319 320 320 320 320 320 320 320 320 320 321 321 321 321 321 321 321 321 321 321 321 322 322 322 322 322 322 322 322 322 322 322 322 322 323 323 323 323 323 323 323 323 323 323 323 323 323 323 323 323 323 323 323 323 324 324 324 324 324 324 324 324 324 324 324 324 324 324 324 324 324 324 324 325 325 325 325 325 325 325 325 325 325 325 325 325 325 325 325 325 325 325 325 325 325 325 325 325 325 325 325 326 326 326 326 326 326 326 326 326 326 326 326 326 326 326 326 326 326 326 326 326 326 326 326 326 326 326 326 326 326 326 326 326 326 326 326 326 327 327 327 NA NA NA NA NA NA NA NA NA NA NA NA NA NA NA NA NA NA NA NA NA NA NA NA NA NA NA NA NA NA NA NA NA NA NA NA NA NA NA NA NA NA NA NA NA NA NA NA NA NA NA NA NA NA NA NA NA NA NA NA NA NA NA NA NA NA NA NA NA NA NA NA NA NA NA NA NA NA NA NA NA NA NA NA NA NA NA NA NA NA NA NA NA NA NA NA NA NA NA NA NA NA NA NA NA NA NA NA NA NA NA NA NA NA NA NA NA NA NA NA NA NA NA NA NA NA NA NA NA NA NA NA NA NA NA NA NA NA NA NA NA NA NA NA NA NA NA NA NA NA NA NA NA NA NA NA NA NA NA NA NA NA NA NA NA NA NA NA NA NA NA NA NA NA NA NA NA NA NA NA NA NA NA NA NA NA NA NA NA NA NA NA NA NA NA NA NA NA NA NA NA NA NA NA NA NA NA NA NA NA NA NA NA NA NA NA NA NA NA NA NA NA NA NA NA NA NA NA NA NA NA NA NA NA NA NA NA NA NA NA NA NA NA NA NA NA NA NA NA NA NA NA NA NA NA NA NA NA NA NA NA NA NA NA NA
NA NA NA NA NA NA NA NA NA NA NA 310 310 310 310 311 311 311 311 311 311 311 311 312 312 312 312 312 312 312 312 313 313 313 313 313 313 313 313 313 314 314 313 314 314 314 314 314 314 314 314 315 315 315 315 315 315 315 315 315 316 316 316 316 316 316 316 316 316 317 317 317 317 317 317 317 317 318 318 318 318 318 318 318 318 318 319 319 319 319 319 319 319 319 319 319 320 320 320 320 320 320 320 320 320 320 321 321 321 321 321 321 321 321 321 321 321 322 322 322 322 322 322 322 322 322 322 322 322 323 323 323 323 323 323 323 323 323 323 323 323 323 323 323 323 323 323 323 323 324 324 324 324 324 324 324 324 324 324 324 324 324 324 324 324 324 324 324 325 325 325 325 325 325 325 325 325 325 325 325 325 325 325 325 325 325 325 325 325 325 325 325 325 325 325 325 326 326 326 326 326 326 326 326 326 326 326 326 326 326 326 326 326 326 326 326 326 326 326 326 326 326 326 326 326 326 326 326 326 326 326 326 327 327 327 327 327 327 NA NA NA NA NA NA NA NA NA NA NA NA NA NA NA NA NA NA NA NA NA NA NA NA NA NA NA NA NA NA NA NA NA NA NA NA NA NA NA NA NA NA NA NA NA NA NA NA NA NA NA NA NA NA NA NA NA NA NA NA NA NA NA NA NA NA NA NA NA NA NA NA NA NA NA NA NA NA NA NA NA NA NA NA NA NA NA NA NA NA NA NA NA NA NA NA NA NA NA NA NA NA NA NA NA NA NA NA NA NA NA NA NA NA NA NA NA NA NA NA NA NA NA NA NA NA NA NA NA NA NA NA NA NA NA NA NA NA NA NA NA NA NA NA NA NA NA NA NA NA NA NA NA NA NA NA NA NA NA NA NA NA NA NA NA NA NA NA NA NA NA NA NA NA NA NA NA NA NA NA NA NA NA NA NA NA NA NA NA NA NA NA NA NA NA NA NA NA NA NA NA NA NA NA NA NA NA NA NA NA NA NA NA NA NA NA NA NA NA NA NA NA NA NA NA NA NA NA NA NA NA NA NA NA NA NA NA NA NA NA NA NA NA NA NA NA NA NA NA NA NA NA NA NA NA NA NA NA NA NA NA NA NA NA NA
NA NA NA NA NA NA NA NA NA NA NA 310 310 310 310 311 311 311 311 311 311 311 312 312 312 312 312 312 312 312 312 313 313 313 313 313 313 313 313 314 314 314 314 314 314 314 314 314 314 314 315 315 315 315 315 315 315 315 315 316 316 316 316 316 316 316 316 316 316 317 317 317 317 317 317 317 318 318 318 318 318 318 318 318 318 319 319 319 319 319 319 319 319 319 320 320 320 320 320 320 320 320 320 320 320 320 321 321 321 321 321 321 321 321 321 321 322 322 322 322 322 322 322 322 322 322 322 322 323 323 323 323 323 323 323 323 323 323 323 323 323 323 323 323 323 323 323 324 324 324 324 324 324 324 324 324 324 324 324 324 324 324 324 324 324 324 325 325 325 325 325 325 325 325 325 325 325 325 325 325 325 325 325 325 325 325 325 325 325 325 325 325 325 326 326 326 326 326 326 326 326 326 326 326 326 326 326 326 326 326 326 326 326 326 326 326 326 326 326 326 326 326 326 326 326 326 326 326 326 326 327 327 327 327 327 327 327 327 NA NA NA NA NA NA NA NA NA NA NA NA NA NA NA NA NA NA NA NA NA NA NA NA NA NA NA NA NA NA NA NA NA NA NA NA NA NA NA NA NA NA NA NA NA NA NA NA NA NA NA NA NA NA NA NA NA NA NA NA NA NA NA NA NA NA NA NA NA NA NA NA NA NA NA NA NA NA NA NA NA NA NA NA NA NA NA NA NA NA NA NA NA NA NA NA NA NA NA NA NA NA NA NA NA NA NA NA NA NA NA NA NA NA NA NA NA NA NA NA NA NA NA NA NA NA NA NA NA NA NA NA NA NA NA NA NA NA NA NA NA NA NA NA NA NA NA NA NA NA NA NA NA NA NA NA NA NA NA NA NA NA NA NA NA NA NA NA NA NA NA NA NA NA NA NA NA NA NA NA NA NA NA NA NA NA NA NA NA NA NA NA NA NA NA NA NA NA NA NA NA NA NA NA NA NA NA NA NA NA NA NA NA NA NA NA NA NA NA NA NA NA NA NA NA NA NA NA NA NA NA NA NA NA NA NA NA NA NA NA NA NA NA NA NA NA NA NA NA NA NA NA NA NA NA NA NA NA NA NA NA NA NA NA NA
NA NA NA NA NA NA NA NA NA NA NA NA 310 310 311 311 311 311 311 311 311 311 312 312 312 312 312 312 312 312 313 313 313 313 313 313 313 313 314 314 314 314 314 314 314 314 314 314 314 314 315 315 315 315 315 315 315 315 316 316 316 316 316 316 316 316 316 317 317 317 317 317 317 317 317 318 318 318 318 318 318 318 318 318 319 319 319 319 319 319 319 319 319 320 320 320 320 320 320 320 320 320 320 320 320 321 321 321 321 321 321 321 321 321 322 322 322 322 322 322 322 322 322 322 322 322 322 323 323 323 323 323 323 323 323 323 323 323 323 323 323 324 323 323 323 324 324 324 324 324 324 324 324 324 324 324 324 324 324 324 324 324 324 324 325 325 325 325 325 325 325 325 325 325 325 325 325 325 325 325 325 325 325 325 325 325 325 325 325 325 326 326 326 326 326 326 326 326 326 326 326 326 326 326 326 326 326 326 326 326 326 326 326 326 326 326 326 326 326 326 326 326 326 326 326 326 326 327 327 327 327 327 327 327 327 327 327 327 NA NA NA NA NA NA NA NA NA NA NA NA NA NA NA NA NA NA NA NA NA NA NA NA NA NA NA NA NA NA NA NA NA NA NA NA NA NA NA NA NA NA NA NA NA NA NA NA NA NA NA NA NA NA NA NA NA NA NA NA NA NA NA NA NA NA NA NA NA NA NA NA NA NA NA NA NA NA NA NA NA NA NA NA NA NA NA NA NA NA NA NA NA NA NA NA NA NA NA NA NA NA NA NA NA NA NA NA NA NA NA NA NA NA NA NA NA NA NA NA NA NA NA NA NA NA NA NA NA NA NA NA NA NA NA NA NA NA NA NA NA NA NA NA NA NA NA NA NA NA NA NA NA NA NA NA NA NA NA NA NA NA NA NA NA NA NA NA NA NA NA NA NA NA NA NA NA NA NA NA NA NA NA NA NA NA NA NA NA NA NA NA NA NA NA NA NA NA NA NA NA NA NA NA NA NA NA NA NA NA NA NA NA NA NA NA NA NA NA NA NA NA NA NA NA NA NA NA NA NA NA NA NA NA NA NA NA NA NA NA NA NA NA NA NA NA NA NA NA NA NA NA NA NA NA NA NA NA NA NA NA NA NA NA NA
NA NA NA NA NA NA NA NA NA NA NA NA NA NA 311 311 311 311 311 311 311 311 312 312 312 312 312 312 312 312 313 313 313 313 313 313 313 313 314 314 314 314 314 314 314 314 314 314 314 315 315 315 315 315 315 315 315 316 316 316 316 316 316 316 316 316 317 317 317 317 317 317 317 317 317 318 318 318 318 318 318 318 318 319 319 319 319 319 319 319 319 319 320 320 320 320 320 320 320 320 320 320 320 321 321 321 321 321 321 321 321 321 321 322 322 322 322 322 322 322 322 322 322 322 322 323 323 323 323 323 323 323 323 323 323 323 323 323 323 324 324 324 323 324 324 324 324 324 324 324 324 324 324 324 324 324 324 324 324 324 324 324 324 325 325 325 325 325 325 325 325 325 325 325 325 325 325 325 325 325 325 325 325 325 325 325 325 325 326 326 326 326 326 326 326 326 326 326 326 326 326 326 326 326 326 326 326 326 326 326 326 326 326 326 326 326 326 326 326 326 326 326 326 326 327 327 327 327 327 327 327 327 327 327 327 327 327 327 NA NA NA NA NA NA NA NA NA NA NA NA NA NA NA NA NA NA NA NA NA NA NA NA NA NA NA NA NA NA NA NA NA NA NA NA NA NA NA NA NA NA NA NA NA NA NA NA NA NA NA NA NA NA NA NA NA NA NA NA NA NA NA NA NA NA NA NA NA NA NA NA NA NA NA NA NA NA NA NA NA NA NA NA NA NA NA NA NA NA NA NA NA NA NA NA NA NA NA NA NA NA NA NA NA NA NA NA NA NA NA NA NA NA NA NA NA NA NA NA NA NA NA NA NA NA NA NA NA NA NA NA NA NA NA NA NA NA NA NA NA NA NA NA NA NA NA NA NA NA NA NA NA NA NA NA NA NA NA NA NA NA NA NA NA NA NA NA NA NA NA NA NA NA NA NA NA NA NA NA NA NA NA NA NA NA NA NA NA NA NA NA NA NA NA NA NA NA NA NA NA NA NA NA NA NA NA NA NA NA NA NA NA NA NA NA NA NA NA NA NA NA NA NA NA NA NA NA NA NA NA NA NA NA NA NA NA NA NA NA NA NA NA NA NA NA NA NA NA NA NA NA NA NA NA NA NA NA NA NA NA NA NA NA NA
NA NA NA NA NA NA NA NA NA NA NA NA NA NA NA NA NA 311 311 311 311 312 312 312 312 312 312 312 312 313 313 313 313 313 313 313 313 314 314 314 314 314 314 314 314 314 314 314 315 315 315 315 315 315 315 315 315 316 316 316 316 316 316 316 316 317 317 317 317 317 317 317 317 317 317 318 318 318 318 318 318 318 318 319 319 319 319 319 319 319 319 319 320 320 320 320 320 320 320 320 320 321 321 321 321 321 321 321 321 321 321 321 322 322 322 322 322 322 322 322 322 322 322 323 323 323 323 323 323 323 323 323 323 323 323 323 323 324 324 324 324 324 324 324 324 324 324 324 324 324 324 324 324 324 324 324 324 324 324 324 324 325 325 325 325 325 325 325 325 325 325 325 325 325 325 325 325 325 325 325 325 325 325 325 325 326 326 326 326 326 326 326 326 326 326 326 326 326 326 326 326 326 326 326 326 326 326 326 326 326 326 326 326 326 326 326 326 326 326 326 327 327 327 327 327 327 327 327 327 327 327 327 327 327 327 327 327 327 NA NA NA NA NA NA NA NA NA NA NA NA NA NA NA NA NA NA NA NA NA NA NA NA NA NA NA NA NA NA NA NA NA NA NA NA NA NA NA NA NA NA NA NA NA NA NA NA NA NA NA NA NA NA NA NA NA NA NA NA NA NA NA NA NA NA NA NA NA NA NA NA NA NA NA NA NA NA NA NA NA NA NA NA NA NA NA NA NA NA NA NA NA NA NA NA NA NA NA NA NA NA NA NA NA NA NA NA NA NA NA NA NA NA NA NA NA NA NA NA NA NA NA NA NA NA NA NA NA NA NA NA NA NA NA NA NA NA NA NA NA NA NA NA NA NA NA NA NA NA NA NA NA NA NA NA NA NA NA NA NA NA NA NA NA NA NA NA NA NA NA NA NA NA NA NA NA NA NA NA NA NA NA NA NA NA NA NA NA NA NA NA NA NA NA NA NA NA NA NA NA NA NA NA NA NA NA NA NA NA NA NA NA NA NA NA NA NA NA NA NA NA NA NA NA NA NA NA NA NA NA NA NA NA NA NA NA NA NA NA NA NA NA NA NA NA NA NA NA NA NA NA NA NA NA NA NA NA NA NA NA NA NA NA NA
NA NA NA NA NA NA NA NA NA NA NA NA NA NA NA NA NA NA 311 311 312 312 312 312 312 312 312 312 313 313 313 313 313 313 313 313 314 314 314 314 314 314 314 314 314 314 314 314 315 315 315 315 315 315 315 315 316 316 316 316 316 316 316 316 317 317 317 317 317 317 317 317 317 317 318 318 318 318 318 318 318 318 319 319 319 319 319 319 319 319 319 320 320 320 320 320 320 320 320 320 321 321 321 321 321 321 321 321 321 321 321 322 322 322 322 322 322 322 322 322 322 322 323 323 323 323 323 323 323 323 323 323 323 323 323 323 324 324 324 324 324 324 324 324 324 324 324 324 324 324 324 324 324 324 324 324 324 324 325 325 325 325 325 325 325 325 325 325 325 325 325 325 325 325 325 325 325 325 325 325 325 325 326 326 326 326 326 326 326 326 326 326 326 326 326 326 326 326 326 326 326 326 326 326 326 326 326 326 326 326 326 326 326 326 326 326 326 326 327 327 327 327 327 327 327 327 327 327 327 327 327 327 327 327 327 327 327 327 NA NA NA NA NA NA NA NA NA NA NA NA NA NA NA NA NA NA NA NA NA NA NA NA NA NA NA NA NA NA NA NA NA NA NA NA NA NA NA NA NA NA NA NA NA NA NA NA NA NA NA NA NA NA NA NA NA NA NA NA NA NA NA NA NA NA NA NA NA NA NA NA NA NA NA NA NA NA NA NA NA NA NA NA NA NA NA NA NA NA NA NA NA NA NA NA NA NA NA NA NA NA NA NA NA NA NA NA NA NA NA NA NA NA NA NA NA NA NA NA NA NA NA NA NA NA NA NA NA NA NA NA NA NA NA NA NA NA NA NA NA NA NA NA NA NA NA NA NA NA NA NA NA NA NA NA NA NA NA NA NA NA NA NA NA NA NA NA NA NA NA NA NA NA NA NA NA NA NA NA NA NA NA NA NA NA NA NA NA NA NA NA NA NA NA NA NA NA NA NA NA NA NA NA NA NA NA NA NA NA NA NA NA NA NA NA NA NA NA NA NA NA NA NA NA NA NA NA NA NA NA NA NA NA NA NA NA NA NA NA NA NA NA NA NA NA NA NA NA NA NA NA NA NA NA NA NA NA NA NA NA NA NA NA NA
NA NA NA NA NA NA NA NA NA NA NA NA NA NA NA NA NA NA 311 311 312 312 312 312 312 312 312 312 313 313 313 313 313 313 313 313 314 314 314 314 314 314 314 314 314 314 314 315 315 315 315 315 315 315 315 316 316 316 316 316 316 316 316 316 317 317 317 317 317 317 317 317 317 318 318 318 318 318 318 318 318 318 319 319 319 319 319 319 319 319 320 320 320 320 320 320 320 320 320 321 321 321 321 321 321 321 321 321 321 322 322 322 322 322 322 322 322 322 322 322 322 323 323 323 323 323 323 323 323 323 323 323 323 323 324 324 324 324 324 324 324 324 324 324 324 324 324 324 324 324 324 324 324 324 324 324 324 325 325 325 325 325 325 325 325 325 325 325 325 325 325 325 325 325 325 325 325 325 325 325 326 326 326 326 326 326 326 326 326 326 326 326 326 326 326 326 326 326 326 326 326 326 326 326 326 326 326 326 326 326 326 326 326 326 326 327 327 327 327 327 327 327 327 327 327 327 327 327 327 327 327 327 327 327 327 327 327 327 NA NA NA NA NA NA NA NA NA NA NA NA NA NA NA NA NA NA NA NA NA NA NA NA NA NA NA NA NA NA NA NA NA NA NA NA NA NA NA NA NA NA NA NA NA NA NA NA NA NA NA NA NA NA NA NA NA NA NA NA NA NA NA NA NA NA NA NA NA NA NA NA NA NA NA NA NA NA NA NA NA NA NA NA NA NA NA NA NA NA NA NA NA NA NA NA NA NA NA NA NA NA NA NA NA NA NA NA NA NA NA NA NA NA NA NA NA NA NA NA NA NA NA NA NA NA NA NA NA NA NA NA NA NA NA NA NA NA NA NA NA NA NA NA NA NA NA NA NA NA NA NA NA NA NA NA NA NA NA NA NA NA NA NA NA NA NA NA NA NA NA NA NA NA NA NA NA NA NA NA NA NA NA NA NA NA NA NA NA NA NA NA NA NA NA NA NA NA NA NA NA NA NA NA NA NA NA NA NA NA NA NA NA NA NA NA NA NA NA NA NA NA NA NA NA NA NA NA NA NA NA NA NA NA NA NA NA NA NA NA NA NA NA NA NA NA NA NA NA NA NA NA NA NA NA NA NA NA NA NA NA NA NA NA NA
NA NA NA NA NA NA NA NA NA NA NA NA NA NA NA NA NA 311 311 312 312 312 312 312 312 312 312 313 313 313 313 313 313 313 313 314 314 314 314 314 314 314 314 314 314 314 315 315 315 315 315 315 315 315 315 316 316 316 316 316 316 316 316 317 317 317 317 317 317 317 317 318 318 318 318 318 318 318 318 318 318 319 319 319 319 319 319 319 319 320 320 320 320 320 320 320 320 320 321 321 321 321 321 321 321 321 321 321 321 322 322 322 322 322 322 322 322 322 322 323 323 323 323 323 323 323 323 323 323 323 323 323 323 324 324 324 324 324 324 324 324 324 324 324 324 324 324 324 324 324 324 324 324 324 324 325 325 325 325 325 325 325 325 325 325 325 325 325 325 325 325 325 325 325 325 325 325 326 326 326 326 326 326 326 326 326 326 326 326 326 326 326 326 326 326 326 326 326 326 326 326 326 326 326 326 326 326 326 326 326 326 326 327 327 327 327 327 327 327 327 327 327 327 327 327 327 327 327 327 327 327 327 327 327 327 327 327 327 NA NA NA NA NA NA NA NA NA NA NA NA NA NA NA NA NA NA NA NA NA NA NA NA NA NA NA NA NA NA NA NA NA NA NA NA NA NA NA NA NA NA NA NA NA NA NA NA NA NA NA NA NA NA NA NA NA NA NA NA NA NA NA NA NA NA NA NA NA NA NA NA NA NA NA NA NA NA NA NA NA NA NA NA NA NA NA NA NA NA NA NA NA NA NA NA NA NA NA NA NA NA NA NA NA NA NA NA NA NA NA NA NA NA NA NA NA NA NA NA NA NA NA NA NA NA NA NA NA NA NA NA NA NA NA NA NA NA NA NA NA NA NA NA NA NA NA NA NA NA NA NA NA NA NA NA NA NA NA NA NA NA NA NA NA NA NA NA NA NA NA NA NA NA NA NA NA NA NA NA NA NA NA NA NA NA NA NA NA NA NA NA NA NA NA NA NA NA NA NA NA NA NA NA NA NA NA NA NA NA NA NA NA NA NA NA NA NA NA NA NA NA NA NA NA NA NA NA NA NA NA NA NA NA NA NA NA NA NA NA NA NA NA NA NA NA NA NA NA NA NA NA NA NA NA NA NA NA NA NA NA NA NA NA NA
NA NA NA NA NA NA NA NA NA NA NA NA NA NA NA 311 311 311 312 312 312 312 312 312 312 312 313 313 313 313 313 313 313 313 314 314 314 314 314 314 314 314 314 314 314 314 315 315 315 315 315 315 315 315 316 316 316 316 316 316 316 316 317 317 317 317 317 317 317 317 317 318 318 318 318 318 318 318 318 318 318 319 319 319 319 319 319 319 320 320 320 320 320 320 320 320 320 321 321 321 321 321 321 321 321 321 321 321 322 322 322 322 322 322 322 322 322 322 323 323 323 323 323 323 323 323 323 323 323 323 323 324 324 324 324 324 324 324 324 324 324 324 324 324 324 324 324 324 324 324 324 324 324 325 325 325 325 325 325 325 325 325 325 325 325 325 325 325 325 325 325 325 325 325 325 326 326 326 326 326 326 326 326 326 326 326 326 326 326 326 326 326 326 326 326 326 326 326 326 326 326 326 326 326 326 326 326 326 326 326 327 327 327 327 327 327 327 327 327 327 327 327 327 327 327 327 327 327 327 327 327 327 327 327 327 327 327 NA NA NA NA NA NA NA NA NA NA NA NA NA NA NA NA NA NA NA NA NA NA NA NA NA NA NA NA NA NA NA NA NA NA NA NA NA NA NA NA NA NA NA NA NA NA NA NA NA NA NA NA NA NA NA NA NA NA NA NA NA NA NA NA NA NA NA NA NA NA NA NA NA NA NA NA NA NA NA NA NA NA NA NA NA NA NA NA NA NA NA NA NA NA NA NA NA NA NA NA NA NA NA NA NA NA NA NA NA NA NA NA NA NA NA NA NA NA NA NA NA NA NA NA NA NA NA NA NA NA NA NA NA NA NA NA NA NA NA NA NA NA NA NA NA NA NA NA NA NA NA NA NA NA NA NA NA NA NA NA NA NA NA NA NA NA NA NA NA NA NA NA NA NA NA NA NA NA NA NA NA NA NA NA NA NA NA NA NA NA NA NA NA NA NA NA NA NA NA NA NA NA NA NA NA NA NA NA NA NA NA NA NA NA NA NA NA NA NA NA NA NA NA NA NA NA NA NA NA NA NA NA NA NA NA NA NA NA NA NA NA NA NA NA NA NA NA NA NA NA NA NA NA NA NA NA NA NA NA NA NA NA NA NA NA NA
NA NA NA NA NA NA NA NA NA NA NA NA NA NA 311 311 311 311 312 312 312 312 312 312 312 312 313 313 313 313 313 313 313 313 314 314 314 314 314 314 314 314 314 314 314 315 315 315 315 315 315 315 315 316 316 316 316 316 316 316 316 316 317 317 317 317 317 317 317 317 318 318 318 318 318 318 318 318 318 319 319 319 319 319 319 319 319 320 320 320 320 320 320 320 320 320 321 321 321 321 321 321 321 321 321 321 322 322 322 322 322 322 322 322 322 322 322 322 323 323 323 323 323 323 323 323 323 323 323 323 324 324 324 324 324 324 324 324 324 324 324 324 324 324 324 324 324 324 324 324 324 325 325 325 325 325 325 325 325 325 325 325 325 325 325 325 325 325 325 325 325 325 325 326 326 326 326 326 326 326 326 326 326 326 326 326 326 326 326 326 326 326 326 326 326 326 326 326 326 326 326 326 326 326 326 326 326 327 327 327 327 327 327 327 327 327 327 327 327 327 327 327 327 327 327 327 327 327 327 327 327 327 327 327 327 327 NA NA NA NA NA NA NA NA NA NA NA NA NA NA NA NA NA NA NA NA NA NA NA NA NA NA NA NA NA NA NA NA NA NA NA NA NA NA NA NA NA NA NA NA NA NA NA NA NA NA NA NA NA NA NA NA NA NA NA NA NA NA NA NA NA NA NA NA NA NA NA NA NA NA NA NA NA NA NA NA NA NA NA NA NA NA NA NA NA NA NA NA NA NA NA NA NA NA NA NA NA NA NA NA NA NA NA NA NA NA NA NA NA NA NA NA NA NA NA NA NA NA NA NA NA NA NA NA NA NA NA NA NA NA NA NA NA NA NA NA NA NA NA NA NA NA NA NA NA NA NA NA NA NA NA NA NA NA NA NA NA NA NA NA NA NA NA NA NA NA NA NA NA NA NA NA NA NA NA NA NA NA NA NA NA NA NA NA NA NA NA NA NA NA NA NA NA NA NA NA NA NA NA NA NA NA NA NA NA NA NA NA NA NA NA NA NA NA NA NA NA NA NA NA NA NA NA NA NA NA NA NA NA NA NA NA NA NA NA NA NA NA NA NA NA NA NA NA NA NA NA NA NA NA NA NA NA NA NA NA NA NA NA NA NA NA NA
NA NA NA NA NA NA NA NA NA NA NA NA NA NA 311 311 311 312 312 312 312 312 312 312 312 313 313 313 313 313 313 313 313 314 314 314 314 314 314 314 314 315 314 314 315 315 315 315 315 315 315 315 316 316 316 316 316 316 316 316 316 317 317 317 317 317 317 317 317 318 318 318 318 318 318 318 318 318 319 319 319 319 319 319 319 319 319 320 320 320 320 320 320 320 320 321 321 321 321 321 321 321 321 321 321 322 322 322 322 322 322 322 322 322 322 322 323 323 323 323 323 323 323 323 323 323 323 323 323 324 324 324 324 324 324 324 324 324 324 324 324 324 324 324 324 324 324 324 324 325 325 325 325 325 325 325 325 325 325 325 325 325 325 325 325 325 325 325 325 325 326 326 326 326 326 326 326 326 326 326 326 326 326 326 326 326 326 326 326 326 326 326 326 326 326 326 326 326 326 326 326 326 326 326 327 327 327 327 327 327 327 327 327 327 327 327 327 327 327 327 327 327 327 327 327 327 327 327 327 327 327 327 327 327 327 327 NA NA NA NA NA NA NA NA NA NA NA NA NA NA NA NA NA NA NA NA NA NA NA NA NA NA NA NA NA NA NA NA NA NA NA NA NA NA NA NA NA NA NA NA NA NA NA NA NA NA NA NA NA NA NA NA NA NA NA NA NA NA NA NA NA NA NA NA NA NA NA NA NA NA NA NA NA NA NA NA NA NA NA NA NA NA NA NA NA NA NA NA NA NA NA NA NA NA NA NA NA NA NA NA NA NA NA NA NA NA NA NA NA NA NA NA NA NA NA NA NA NA NA NA NA NA NA NA NA NA NA NA NA NA NA NA NA NA NA NA NA NA NA NA NA NA NA NA NA NA NA NA NA NA NA NA NA NA NA NA NA NA NA NA NA NA NA NA NA NA NA NA NA NA NA NA NA NA NA NA NA NA NA NA NA NA NA NA NA NA NA NA NA NA NA NA NA NA NA NA NA NA NA NA NA NA NA NA NA NA NA NA NA NA NA NA NA NA NA NA NA NA NA NA NA NA NA NA NA NA NA NA NA NA NA NA NA NA NA NA NA NA NA NA NA NA NA NA NA NA NA NA NA NA NA NA NA NA NA NA NA NA NA NA NA NA NA
NA NA NA NA NA NA NA NA NA NA NA 311 311 311 311 311 312 312 312 312 312 312 312 312 312 313 313 313 313 313 313 313 313 314 314 314 314 314 314 314 314 315 314 314 315 315 315 315 315 315 315 315 316 316 316 316 316 316 316 316 317 317 317 317 317 317 317 317 318 318 318 318 318 318 318 318 318 319 319 319 319 319 319 319 319 319 320 320 320 320 320 320 320 320 320 321 321 321 321 321 321 321 321 321 322 322 322 322 322 322 322 322 322 322 322 323 323 323 323 323 323 323 323 323 323 323 323 324 324 324 324 324 324 324 324 324 324 324 324 324 324 324 324 324 324 324 324 325 325 325 325 325 325 325 325 325 325 325 325 325 325 325 325 325 325 325 325 325 325 326 326 326 326 326 326 326 326 326 326 326 326 326 326 326 326 326 326 326 326 326 326 326 326 326 326 326 326 326 326 326 326 326 327 327 327 327 327 327 327 327 327 327 327 327 327 327 327 327 327 327 327 327 327 327 327 327 327 327 327 327 327 327 327 327 327 NA NA NA NA NA NA NA NA NA NA NA NA NA NA NA NA NA NA NA NA NA NA NA NA NA NA NA NA NA NA NA NA NA NA NA NA NA NA NA NA NA NA NA NA NA NA NA NA NA NA NA NA NA NA NA NA NA NA NA NA NA NA NA NA NA NA NA NA NA NA NA NA NA NA NA NA NA NA NA NA NA NA NA NA NA NA NA NA NA NA NA NA NA NA NA NA NA NA NA NA NA NA NA NA NA NA NA NA NA NA NA NA NA NA NA NA NA NA NA NA NA NA NA NA NA NA NA NA NA NA NA NA NA NA NA NA NA NA NA NA NA NA NA NA NA NA NA NA NA NA NA NA NA NA NA NA NA NA NA NA NA NA NA NA NA NA NA NA NA NA NA NA NA NA NA NA NA NA NA NA NA NA NA NA NA NA NA NA NA NA NA NA NA NA NA NA NA NA NA NA NA NA NA NA NA NA NA NA NA NA NA NA NA NA NA NA NA NA NA NA NA NA NA NA NA NA NA NA NA NA NA NA NA NA NA NA NA NA NA NA NA NA NA NA NA NA NA NA NA NA NA NA NA NA NA NA NA NA NA NA NA NA NA NA NA NA NA NA
NA NA NA NA NA NA NA NA NA NA NA 311 311 311 311 311 312 312 312 312 312 312 312 312 313 313 313 313 313 313 313 313 314 314 314 314 314 314 314 314 315 315 314 315 315 315 315 315 315 315 315 316 316 316 316 316 316 316 316 317 317 317 317 317 317 317 317 317 318 318 318 318 318 318 318 318 319 319 319 319 319 319 319 319 319 319 320 320 320 320 320 320 320 320 321 321 321 321 321 321 321 321 321 322 322 322 322 322 322 322 322 322 322 322 323 323 323 323 323 323 323 323 323 323 323 323 324 324 324 324 324 324 324 324 324 324 324 324 324 324 325 325 324 324 324 325 325 325 325 325 325 325 325 325 325 325 325 325 325 325 325 325 325 325 325 325 325 326 326 326 326 326 326 326 326 326 326 326 326 326 326 326 326 326 326 326 326 326 326 326 326 326 326 326 326 326 326 326 326 327 327 327 327 327 327 327 327 327 327 327 327 327 327 327 327 327 327 327 327 327 327 327 327 327 327 327 327 327 327 327 327 327 327 327 NA NA NA NA NA NA NA NA NA NA NA NA NA NA NA NA NA NA NA NA NA NA NA NA NA NA NA NA NA NA NA NA NA NA NA NA NA NA NA NA NA NA NA NA NA NA NA NA NA NA NA NA NA NA NA NA NA NA NA NA NA NA NA NA NA NA NA NA NA NA NA NA NA NA NA NA NA NA NA NA NA NA NA NA NA NA NA NA NA NA NA NA NA NA NA NA NA NA NA NA NA NA NA NA NA NA NA NA NA NA NA NA NA NA NA NA NA NA NA NA NA NA NA NA NA NA NA NA NA NA NA NA NA NA NA NA NA NA NA NA NA NA NA NA NA NA NA NA NA NA NA NA NA NA NA NA NA NA NA NA NA NA NA NA NA NA NA NA NA NA NA NA NA NA NA NA NA NA NA NA NA NA NA NA NA NA NA NA NA NA NA NA NA NA NA NA NA NA NA NA NA NA NA NA NA NA NA NA NA NA NA NA NA NA NA NA NA NA NA NA NA NA NA NA NA NA NA NA NA NA NA NA NA NA NA NA NA NA NA NA NA NA NA NA NA NA NA NA NA NA NA NA NA NA NA NA NA NA NA NA NA NA NA NA NA NA NA NA NA
NA NA NA NA NA NA NA NA NA NA NA 311 311 311 311 312 312 312 312 312 312 312 312 312 313 313 313 313 313 313 313 313 314 314 314 314 314 314 314 314 315 315 314 315 315 315 315 315 315 315 316 316 316 316 316 316 316 316 316 317 317 317 317 317 317 317 317 318 318 318 318 318 318 318 318 318 319 319 319 319 319 319 319 319 319 320 320 320 320 320 320 320 320 321 321 321 321 321 321 321 321 321 322 322 322 322 322 322 322 322 322 322 322 323 323 323 323 323 323 323 323 323 323 323 324 324 324 324 324 324 324 324 324 324 324 324 324 324 324 325 325 325 324 325 325 325 325 325 325 325 325 325 325 325 325 325 325 325 325 325 325 325 325 325 325 326 326 326 326 326 326 326 326 326 326 326 326 326 326 326 326 326 326 326 326 326 326 326 326 326 326 326 326 326 326 326 326 327 327 327 327 327 327 327 327 327 327 327 327 327 327 327 327 327 327 327 327 327 327 327 327 327 327 327 327 327 327 327 327 327 327 327 327 327 NA NA NA NA NA NA NA NA NA NA NA NA NA NA NA NA NA NA NA NA NA NA NA NA NA NA NA NA NA NA NA NA NA NA NA NA NA NA NA NA NA NA NA NA NA NA NA NA NA NA NA NA NA NA NA NA NA NA NA NA NA NA NA NA NA NA NA NA NA NA NA NA NA NA NA NA NA NA NA NA NA NA NA NA NA NA NA NA NA NA NA NA NA NA NA NA NA NA NA NA NA NA NA NA NA NA NA NA NA NA NA NA NA NA NA NA NA NA NA NA NA NA NA NA NA NA NA NA NA NA NA NA NA NA NA NA NA NA NA NA NA NA NA NA NA NA NA NA NA NA NA NA NA NA NA NA NA NA NA NA NA NA NA NA NA NA NA NA NA NA NA NA NA NA NA NA NA NA NA NA NA NA NA NA NA NA NA NA NA NA NA NA NA NA NA NA NA NA NA NA NA NA NA NA NA NA NA NA NA NA NA NA NA NA NA NA NA NA NA NA NA NA NA NA NA NA NA NA NA NA NA NA NA NA NA NA NA NA NA NA NA NA NA NA NA NA NA NA NA NA NA NA NA NA NA NA NA NA NA NA NA NA NA NA NA NA NA NA NA
NA NA NA NA NA NA NA NA NA NA NA NA 311 311 311 312 312 312 312 312 312 312 312 313 313 313 313 313 313 313 313 314 314 314 314 314 314 314 314 315 315 315 315 315 315 315 315 315 315 315 316 316 316 316 316 316 316 316 317 317 317 317 317 317 317 317 318 318 318 318 318 318 318 318 318 319 319 319 319 319 319 319 319 320 320 320 320 320 320 320 320 320 320 321 321 321 321 321 321 321 321 322 322 322 322 322 322 322 322 322 322 323 323 323 323 323 323 323 323 323 323 323 323 324 324 324 324 324 324 324 324 324 324 324 324 324 324 325 325 325 325 325 325 325 325 325 325 325 325 325 325 325 325 325 325 325 325 325 325 325 325 325 325 326 326 326 326 326 326 326 326 326 326 326 326 326 326 326 326 326 326 326 326 326 326 326 326 326 326 326 326 326 326 326 327 327 327 327 327 327 327 327 327 327 327 327 327 327 327 327 327 327 327 327 327 327 327 327 327 327 327 327 327 327 327 327 327 327 327 327 327 327 327 327 NA NA NA NA NA NA NA NA NA NA NA NA NA NA NA NA NA NA NA NA NA NA NA NA NA NA NA NA NA NA NA NA NA NA NA NA NA NA NA NA NA NA NA NA NA NA NA NA NA NA NA NA NA NA NA NA NA NA NA NA NA NA NA NA NA NA NA NA NA NA NA NA NA NA NA NA NA NA NA NA NA NA NA NA NA NA NA NA NA NA NA NA NA NA NA NA NA NA NA NA NA NA NA NA NA NA NA NA NA NA NA NA NA NA NA NA NA NA NA NA NA NA NA NA NA NA NA NA NA NA NA NA NA NA NA NA NA NA NA NA NA NA NA NA NA NA NA NA NA NA NA NA NA NA NA NA NA NA NA NA NA NA NA NA NA NA NA NA NA NA NA NA NA NA NA NA NA NA NA NA NA NA NA NA NA NA NA NA NA NA NA NA NA NA NA NA NA NA NA NA NA NA NA NA NA NA NA NA NA NA NA NA NA NA NA NA NA NA NA NA NA NA NA NA NA NA NA NA NA NA NA NA NA NA NA NA NA NA NA NA NA NA NA NA NA NA NA NA NA NA NA NA NA NA NA NA NA NA NA NA NA NA NA NA NA NA NA NA NA
NA NA NA NA NA NA NA NA NA NA 311 311 311 311 312 312 312 312 312 312 312 312 313 313 313 313 313 313 313 313 313 314 314 314 314 314 314 314 314 315 315 315 315 315 315 315 315 315 315 316 316 316 316 316 316 316 316 317 317 317 317 317 317 317 317 317 318 318 318 318 318 318 318 318 319 319 319 319 319 319 319 319 319 320 320 320 320 320 320 320 320 320 321 321 321 321 321 321 321 321 322 322 322 322 322 322 322 322 322 322 323 323 323 323 323 323 323 323 323 323 323 323 324 324 324 324 324 324 324 324 324 324 324 324 324 325 325 325 325 325 325 325 325 325 325 325 325 325 325 325 325 325 325 325 325 325 325 325 325 325 326 326 326 326 326 326 326 326 326 326 326 326 326 326 326 326 326 326 326 326 326 326 326 326 326 326 326 326 326 327 327 327 327 327 327 327 327 327 327 327 327 327 327 327 327 327 327 327 327 327 327 327 327 327 327 327 327 327 327 327 327 327 327 327 327 327 327 327 327 327 327 327 327 327 327 NA NA NA NA NA NA NA NA NA NA NA NA NA NA NA NA NA NA NA NA NA NA NA NA NA NA NA NA NA NA NA NA NA NA NA NA NA NA NA NA NA NA NA NA NA NA NA NA NA NA NA NA NA NA NA NA NA NA NA NA NA NA NA NA NA NA NA NA NA NA NA NA NA NA NA NA NA NA NA NA NA NA NA NA NA NA NA NA NA NA NA NA NA NA NA NA NA NA NA NA NA NA NA NA NA NA NA NA NA NA NA NA NA NA NA NA NA NA NA NA NA NA NA NA NA NA NA NA NA NA NA NA NA NA NA NA NA NA NA NA NA NA NA NA NA NA NA NA NA NA NA NA NA NA NA NA NA NA NA NA NA NA NA NA NA NA NA NA NA NA NA NA NA NA NA NA NA NA NA NA NA NA NA NA NA NA NA NA NA NA NA NA NA NA NA NA NA NA NA NA NA NA NA NA NA NA NA NA NA NA NA NA NA NA NA NA NA NA NA NA NA NA NA NA NA NA NA NA NA NA NA NA NA NA NA NA NA NA NA NA NA NA NA NA NA NA NA NA NA NA NA NA NA NA NA NA NA NA NA NA NA NA NA NA NA NA NA NA
NA NA NA NA NA NA NA NA NA 311 311 311 311 312 312 312 312 312 312 312 312 312 313 313 313 313 313 313 313 313 314 314 314 314 314 314 314 314 315 315 315 315 315 315 315 315 315 315 315 316 316 316 316 316 316 316 316 317 317 317 317 317 317 317 317 318 318 318 318 318 318 318 318 319 319 319 319 319 319 319 319 319 320 320 320 320 320 320 320 320 320 321 321 321 321 321 321 321 321 321 322 322 322 322 322 322 322 322 322 322 323 323 323 323 323 323 323 323 323 323 324 324 324 324 324 324 324 324 324 324 324 324 324 324 325 325 325 325 325 325 325 325 325 325 325 325 325 325 325 325 325 325 325 325 325 325 325 325 326 326 326 326 326 326 326 326 326 326 326 326 326 326 326 326 326 326 326 326 326 326 326 326 326 326 326 326 327 327 327 327 327 327 327 327 327 327 327 327 327 327 327 327 327 327 327 327 327 327 327 327 327 327 327 327 327 327 327 327 327 327 327 327 327 327 327 327 327 327 327 327 327 327 327 327 327 327 327 327 NA NA NA NA NA NA NA NA NA NA NA NA NA NA NA NA NA NA NA NA NA NA NA NA NA NA NA NA NA NA NA NA NA NA NA NA NA NA NA NA NA NA NA NA NA NA NA NA NA NA NA NA NA NA NA NA NA NA NA NA NA NA NA NA NA NA NA NA NA NA NA NA NA NA NA NA NA NA NA NA NA NA NA NA NA NA NA NA NA NA NA NA NA NA NA NA NA NA NA NA NA NA NA NA NA NA NA NA NA NA NA NA NA NA NA NA NA NA NA NA NA NA NA NA NA NA NA NA NA NA NA NA NA NA NA NA NA NA NA NA NA NA NA NA NA NA NA NA NA NA NA NA NA NA NA NA NA NA NA NA NA NA NA NA NA NA NA NA NA NA NA NA NA NA NA NA NA NA NA NA NA NA NA NA NA NA NA NA NA NA NA NA NA NA NA NA NA NA NA NA NA NA NA NA NA NA NA NA NA NA NA NA NA NA NA NA NA NA NA NA NA NA NA NA NA NA NA NA NA NA NA NA NA NA NA NA NA NA NA NA NA NA NA NA NA NA NA NA NA NA NA NA NA NA NA NA NA NA NA NA NA NA NA NA NA
NA NA NA NA NA NA NA NA NA 311 311 311 311 312 312 312 312 312 312 312 312 313 313 313 313 313 313 313 313 314 314 314 314 314 314 314 314 315 315 315 315 315 315 315 315 315 315 315 316 316 316 316 316 316 316 316 317 317 317 317 317 317 317 317 318 318 318 318 318 318 318 318 318 319 319 319 319 319 319 319 319 320 320 320 320 320 320 320 320 320 321 321 321 321 321 321 321 321 322 322 322 322 322 322 322 322 322 322 322 323 323 323 323 323 323 323 323 323 323 324 324 324 324 324 324 324 324 324 324 324 324 324 325 325 325 325 325 325 325 325 325 325 325 325 325 325 325 325 325 325 325 325 325 325 325 325 326 326 326 326 326 326 326 326 326 326 326 326 326 326 326 326 326 326 326 326 326 326 326 326 326 326 326 326 327 327 327 327 327 327 327 327 327 327 327 327 327 327 327 327 327 327 327 327 327 327 327 327 327 327 327 327 327 327 327 327 327 327 327 327 327 327 327 327 327 327 327 327 327 327 327 327 327 327 327 327 327 328 328 NA NA NA NA NA NA NA NA NA NA NA NA NA NA NA NA NA NA NA NA NA NA NA NA NA NA NA NA NA NA NA NA NA NA NA NA NA NA NA NA NA NA NA NA NA NA NA NA NA NA NA NA NA NA NA NA NA NA NA NA NA NA NA NA NA NA NA NA NA NA NA NA NA NA NA NA NA NA NA NA NA NA NA NA NA NA NA NA NA NA NA NA NA NA NA NA NA NA NA NA NA NA NA NA NA NA NA NA NA NA NA NA NA NA NA NA NA NA NA NA NA NA NA NA NA NA NA NA NA NA NA NA NA NA NA NA NA NA NA NA NA NA NA NA NA NA NA NA NA NA NA NA NA NA NA NA NA NA NA NA NA NA NA NA NA NA NA NA NA NA NA NA NA NA NA NA NA NA NA NA NA NA NA NA NA NA NA NA NA NA NA NA NA NA NA NA NA NA NA NA NA NA NA NA NA NA NA NA NA NA NA NA NA NA NA NA NA NA NA NA NA NA NA NA NA NA NA NA NA NA NA NA NA NA NA NA NA NA NA NA NA NA NA NA NA NA NA NA NA NA NA NA NA NA NA NA NA NA NA NA NA NA NA NA
NA NA NA NA NA NA NA NA NA 311 311 311 312 312 312 312 312 312 312 312 312 313 313 313 313 313 313 313 313 314 314 314 314 314 314 314 314 315 315 315 315 315 315 315 315 315 315 315 316 316 316 316 316 316 316 316 317 317 317 317 317 317 317 317 318 318 318 318 318 318 318 318 319 319 319 319 319 319 319 319 320 320 320 320 320 320 320 320 320 321 321 321 321 321 321 321 321 322 322 322 322 322 322 322 322 322 322 322 323 323 323 323 323 323 323 323 323 323 324 324 324 324 324 324 324 324 324 324 324 324 324 325 325 325 325 325 325 325 325 325 325 325 325 325 325 325 325 325 325 325 325 325 325 325 326 326 326 326 326 326 326 326 326 326 326 326 326 326 326 326 326 326 326 326 326 326 326 326 326 326 326 327 327 327 327 327 327 327 327 327 327 327 327 327 327 327 327 327 327 327 327 327 327 327 327 327 327 327 327 327 327 327 327 327 327 327 327 327 327 327 327 327 327 327 327 327 327 327 327 327 327 327 328 328 328 328 328 328 328 328 NA NA NA NA NA NA NA NA NA NA NA NA NA NA NA NA NA NA NA NA NA NA NA NA NA NA NA NA NA NA NA NA NA NA NA NA NA NA NA NA NA NA NA NA NA NA NA NA NA NA NA NA NA NA NA NA NA NA NA NA NA NA NA NA NA NA NA NA NA NA NA NA NA NA NA NA NA NA NA NA NA NA NA NA NA NA NA NA NA NA NA NA NA NA NA NA NA NA NA NA NA NA NA NA NA NA NA NA NA NA NA NA NA NA NA NA NA NA NA NA NA NA NA NA NA NA NA NA NA NA NA NA NA NA NA NA NA NA NA NA NA NA NA NA NA NA NA NA NA NA NA NA NA NA NA NA NA NA NA NA NA NA NA NA NA NA NA NA NA NA NA NA NA NA NA NA NA NA NA NA NA NA NA NA NA NA NA NA NA NA NA NA NA NA NA NA NA NA NA NA NA NA NA NA NA NA NA NA NA NA NA NA NA NA NA NA NA NA NA NA NA NA NA NA NA NA NA NA NA NA NA NA NA NA NA NA NA NA NA NA NA NA NA NA NA NA NA NA NA NA NA NA NA NA NA NA NA NA NA NA NA NA NA
NA NA NA NA NA NA NA NA NA NA NA NA 312 312 312 312 312 312 312 312 312 313 313 NA NA 313 313 313 314 314 314 314 314 314 314 314 315 315 315 315 315 315 315 315 315 315 315 316 316 316 316 316 316 316 316 317 317 317 317 317 317 317 317 318 318 318 318 318 318 318 318 319 319 319 319 319 319 319 319 319 320 320 320 320 320 320 320 320 321 321 321 321 321 321 321 321 322 322 322 322 322 322 322 322 322 322 322 323 323 323 323 323 323 323 323 323 323 324 324 324 324 324 324 324 324 324 324 324 324 325 325 325 325 325 325 325 325 325 325 325 325 325 325 325 325 325 325 325 325 325 325 325 326 326 326 326 326 326 326 326 326 326 326 326 326 326 326 326 326 326 326 326 326 326 326 326 326 326 327 327 327 327 327 327 327 327 327 327 327 327 327 327 327 327 327 327 327 327 327 327 327 327 327 327 327 327 327 327 327 327 327 327 327 327 327 327 327 327 327 327 327 327 327 327 327 327 327 327 328 328 328 328 328 328 328 328 328 328 328 328 328 NA NA NA NA NA NA NA NA NA NA NA NA NA NA NA NA NA NA NA NA NA NA NA NA NA NA NA NA NA NA NA NA NA NA NA NA NA NA NA NA NA NA NA NA NA NA NA NA NA NA NA NA NA NA NA NA NA NA NA NA NA NA NA NA NA NA NA NA NA NA NA NA NA NA NA NA NA NA NA NA NA NA NA NA NA NA NA NA NA NA NA NA NA NA NA NA NA NA NA NA NA NA NA NA NA NA NA NA NA NA NA NA NA NA NA NA NA NA NA NA NA NA NA NA NA NA NA NA NA NA NA NA NA NA NA NA NA NA NA NA NA NA NA NA NA NA NA NA NA NA NA NA NA NA NA NA NA NA NA NA NA NA NA NA NA NA NA NA NA NA NA NA NA NA NA NA NA NA NA NA NA NA NA NA NA NA NA NA NA NA NA NA NA NA NA NA NA NA NA NA NA NA NA NA NA NA NA NA NA NA NA NA NA NA NA NA NA NA NA NA NA NA NA NA NA NA NA NA NA NA NA NA NA NA NA NA NA NA NA NA NA NA NA NA NA NA NA NA NA NA NA NA NA NA NA NA NA NA NA NA NA NA
NA NA NA NA NA NA NA NA NA NA NA NA NA 312 312 312 312 312 312 312 312 313 NA NA NA NA 313 313 313 314 314 314 314 314 314 314 315 315 315 315 315 315 315 315 315 315 315 316 316 316 316 316 316 316 317 317 317 317 317 317 317 317 317 318 318 318 318 318 318 318 318 319 319 319 319 319 319 319 319 320 320 320 320 320 320 320 320 320 321 321 321 321 321 321 321 321 322 322 322 322 322 322 322 322 322 323 323 323 323 323 323 323 323 323 323 324 324 324 324 324 324 324 324 324 324 324 324 324 325 325 325 325 325 325 325 325 325 325 325 325 325 325 325 325 325 325 325 325 325 325 326 326 326 326 326 326 326 326 326 326 326 326 326 326 326 326 326 326 326 326 326 326 326 326 326 327 327 327 327 327 327 327 327 327 327 327 327 327 327 327 327 327 327 327 327 327 327 327 327 327 327 327 327 327 327 327 327 327 327 327 327 327 327 327 327 327 327 327 327 327 327 327 327 327 327 328 328 328 328 328 328 328 328 328 328 328 328 328 328 328 328 NA NA NA NA NA NA NA NA NA NA NA NA NA NA NA NA NA NA NA NA NA NA NA NA NA NA NA NA NA NA NA NA NA NA NA NA NA NA NA NA NA NA NA NA NA NA NA NA NA NA NA NA NA NA NA NA NA NA NA NA NA NA NA NA NA NA NA NA NA NA NA NA NA NA NA NA NA NA NA NA NA NA NA NA NA NA NA NA NA NA NA NA NA NA NA NA NA NA NA NA NA NA NA NA NA NA NA NA NA NA NA NA NA NA NA NA NA NA NA NA NA NA NA NA NA NA NA NA NA NA NA NA NA NA NA NA NA NA NA NA NA NA NA NA NA NA NA NA NA NA NA NA NA NA NA NA NA NA NA NA NA NA NA NA NA NA NA NA NA NA NA NA NA NA NA NA NA NA NA NA NA NA NA NA NA NA NA NA NA NA NA NA NA NA NA NA NA NA NA NA NA NA NA NA NA NA NA NA NA NA NA NA NA NA NA NA NA NA NA NA NA NA NA NA NA NA NA NA NA NA NA NA NA NA NA NA NA NA NA NA NA NA NA NA NA NA NA NA NA NA NA NA NA NA NA NA NA NA NA NA NA NA
NA NA NA NA NA NA NA NA NA NA NA NA NA NA NA 312 312 312 312 312 NA NA NA NA NA NA 313 313 313 314 314 314 314 314 314 315 315 315 315 315 315 315 315 315 315 315 316 316 316 316 316 316 316 316 317 317 317 317 317 317 317 317 318 318 318 318 318 318 318 318 319 319 319 319 319 319 319 319 320 320 320 320 320 320 320 320 320 321 321 321 321 321 321 321 321 322 322 322 322 322 322 322 322 322 323 323 323 323 323 323 323 323 323 323 324 324 324 324 324 324 324 324 324 324 324 324 325 325 325 325 325 325 325 325 325 325 325 325 325 325 325 325 325 325 325 325 325 325 326 326 326 326 326 326 326 326 326 326 326 326 326 326 326 326 326 326 326 326 326 326 326 326 326 327 327 327 327 327 327 327 327 327 327 327 327 327 327 327 327 327 327 327 327 327 327 327 327 327 327 327 327 327 327 327 327 327 327 327 327 327 327 327 327 327 327 327 327 327 327 327 327 328 328 328 328 328 328 328 328 328 328 328 328 328 328 328 328 328 328 328 328 328 NA NA NA NA NA NA NA NA NA NA NA NA NA NA NA NA NA NA NA NA NA NA NA NA NA NA NA NA NA NA NA NA NA NA NA NA NA NA NA NA NA NA NA NA NA NA NA NA NA NA NA NA NA NA NA NA NA NA NA NA NA NA NA NA NA NA NA NA NA NA NA NA NA NA NA NA NA NA NA NA NA NA NA NA NA NA NA NA NA NA NA NA NA NA NA NA NA NA NA NA NA NA NA NA NA NA NA NA NA NA NA NA NA NA NA NA NA NA NA NA NA NA NA NA NA NA NA NA NA NA NA NA NA NA NA NA NA NA NA NA NA NA NA NA NA NA NA NA NA NA NA NA NA NA NA NA NA NA NA NA NA NA NA NA NA NA NA NA NA NA NA NA NA NA NA NA NA NA NA NA NA NA NA NA NA NA NA NA NA NA NA NA NA NA NA NA NA NA NA NA NA NA NA NA NA NA NA NA NA NA NA NA NA NA NA NA NA NA NA NA NA NA NA NA NA NA NA NA NA NA NA NA NA NA NA NA NA NA NA NA NA NA NA NA NA NA NA NA NA NA NA NA NA NA NA NA NA NA NA NA NA
NA NA NA NA NA NA NA NA NA NA NA NA NA NA NA NA NA NA NA NA NA NA NA NA NA NA NA NA NA NA NA 314 314 314 314 315 315 315 315 315 315 315 315 315 315 316 316 316 316 316 316 316 316 317 317 317 317 317 317 317 317 318 318 318 318 318 318 318 318 319 319 319 319 319 319 319 319 319 320 320 320 320 320 320 320 320 321 321 321 321 321 321 321 321 322 322 322 322 322 322 322 322 322 323 323 323 323 323 323 323 323 323 323 324 324 324 324 324 324 324 324 324 324 324 324 325 325 325 325 325 325 325 325 325 325 325 325 325 325 325 326 326 325 325 325 326 326 326 326 326 326 326 326 326 326 326 326 326 326 326 326 326 326 326 326 326 326 326 326 326 327 327 327 327 327 327 327 327 327 327 327 327 327 327 327 327 327 327 327 327 327 327 327 327 327 327 327 327 327 327 327 327 327 327 327 327 327 327 327 327 327 327 327 327 327 327 327 327 328 328 328 328 328 328 328 328 328 328 328 328 328 328 328 328 328 328 328 328 328 328 328 NA NA NA NA NA NA NA NA NA NA NA NA NA NA NA NA NA NA NA NA NA NA NA NA NA NA NA NA NA NA NA NA NA NA NA NA NA NA NA NA NA NA NA NA NA NA NA NA NA NA NA NA NA NA NA NA NA NA NA NA NA NA NA NA NA NA NA NA NA NA NA NA NA NA NA NA NA NA NA NA NA NA NA NA NA NA NA NA NA NA NA NA NA NA NA NA NA NA NA NA NA NA NA NA NA NA NA NA NA NA NA NA NA NA NA NA NA NA NA NA NA NA NA NA NA NA NA NA NA NA NA NA NA NA NA NA NA NA NA NA NA NA NA NA NA NA NA NA NA NA NA NA NA NA NA NA NA NA NA NA NA NA NA NA NA NA NA NA NA NA NA NA NA NA NA NA NA NA NA NA NA NA NA NA NA NA NA NA NA NA NA NA NA NA NA NA NA NA NA NA NA NA NA NA NA NA NA NA NA NA NA NA NA NA NA NA NA NA NA NA NA NA NA NA NA NA NA NA NA NA NA NA NA NA NA NA NA NA NA NA NA NA NA NA NA NA NA NA NA NA NA NA NA NA NA NA NA NA NA NA NA NA
NA NA NA NA NA NA NA NA NA NA NA NA NA NA NA NA NA NA NA NA NA NA NA NA NA NA NA NA NA NA NA NA NA 314 315 315 315 315 315 315 315 315 315 315 315 316 316 316 316 316 316 316 316 317 317 317 317 317 317 317 317 318 318 318 318 318 318 318 318 319 319 319 319 319 319 319 319 320 320 320 320 320 320 320 320 321 321 321 321 321 321 321 321 322 322 322 322 322 322 322 322 322 323 323 323 323 323 323 323 323 323 323 324 324 324 324 324 324 324 324 324 324 324 324 325 325 325 325 325 325 325 325 325 325 325 325 325 325 326 326 326 326 325 326 326 326 326 326 326 326 326 326 326 326 326 326 326 326 326 326 326 326 326 326 326 326 326 327 327 327 327 327 327 327 327 327 327 327 327 327 327 327 327 327 327 327 327 327 327 327 327 327 327 327 327 327 327 327 327 327 327 327 327 327 327 327 327 327 327 327 327 327 327 327 328 328 328 328 328 328 328 328 328 328 328 328 328 328 328 328 328 328 328 328 328 328 328 328 328 328 NA NA NA NA NA NA NA NA NA NA NA NA NA NA NA NA NA NA NA NA NA NA NA NA NA NA NA NA NA NA NA NA NA NA NA NA NA NA NA NA NA NA NA NA NA NA NA NA NA NA NA NA NA NA NA NA NA NA NA NA NA NA NA NA NA NA NA NA NA NA NA NA NA NA NA NA NA NA NA NA NA NA NA NA NA NA NA NA NA NA NA NA NA NA NA NA NA NA NA NA NA NA NA NA NA NA NA NA NA NA NA NA NA NA NA NA NA NA NA NA NA NA NA NA NA NA NA NA NA NA NA NA NA NA NA NA NA NA NA NA NA NA NA NA NA NA NA NA NA NA NA NA NA NA NA NA NA NA NA NA NA NA NA NA NA NA NA NA NA NA NA NA NA NA NA NA NA NA NA NA NA NA NA NA NA NA NA NA NA NA NA NA NA NA NA NA NA NA NA NA NA NA NA NA NA NA NA NA NA NA NA NA NA NA NA NA NA NA NA NA NA NA NA NA NA NA NA NA NA NA NA NA NA NA NA NA NA NA NA NA NA NA NA NA NA NA NA NA NA NA NA NA NA NA NA NA NA NA NA NA NA NA NA
NA NA NA NA NA NA NA NA NA NA NA NA NA NA NA NA NA NA NA NA NA NA NA NA NA NA NA NA NA NA NA NA NA NA 315 315 315 315 315 315 315 315 315 315 316 316 316 316 316 316 316 316 317 317 317 317 317 317 317 317 318 318 318 318 318 318 318 318 319 319 319 319 319 319 319 319 320 320 320 320 320 320 320 320 320 321 321 321 321 321 321 321 322 322 322 322 322 322 322 322 322 323 323 323 323 323 323 323 323 323 323 324 324 324 324 324 324 324 324 324 324 324 325 325 325 325 325 325 325 325 325 325 325 325 325 325 325 326 326 326 326 326 326 326 326 326 326 326 326 326 326 326 326 326 326 326 326 326 326 326 326 326 326 326 326 327 327 327 327 327 327 327 327 327 327 327 327 327 327 327 327 327 327 327 327 327 327 327 327 327 327 327 327 327 327 327 327 327 327 327 327 327 327 327 327 327 327 327 327 327 327 328 328 328 328 328 328 328 328 328 328 328 328 328 328 328 328 328 328 328 328 328 328 328 328 328 328 328 NA NA NA NA NA NA NA NA NA NA NA NA NA NA NA NA NA NA NA NA NA NA NA NA NA NA NA NA NA NA NA NA NA NA NA NA NA NA NA NA NA NA NA NA NA NA NA NA NA NA NA NA NA NA NA NA NA NA NA NA NA NA NA NA NA NA NA NA NA NA NA NA NA NA NA NA NA NA NA NA NA NA NA NA NA NA NA NA NA NA NA NA NA NA NA NA NA NA NA NA NA NA NA NA NA NA NA NA NA NA NA NA NA NA NA NA NA NA NA NA NA NA NA NA NA NA NA NA NA NA NA NA NA NA NA NA NA NA NA NA NA NA NA NA NA NA NA NA NA NA NA NA NA NA NA NA NA NA NA NA NA NA NA NA NA NA NA NA NA NA NA NA NA NA NA NA NA NA NA NA NA NA NA NA NA NA NA NA NA NA NA NA NA NA NA NA NA NA NA NA NA NA NA NA NA NA NA NA NA NA NA NA NA NA NA NA NA NA NA NA NA NA NA NA NA NA NA NA NA NA NA NA NA NA NA NA NA NA NA NA NA NA NA NA NA NA NA NA NA NA NA NA NA NA NA NA NA NA NA NA NA NA NA NA NA
NA NA NA NA NA NA NA NA NA NA NA NA NA NA NA NA NA NA NA NA NA NA NA NA NA NA NA NA NA NA NA NA NA NA 315 315 315 315 315 315 315 316 315 315 316 316 316 316 316 316 316 317 317 317 317 317 317 317 317 318 318 318 318 318 318 318 318 318 319 319 319 319 319 319 319 319 320 320 320 320 320 320 320 320 321 321 321 321 321 321 321 321 322 322 322 322 322 322 322 322 323 323 323 323 323 323 323 323 323 323 324 324 324 324 324 324 324 324 324 324 324 325 325 325 325 325 325 325 325 325 325 325 325 325 325 326 326 326 326 326 326 326 326 326 326 326 326 326 326 326 326 326 326 326 326 326 326 326 326 326 326 326 326 326 327 327 327 327 327 327 327 327 327 327 327 327 327 327 327 327 327 327 327 327 327 327 327 327 327 327 327 327 327 327 327 327 327 327 327 327 327 327 327 327 327 327 327 327 328 328 328 328 328 328 328 328 328 328 328 328 328 328 328 328 328 328 328 328 328 328 328 328 328 328 328 328 NA NA NA NA NA NA NA NA NA NA NA NA NA NA NA NA NA NA NA NA NA NA NA NA NA NA NA NA NA NA NA NA NA NA NA NA NA NA NA NA NA NA NA NA NA NA NA NA NA NA NA NA NA NA NA NA NA NA NA NA NA NA NA NA NA NA NA NA NA NA NA NA NA NA NA NA NA NA NA NA NA NA NA NA NA NA NA NA NA NA NA NA NA NA NA NA NA NA NA NA NA NA NA NA NA NA NA NA NA NA NA NA NA NA NA NA NA NA NA NA NA NA NA NA NA NA NA NA NA NA NA NA NA NA NA NA NA NA NA NA NA NA NA NA NA NA NA NA NA NA NA NA NA NA NA NA NA NA NA NA NA NA NA NA NA NA NA NA NA NA NA NA NA NA NA NA NA NA NA NA NA NA NA NA NA NA NA NA NA NA NA NA NA NA NA NA NA NA NA NA NA NA NA NA NA NA NA NA NA NA NA NA NA NA NA NA NA NA NA NA NA NA NA NA NA NA NA NA NA NA NA NA NA NA NA NA NA NA NA NA NA NA NA NA NA NA NA NA NA NA NA NA NA NA NA NA NA NA NA NA NA NA NA NA NA NA NA
NA NA NA NA NA NA NA NA NA NA NA NA NA NA NA NA NA NA NA NA NA NA NA NA NA NA NA NA NA NA NA NA NA NA 315 315 315 315 315 315 316 316 315 316 316 316 316 316 316 316 316 317 317 317 317 317 317 317 317 318 318 318 318 318 318 318 318 319 319 319 319 319 319 319 319 320 320 320 320 320 320 320 320 321 321 321 321 321 321 321 321 321 322 322 322 322 322 322 322 322 323 323 323 323 323 323 323 323 323 324 324 324 324 324 324 324 324 324 324 324 325 325 325 325 325 325 325 325 325 325 325 325 325 326 326 326 326 326 326 326 326 326 326 326 326 326 326 326 326 326 326 326 326 326 326 326 326 326 326 326 326 326 327 327 327 327 327 327 327 327 327 327 327 327 327 327 327 327 327 327 327 327 327 327 327 327 327 327 327 327 327 327 327 327 327 327 327 327 327 327 327 327 327 327 327 328 328 328 328 328 328 328 328 328 328 328 328 328 328 328 328 328 328 328 328 328 328 328 328 328 328 328 328 328 328 NA NA NA NA NA NA NA NA NA NA NA NA NA NA NA NA NA NA NA NA NA NA NA NA NA NA NA NA NA NA NA NA NA NA NA NA NA NA NA NA NA NA NA NA NA NA NA NA NA NA NA NA NA NA NA NA NA NA NA NA NA NA NA NA NA NA NA NA NA NA NA NA NA NA NA NA NA NA NA NA NA NA NA NA NA NA NA NA NA NA NA NA NA NA NA NA NA NA NA NA NA NA NA NA NA NA NA NA NA NA NA NA NA NA NA NA NA NA NA NA NA NA NA NA NA NA NA NA NA NA NA NA NA NA NA NA NA NA NA NA NA NA NA NA NA NA NA NA NA NA NA NA NA NA NA NA NA NA NA NA NA NA NA NA NA NA NA NA NA NA NA NA NA NA NA NA NA NA NA NA NA NA NA NA NA NA NA NA NA NA NA NA NA NA NA NA NA NA NA NA NA NA NA NA NA NA NA NA NA NA NA NA NA NA NA NA NA NA NA NA NA NA NA NA NA NA NA NA NA NA NA NA NA NA NA NA NA NA NA NA NA NA NA NA NA NA NA NA NA NA NA NA NA NA NA NA NA NA NA NA NA NA NA NA NA NA NA NA
NA NA NA NA NA NA NA NA NA NA NA NA NA NA NA NA NA NA NA NA NA 313 313 313 313 314 NA NA NA NA NA 314 315 315 315 315 315 315 315 315 316 316 316 316 316 316 316 316 316 316 317 317 317 317 317 317 317 317 318 318 318 318 318 318 318 318 319 319 319 319 319 319 319 319 320 320 320 320 320 320 320 320 320 321 321 321 321 321 321 321 321 322 322 322 322 322 322 322 322 323 323 323 323 323 323 323 323 323 324 324 324 324 324 324 324 324 324 324 325 325 325 325 325 325 325 325 325 325 325 325 325 325 326 326 326 326 326 326 326 326 326 326 326 326 326 326 326 326 326 326 326 326 326 326 326 326 326 326 326 326 327 327 327 327 327 327 327 327 327 327 327 327 327 327 327 327 327 327 327 327 327 327 327 327 327 327 327 327 327 327 327 327 327 327 327 327 327 327 327 327 327 327 328 328 328 328 328 328 328 328 328 328 328 328 328 328 328 328 328 328 328 328 328 328 328 328 328 328 328 328 328 328 328 328 328 NA NA NA NA NA NA NA NA NA NA NA NA NA NA NA NA NA NA NA NA NA NA NA NA NA NA NA NA NA NA NA NA NA NA NA NA NA NA NA NA NA NA NA NA NA NA NA NA NA NA NA NA NA NA NA NA NA NA NA NA NA NA NA NA NA NA NA NA NA NA NA NA NA NA NA NA NA NA NA NA NA NA NA NA NA NA NA NA NA NA NA NA NA NA NA NA NA NA NA NA NA NA NA NA NA NA NA NA NA NA NA NA NA NA NA NA NA NA NA NA NA NA NA NA NA NA NA NA NA NA NA NA NA NA NA NA NA NA NA NA NA NA NA NA NA NA NA NA NA NA NA NA NA NA NA NA NA NA NA NA NA NA NA NA NA NA NA NA NA NA NA NA NA NA NA NA NA NA NA NA NA NA NA NA NA NA NA NA NA NA NA NA NA NA NA NA NA NA NA NA NA NA NA NA NA NA NA NA NA NA NA NA NA NA NA NA NA NA NA NA NA NA NA NA NA NA NA NA NA NA NA NA NA NA NA NA NA NA NA NA NA NA NA NA NA NA NA NA NA NA NA NA NA NA NA NA NA NA NA NA NA NA NA NA NA NA NA NA
NA NA NA NA NA NA NA NA NA NA NA NA NA NA NA NA NA NA NA NA NA 313 313 313 314 314 314 314 314 314 314 314 315 315 315 315 315 315 315 315 316 316 315 316 316 316 316 316 316 316 317 317 317 317 317 317 317 317 318 318 318 318 318 318 318 318 319 319 319 319 319 319 319 319 320 320 320 320 320 320 320 320 321 321 321 321 321 321 321 321 322 322 322 322 322 322 322 322 323 323 323 323 323 323 323 323 323 324 324 324 324 324 324 324 324 324 324 325 325 325 325 325 325 325 325 325 325 325 325 325 326 326 326 326 326 326 326 326 326 326 326 326 326 326 326 326 326 326 326 326 326 326 326 326 326 326 327 327 327 327 327 327 327 327 327 327 327 327 327 327 327 327 327 327 327 327 327 327 327 327 327 327 327 327 327 327 327 327 327 327 327 327 327 327 327 327 327 327 327 328 328 328 328 328 328 328 328 328 328 328 328 328 328 328 328 328 328 328 328 328 328 328 328 328 328 328 328 328 328 328 328 328 328 328 328 328 328 328 328 328 328 328 NA NA NA NA NA NA NA NA NA NA NA NA NA NA NA NA NA NA NA NA NA NA NA NA NA NA NA NA NA NA NA NA NA NA NA NA NA NA NA NA NA NA NA NA NA NA NA NA NA NA NA NA NA NA NA NA NA NA NA NA NA NA NA NA NA NA NA NA NA NA NA NA NA NA NA NA NA NA NA NA NA NA NA NA NA NA NA NA NA NA NA NA NA NA NA NA NA NA NA NA NA NA NA NA NA NA NA NA NA NA NA NA NA NA NA NA NA NA NA NA NA NA NA NA NA NA NA NA NA NA NA NA NA NA NA NA NA NA NA NA NA NA NA NA NA NA NA NA NA NA NA NA NA NA NA NA NA NA NA NA NA NA NA NA NA NA NA NA NA NA NA NA NA NA NA NA NA NA NA NA NA NA NA NA NA NA NA NA NA NA NA NA NA NA NA NA NA NA NA NA NA NA NA NA NA NA NA NA NA NA NA NA NA NA NA NA NA NA NA NA NA NA NA NA NA NA NA NA NA NA NA NA NA NA NA NA NA NA NA NA NA NA NA NA NA NA NA NA NA NA NA NA NA NA NA NA NA NA NA NA NA
NA NA NA NA NA NA NA NA NA NA NA NA NA NA NA NA NA NA NA NA NA 313 313 314 314 314 314 314 314 314 314 315 315 315 315 315 315 315 315 316 316 316 316 316 316 316 316 316 316 317 317 317 317 317 317 317 317 318 318 318 318 318 318 318 318 319 319 319 319 319 319 319 319 320 320 320 320 320 320 320 320 321 321 321 321 321 321 321 321 321 322 322 322 322 322 322 322 323 323 323 323 323 323 323 323 323 324 324 324 324 324 324 324 324 324 324 325 325 325 325 325 325 325 325 325 325 325 325 325 326 326 326 326 326 326 326 326 326 326 326 326 326 326 326 326 326 326 326 326 326 326 326 326 326 326 327 327 327 327 327 327 327 327 327 327 327 327 327 327 327 327 327 327 327 327 327 327 327 327 327 327 327 327 327 327 327 327 327 327 327 327 328 327 327 327 327 328 328 328 328 328 328 328 328 328 328 328 328 328 328 328 328 328 328 328 328 328 328 328 328 328 328 328 328 328 328 328 328 328 328 328 328 328 328 328 328 328 328 328 328 328 328 328 328 NA NA NA NA NA NA NA NA NA NA NA NA NA NA NA NA NA NA NA NA NA NA NA NA NA NA NA NA NA NA NA NA NA NA NA NA NA NA NA NA NA NA NA NA NA NA NA NA NA NA NA NA NA NA NA NA NA NA NA NA NA NA NA NA NA NA NA NA NA NA NA NA NA NA NA NA NA NA NA NA NA NA NA NA NA NA NA NA NA NA NA NA NA NA NA NA NA NA NA NA NA NA NA NA NA NA NA NA NA NA NA NA NA NA NA NA NA NA NA NA NA NA NA NA NA NA NA NA NA NA NA NA NA NA NA NA NA NA NA NA NA NA NA NA NA NA NA NA NA NA NA NA NA NA NA NA NA NA NA NA NA NA NA NA NA NA NA NA NA NA NA NA NA NA NA NA NA NA NA NA NA NA NA NA NA NA NA NA NA NA NA NA NA NA NA NA NA NA NA NA NA NA NA NA NA NA NA NA NA NA NA NA NA NA NA NA NA NA NA NA NA NA NA NA NA NA NA NA NA NA NA NA NA NA NA NA NA NA NA NA NA NA NA NA NA NA NA NA NA NA NA NA NA NA NA NA NA NA NA
NA NA NA NA NA NA NA NA NA NA NA NA NA NA NA NA NA NA NA NA NA 313 313 314 314 314 314 314 314 314 315 315 315 315 315 315 315 315 316 316 316 316 316 316 316 316 316 316 316 317 317 317 317 317 317 317 317 318 318 318 318 318 318 318 318 319 319 319 319 319 319 319 319 320 320 320 320 320 320 320 320 321 321 321 321 321 321 321 321 322 322 322 322 322 322 322 323 323 323 323 323 323 323 323 323 324 324 324 324 324 324 324 324 324 324 325 325 325 325 325 325 325 325 325 325 325 325 326 326 326 326 326 326 326 326 326 326 326 326 326 326 326 326 326 326 326 326 326 326 326 326 326 326 327 327 327 327 327 327 327 327 327 327 327 327 327 327 327 327 327 327 327 327 327 327 327 327 327 327 327 327 327 327 327 327 327 327 327 328 328 328 328 327 327 328 328 328 328 328 328 328 328 328 328 328 328 328 328 328 328 328 328 328 328 328 328 328 328 328 328 328 328 328 328 328 328 328 328 328 328 328 328 328 328 328 328 328 328 328 328 328 328 328 328 328 328 NA NA NA NA NA NA NA NA NA NA NA NA NA NA NA NA NA NA NA NA NA NA NA NA NA NA NA NA NA NA NA NA NA NA NA NA NA NA NA NA NA NA NA NA NA NA NA NA NA NA NA NA NA NA NA NA NA NA NA NA NA NA NA NA NA NA NA NA NA NA NA NA NA NA NA NA NA NA NA NA NA NA NA NA NA NA NA NA NA NA NA NA NA NA NA NA NA NA NA NA NA NA NA NA NA NA NA NA NA NA NA NA NA NA NA NA NA NA NA NA NA NA NA NA NA NA NA NA NA NA NA NA NA NA NA NA NA NA NA NA NA NA NA NA NA NA NA NA NA NA NA NA NA NA NA NA NA NA NA NA NA NA NA NA NA NA NA NA NA NA NA NA NA NA NA NA NA NA NA NA NA NA NA NA NA NA NA NA NA NA NA NA NA NA NA NA NA NA NA NA NA NA NA NA NA NA NA NA NA NA NA NA NA NA NA NA NA NA NA NA NA NA NA NA NA NA NA NA NA NA NA NA NA NA NA NA NA NA NA NA NA NA NA NA NA NA NA NA NA NA NA NA NA NA NA NA NA
NA NA NA NA NA NA NA NA NA NA NA NA NA NA NA NA NA NA NA NA 313 313 314 314 314 314 314 314 314 314 315 315 315 315 315 315 315 315 316 316 316 316 316 316 316 316 316 316 317 317 317 317 317 317 317 317 318 318 318 318 318 318 318 318 319 319 319 319 319 319 319 319 320 320 320 320 320 320 320 320 321 321 321 321 321 321 321 321 322 322 322 322 322 322 322 322 323 323 323 323 323 323 323 323 324 324 324 324 324 324 324 324 324 324 325 325 325 325 325 325 325 325 325 325 325 325 326 326 326 326 326 326 326 326 326 326 326 326 326 326 326 326 326 326 326 326 326 326 326 326 327 326 327 327 327 327 327 327 327 327 327 327 327 327 327 327 327 327 327 327 327 327 327 327 327 327 327 327 327 327 327 327 327 327 327 328 328 328 328 328 328 328 328 328 328 328 328 328 328 328 328 328 328 328 328 328 328 328 328 328 328 328 328 328 328 328 328 328 328 328 328 328 328 328 328 328 328 328 328 328 328 328 328 328 328 328 328 328 328 328 328 328 328 328 328 328 328 NA NA NA NA NA NA NA NA NA NA NA NA NA NA NA NA NA NA NA NA NA NA NA NA NA NA NA NA NA NA NA NA NA NA NA NA NA NA NA NA NA NA NA NA NA NA NA NA NA NA NA NA NA NA NA NA NA NA NA NA NA NA NA NA NA NA NA NA NA NA NA NA NA NA NA NA NA NA NA NA NA NA NA NA NA NA NA NA NA NA NA NA NA NA NA NA NA NA NA NA NA NA NA NA NA NA NA NA NA NA NA NA NA NA NA NA NA NA NA NA NA NA NA NA NA NA NA NA NA NA NA NA NA NA NA NA NA NA NA NA NA NA NA NA NA NA NA NA NA NA NA NA NA NA NA NA NA NA NA NA NA NA NA NA NA NA NA NA NA NA NA NA NA NA NA NA NA NA NA NA NA NA NA NA NA NA NA NA NA NA NA NA NA NA NA NA NA NA NA NA NA NA NA NA NA NA NA NA NA NA NA NA NA NA NA NA NA NA NA NA NA NA NA NA NA NA NA NA NA NA NA NA NA NA NA NA NA NA NA NA NA NA NA NA NA NA NA NA NA NA NA NA NA NA NA NA
NA NA NA NA NA NA NA NA NA NA NA NA NA NA NA NA NA NA NA NA NA 313 314 314 314 314 314 314 314 315 315 315 315 315 315 315 315 316 316 316 316 316 316 316 316 316 316 316 317 317 317 317 317 317 317 317 318 318 318 318 318 318 318 318 319 319 319 319 319 319 319 319 320 320 320 320 320 320 320 320 321 321 321 321 321 321 321 321 322 322 322 322 322 322 322 323 323 323 323 323 323 323 323 323 324 324 324 324 324 324 324 324 324 325 325 325 325 325 325 325 325 325 325 325 326 326 326 326 326 326 326 326 326 326 326 326 326 326 326 326 326 327 326 326 326 326 326 326 327 327 327 327 327 327 327 327 327 327 327 327 327 327 327 327 327 327 327 327 327 327 327 327 327 327 327 327 327 327 327 327 327 327 328 328 328 328 328 328 328 328 328 328 328 328 328 328 328 328 328 328 328 328 328 328 328 328 328 328 328 328 328 328 328 328 328 328 328 328 328 328 328 328 328 328 328 328 328 328 328 328 328 328 328 328 328 328 328 328 328 328 328 328 328 328 328 328 328 328 NA NA NA NA NA NA NA NA NA NA NA NA NA NA NA NA NA NA NA NA NA NA NA NA NA NA NA NA NA NA NA NA NA NA NA NA NA NA NA NA NA NA NA NA NA NA NA NA NA NA NA NA NA NA NA NA NA NA NA NA NA NA NA NA NA NA NA NA NA NA NA NA NA NA NA NA NA NA NA NA NA NA NA NA NA NA NA NA NA NA NA NA NA NA NA NA NA NA NA NA NA NA NA NA NA NA NA NA NA NA NA NA NA NA NA NA NA NA NA NA NA NA NA NA NA NA NA NA NA NA NA NA NA NA NA NA NA NA NA NA NA NA NA NA NA NA NA NA NA NA NA NA NA NA NA NA NA NA NA NA NA NA NA NA NA NA NA NA NA NA NA NA NA NA NA NA NA NA NA NA NA NA NA NA NA NA NA NA NA NA NA NA NA NA NA NA NA NA NA NA NA NA NA NA NA NA NA NA NA NA NA NA NA NA NA NA NA NA NA NA NA NA NA NA NA NA NA NA NA NA NA NA NA NA NA NA NA NA NA NA NA NA NA NA NA NA NA NA NA NA NA NA NA NA NA
NA NA NA NA NA NA NA NA NA NA NA NA NA NA NA NA NA NA NA NA NA NA 314 314 314 314 314 314 314 315 315 315 315 315 315 315 315 316 316 316 316 316 316 316 316 316 316 317 317 317 317 317 317 317 317 318 318 318 318 318 318 318 318 319 319 319 319 319 319 319 319 320 320 320 320 320 320 320 320 321 321 321 321 321 321 321 321 322 322 322 322 322 322 322 323 323 323 323 323 323 323 323 323 324 324 324 324 324 324 324 324 324 325 325 325 325 325 325 325 325 325 325 325 326 326 326 326 326 326 326 326 326 326 326 326 326 326 326 326 327 327 327 326 326 326 327 327 327 327 327 327 327 327 327 327 327 327 327 327 327 327 327 327 327 327 327 327 327 327 327 327 327 327 327 327 327 327 327 327 327 328 328 328 328 328 328 328 328 328 328 328 328 328 328 328 328 328 328 328 328 328 328 328 328 328 328 328 328 328 328 328 328 328 328 328 328 328 328 328 328 328 328 328 328 328 328 328 328 328 328 328 328 328 328 328 328 328 328 328 328 328 328 328 328 328 328 328 NA NA NA NA NA NA NA NA NA NA NA NA NA NA NA NA NA NA NA NA NA NA NA NA NA NA NA NA NA NA NA NA NA NA NA NA NA NA NA NA NA NA NA NA NA NA NA NA NA NA NA NA NA NA NA NA NA NA NA NA NA NA NA NA NA NA NA NA NA NA NA NA NA NA NA NA NA NA NA NA NA NA NA NA NA NA NA NA NA NA NA NA NA NA NA NA NA NA NA NA NA NA NA NA NA NA NA NA NA NA NA NA NA NA NA NA NA NA NA NA NA NA NA NA NA NA NA NA NA NA NA NA NA NA NA NA NA NA NA NA NA NA NA NA NA NA NA NA NA NA NA NA NA NA NA NA NA NA NA NA NA NA NA NA NA NA NA NA NA NA NA NA NA NA NA NA NA NA NA NA NA NA NA NA NA NA NA NA NA NA NA NA NA NA NA NA NA NA NA NA NA NA NA NA NA NA NA NA NA NA NA NA NA NA NA NA NA NA NA NA NA NA NA NA NA NA NA NA NA NA NA NA NA NA NA NA NA NA NA NA NA NA NA NA NA NA NA NA NA NA NA NA NA NA NA NA
NA NA NA NA NA NA NA NA NA NA NA NA NA NA NA NA NA NA NA NA NA NA NA NA 314 314 314 314 315 315 315 315 315 315 315 315 315 316 316 316 316 316 316 316 316 316 316 317 317 317 317 317 317 317 317 318 318 318 318 318 318 318 318 319 319 319 319 319 319 319 320 320 320 320 320 320 320 320 321 321 321 321 321 321 321 321 321 322 322 322 322 322 322 322 323 323 323 323 323 323 323 323 324 324 324 324 324 324 324 324 324 325 325 325 325 325 325 325 325 325 325 325 326 326 326 326 326 326 326 326 326 326 326 326 326 326 326 327 327 327 327 327 326 327 327 327 327 327 327 327 327 327 327 327 327 327 327 327 327 327 327 327 327 327 327 327 327 327 327 327 327 327 327 327 327 327 327 327 328 328 328 328 328 328 328 328 328 328 328 328 328 328 328 328 328 328 328 328 328 328 328 328 328 328 328 328 328 328 328 328 328 328 328 328 328 328 328 328 328 328 328 328 328 328 328 328 328 328 328 328 328 328 328 328 328 328 328 328 328 328 328 328 328 328 328 328 NA NA NA NA NA NA NA NA NA NA NA NA NA NA NA NA NA NA NA NA NA NA NA NA NA NA NA NA NA NA NA NA NA NA NA NA NA NA NA NA NA NA NA NA NA NA NA NA NA NA NA NA NA NA NA NA NA NA NA NA NA NA NA NA NA NA NA NA NA NA NA NA NA NA NA NA NA NA NA NA NA NA NA NA NA NA NA NA NA NA NA NA NA NA NA NA NA NA NA NA NA NA NA NA NA NA NA NA NA NA NA NA NA NA NA NA NA NA NA NA NA NA NA NA NA NA NA NA NA NA NA NA NA NA NA NA NA NA NA NA NA NA NA NA NA NA NA NA NA NA NA NA NA NA NA NA NA NA NA NA NA NA NA NA NA NA NA NA NA NA NA NA NA NA NA NA NA NA NA NA NA NA NA NA NA NA NA NA NA NA NA NA NA NA NA NA NA NA NA NA NA NA NA NA NA NA NA NA NA NA NA NA NA NA NA NA NA NA NA NA NA NA NA NA NA NA NA NA NA NA NA NA NA NA NA NA NA NA NA NA NA NA NA NA NA NA NA NA NA NA NA NA NA NA NA NA NA
NA NA NA NA NA NA NA NA NA NA NA NA NA NA NA NA NA NA NA NA NA NA NA NA NA 314 314 314 315 315 315 315 315 315 315 315 316 316 316 316 316 316 316 316 316 316 317 317 317 317 317 317 317 317 317 318 318 318 318 318 318 318 319 319 319 319 319 319 319 319 320 320 320 320 320 320 320 320 321 321 321 321 321 321 321 321 322 322 322 322 322 322 322 323 323 323 323 323 323 323 323 324 324 324 324 324 324 324 324 324 325 325 325 325 325 325 325 325 325 325 326 326 326 326 326 326 326 326 326 326 326 326 326 326 326 327 327 327 327 327 327 327 327 327 327 327 327 327 327 327 327 327 327 327 327 327 327 327 327 327 327 327 327 327 327 327 327 327 327 327 327 327 327 327 328 328 328 328 328 328 328 328 328 328 328 328 328 328 328 328 328 328 328 328 328 328 328 328 328 328 328 328 328 328 328 328 328 328 328 328 328 328 328 328 328 328 328 328 328 328 328 328 328 328 328 328 328 328 328 328 328 328 328 328 328 328 328 328 328 328 328 328 328 328 328 328 328 328 328 NA NA NA NA NA NA NA NA NA NA NA NA NA NA NA NA NA NA NA NA NA NA NA NA NA NA NA NA NA NA NA NA NA NA NA NA NA NA NA NA NA NA NA NA NA NA NA NA NA NA NA NA NA NA NA NA NA NA NA NA NA NA NA NA NA NA NA NA NA NA NA NA NA NA NA NA NA NA NA NA NA NA NA NA NA NA NA NA NA NA NA NA NA NA NA NA NA NA NA NA NA NA NA NA NA NA NA NA NA NA NA NA NA NA NA NA NA NA NA NA NA NA NA NA NA NA NA NA NA NA NA NA NA NA NA NA NA NA NA NA NA NA NA NA NA NA NA NA NA NA NA NA NA NA NA NA NA NA NA NA NA NA NA NA NA NA NA NA NA NA NA NA NA NA NA NA NA NA NA NA NA NA NA NA NA NA NA NA NA NA NA NA NA NA NA NA NA NA NA NA NA NA NA NA NA NA NA NA NA NA NA NA NA NA NA NA NA NA NA NA NA NA NA NA NA NA NA NA NA NA NA NA NA NA NA NA NA NA NA NA NA NA NA NA NA NA NA NA NA NA NA NA NA NA
NA NA NA NA NA NA NA NA NA NA NA NA NA NA NA NA NA NA NA NA NA NA NA NA NA NA 314 314 314 314 315 315 315 315 315 315 315 315 316 316 316 316 316 316 316 317 317 317 317 317 317 317 317 318 318 318 318 318 318 318 318 319 319 319 319 319 319 319 319 320 320 320 320 320 320 320 320 321 321 321 321 321 321 321 321 322 322 322 322 322 322 322 322 323 323 323 323 323 323 323 323 323 324 324 324 324 324 324 324 324 324 324 325 325 325 325 325 325 325 325 325 325 326 326 326 326 326 326 326 326 326 326 326 326 326 326 326 326 326 326 326 327 327 327 327 327 327 327 327 327 327 327 327 327 327 327 327 327 327 327 327 327 327 327 327 327 327 327 327 327 327 327 327 327 327 327 327 328 328 328 328 328 328 328 328 328 328 328 328 328 328 328 328 328 328 328 328 328 328 328 328 328 328 328 328 328 328 328 328 328 328 328 328 328 328 328 328 328 328 328 328 328 328 328 328 328 328 328 328 328 328 328 328 328 328 328 328 328 328 328 328 328 328 328 328 328 328 328 328 328 328 328 328 NA NA NA NA NA NA NA NA NA NA NA NA NA NA NA NA NA NA NA NA NA NA NA NA NA NA NA NA NA NA NA NA NA NA NA NA NA NA NA NA NA NA NA NA NA NA NA NA NA NA NA NA NA NA NA NA NA NA NA NA NA NA NA NA NA NA NA NA NA NA NA NA NA NA NA NA NA NA NA NA NA NA NA NA NA NA NA NA NA NA NA NA NA NA NA NA NA NA NA NA NA NA NA NA NA NA NA NA NA NA NA NA NA NA NA NA NA NA NA NA NA NA NA NA NA NA NA NA NA NA NA NA NA NA NA NA NA NA NA NA NA NA NA NA NA NA NA NA NA NA NA NA NA NA NA NA NA NA NA NA NA NA NA NA NA NA NA NA NA NA NA NA NA NA NA NA NA NA NA NA NA NA NA NA NA NA NA NA NA NA NA NA NA NA NA NA NA NA NA NA NA NA NA NA NA NA NA NA NA NA NA NA NA NA NA NA NA NA NA NA NA NA NA NA NA NA NA NA NA NA NA NA NA NA NA NA NA NA NA NA NA NA NA NA NA NA NA NA NA NA
NA NA NA NA NA NA NA NA NA NA NA NA NA NA NA NA NA NA NA NA NA NA NA NA NA 314 314 314 314 314 315 315 315 315 315 315 315 315 316 316 316 316 316 316 316 317 317 317 317 317 317 317 317 318 318 318 318 318 318 318 319 319 319 319 319 319 319 319 320 320 320 320 320 320 320 320 321 321 321 321 321 321 321 321 322 322 322 322 322 322 322 322 322 323 323 323 323 323 323 323 323 323 324 324 324 324 324 324 324 324 324 325 325 325 325 325 325 325 325 325 325 326 326 326 326 326 326 326 326 326 326 326 326 326 326 326 326 326 326 327 327 327 327 327 327 327 327 327 327 327 327 327 327 327 327 327 327 327 327 327 327 327 327 327 327 327 327 327 327 327 327 327 327 327 328 328 328 328 328 328 328 328 328 328 328 328 328 328 328 328 328 328 328 328 328 328 328 328 328 328 328 328 328 328 328 328 328 328 328 328 328 328 328 328 328 328 328 328 328 328 328 328 328 328 328 328 328 328 328 328 328 328 328 328 328 328 328 328 328 328 328 328 328 328 328 328 328 328 328 328 328 328 328 NA NA NA NA NA NA NA NA NA NA NA NA NA NA NA NA NA NA NA NA NA NA NA NA NA NA NA NA NA NA NA NA NA NA NA NA NA NA NA NA NA NA NA NA NA NA NA NA NA NA NA NA NA NA NA NA NA NA NA NA NA NA NA NA NA NA NA NA NA NA NA NA NA NA NA NA NA NA NA NA NA NA NA NA NA NA NA NA NA NA NA NA NA NA NA NA NA NA NA NA NA NA NA NA NA NA NA NA NA NA NA NA NA NA NA NA NA NA NA NA NA NA NA NA NA NA NA NA NA NA NA NA NA NA NA NA NA NA NA NA NA NA NA NA NA NA NA NA NA NA NA NA NA NA NA NA NA NA NA NA NA NA NA NA NA NA NA NA NA NA NA NA NA NA NA NA NA NA NA NA NA NA NA NA NA NA NA NA NA NA NA NA NA NA NA NA NA NA NA NA NA NA NA NA NA NA NA NA NA NA NA NA NA NA NA NA NA NA NA NA NA NA NA NA NA NA NA NA NA NA NA NA NA NA NA NA NA NA NA NA NA NA NA NA NA NA NA NA NA NA
NA NA NA NA NA NA NA NA NA NA NA NA NA NA NA NA NA NA NA 313 313 313 314 314 314 314 314 314 314 315 315 315 315 315 315 315 315 315 316 316 316 316 316 316 317 317 317 317 317 317 317 317 317 318 318 318 318 318 318 318 319 319 319 319 319 319 319 319 320 320 320 320 320 320 320 320 321 321 321 321 321 321 321 321 322 322 322 322 322 322 322 322 323 323 323 323 323 323 323 323 323 324 324 324 324 324 324 324 324 324 325 325 325 325 325 325 325 325 325 325 326 326 326 326 326 326 326 326 326 326 326 326 326 326 326 326 327 327 327 327 327 327 327 327 327 327 327 327 327 327 327 327 327 327 327 327 327 327 327 327 327 327 327 327 327 327 327 327 327 327 327 327 327 328 328 328 328 328 328 328 328 328 328 328 328 328 328 328 328 328 328 328 328 328 328 328 328 328 328 328 328 328 328 328 328 328 328 328 328 328 328 328 328 328 328 328 328 328 328 328 328 328 328 328 328 328 328 328 328 328 328 328 328 328 328 328 328 328 328 328 328 328 328 328 328 328 328 328 328 328 328 328 328 328 NA NA NA NA NA NA NA NA NA NA NA NA NA NA NA NA NA NA NA NA NA NA NA NA NA NA NA NA NA NA NA NA NA NA NA NA NA NA NA NA NA NA NA NA NA NA NA NA NA NA NA NA NA NA NA NA NA NA NA NA NA NA NA NA NA NA NA NA NA NA NA NA NA NA NA NA NA NA NA NA NA NA NA NA NA NA NA NA NA NA NA NA NA NA NA NA NA NA NA NA NA NA NA NA NA NA NA NA NA NA NA NA NA NA NA NA NA NA NA NA NA NA NA NA NA NA NA NA NA NA NA NA NA NA NA NA NA NA NA NA NA NA NA NA NA NA NA NA NA NA NA NA NA NA NA NA NA NA NA NA NA NA NA NA NA NA NA NA NA NA NA NA NA NA NA NA NA NA NA NA NA NA NA NA NA NA NA NA NA NA NA NA NA NA NA NA NA NA NA NA NA NA NA NA NA NA NA NA NA NA NA NA NA NA NA NA NA NA NA NA NA NA NA NA NA NA NA NA NA NA NA NA NA NA NA NA NA NA NA NA NA NA NA NA NA NA NA NA NA
NA NA NA NA NA NA NA NA NA NA NA NA NA NA NA NA NA NA 313 313 313 313 314 314 314 314 314 314 314 315 315 315 315 315 315 315 315 316 316 316 316 316 316 316 317 317 317 317 317 317 317 317 318 318 318 318 318 318 318 318 319 319 319 319 319 319 319 320 320 320 320 320 320 320 320 321 321 321 321 321 321 321 321 322 322 322 322 322 322 322 322 323 323 323 323 323 323 323 323 323 324 324 324 324 324 324 324 324 324 325 325 325 325 325 325 325 325 325 325 326 326 326 326 326 326 326 326 326 326 326 326 326 326 326 327 327 327 327 327 327 327 327 327 327 327 327 327 327 327 327 327 327 327 327 327 327 327 327 327 327 327 327 327 327 327 327 327 327 327 327 328 328 328 328 328 328 328 328 328 328 328 328 328 328 328 328 328 328 328 328 328 328 328 328 328 328 328 328 328 328 328 328 328 328 328 328 328 328 328 328 328 328 328 328 328 328 328 328 328 328 328 328 328 328 328 328 328 328 328 328 328 328 328 328 328 328 328 328 328 328 328 328 328 328 328 328 328 328 328 328 328 328 328 328 NA NA NA NA NA NA NA NA NA NA NA NA NA NA NA NA NA NA NA NA NA NA NA NA NA NA NA NA NA NA NA NA NA NA NA NA NA NA NA NA NA NA NA NA NA NA NA NA NA NA NA NA NA NA NA NA NA NA NA NA NA NA NA NA NA NA NA NA NA NA NA NA NA NA NA NA NA NA NA NA NA NA NA NA NA NA NA NA NA NA NA NA NA NA NA NA NA NA NA NA NA NA NA NA NA NA NA NA NA NA NA NA NA NA NA NA NA NA NA NA NA NA NA NA NA NA NA NA NA NA NA NA NA NA NA NA NA NA NA NA NA NA NA NA NA NA NA NA NA NA NA NA NA NA NA NA NA NA NA NA NA NA NA NA NA NA NA NA NA NA NA NA NA NA NA NA NA NA NA NA NA NA NA NA NA NA NA NA NA NA NA NA NA NA NA NA NA NA NA NA NA NA NA NA NA NA NA NA NA NA NA NA NA NA NA NA NA NA NA NA NA NA NA NA NA NA NA NA NA NA NA NA NA NA NA NA NA NA NA NA NA NA NA NA NA NA NA NA NA
NA NA NA NA NA NA NA NA NA NA NA NA NA NA NA NA NA NA 313 313 313 313 314 314 314 314 314 314 314 315 315 315 315 315 315 315 315 316 316 316 316 316 316 316 317 317 317 317 317 317 317 317 318 318 318 318 318 318 318 319 319 319 319 319 319 319 319 320 320 320 320 320 320 320 320 321 321 321 321 321 321 321 321 322 322 322 322 322 322 322 322 323 323 323 323 323 323 323 323 323 324 324 324 324 324 324 324 324 325 325 325 325 325 325 325 325 325 325 326 326 326 326 326 326 326 326 326 326 326 326 326 326 327 327 327 327 327 327 327 327 327 327 327 327 327 327 327 327 327 327 327 327 327 327 327 327 327 327 327 327 327 327 327 327 327 327 327 327 328 328 328 328 328 328 328 328 328 328 328 328 328 328 328 328 328 328 328 328 328 328 328 328 328 328 328 328 328 328 328 328 328 328 328 328 328 328 328 328 328 328 328 328 328 328 328 328 328 328 328 328 328 328 328 328 328 328 328 328 328 328 328 328 328 328 328 328 328 328 328 328 328 328 328 328 328 328 328 328 328 328 328 328 328 328 328 328 NA NA NA NA NA NA NA NA NA NA NA NA NA NA NA NA NA NA NA NA NA NA NA NA NA NA NA NA NA NA NA NA NA NA NA NA NA NA NA NA NA NA NA NA NA NA NA NA NA NA NA NA NA NA NA NA NA NA NA NA NA NA NA NA NA NA NA NA NA NA NA NA NA NA NA NA NA NA NA NA NA NA NA NA NA NA NA NA NA NA NA NA NA NA NA NA NA NA NA NA NA NA NA NA NA NA NA NA NA NA NA NA NA NA NA NA NA NA NA NA NA NA NA NA NA NA NA NA NA NA NA NA NA NA NA NA NA NA NA NA NA NA NA NA NA NA NA NA NA NA NA NA NA NA NA NA NA NA NA NA NA NA NA NA NA NA NA NA NA NA NA NA NA NA NA NA NA NA NA NA NA NA NA NA NA NA NA NA NA NA NA NA NA NA NA NA NA NA NA NA NA NA NA NA NA NA NA NA NA NA NA NA NA NA NA NA NA NA NA NA NA NA NA NA NA NA NA NA NA NA NA NA NA NA NA NA NA NA NA NA NA NA NA NA NA NA NA
NA NA NA NA NA NA NA NA NA NA NA NA NA NA NA NA NA NA NA 313 313 314 314 314 314 314 314 314 314 315 315 315 315 315 315 315 315 316 316 316 316 316 316 317 317 317 317 317 317 317 317 318 318 318 318 318 318 318 318 319 319 319 319 319 319 319 319 320 320 320 320 320 320 320 321 321 321 321 321 321 321 321 322 322 322 322 322 322 322 322 323 323 323 323 323 323 323 323 323 324 324 324 324 324 324 324 324 324 325 325 325 325 325 325 325 325 325 326 326 326 326 326 326 326 326 326 326 326 326 326 327 327 327 327 327 327 327 327 327 327 327 327 327 327 327 327 327 327 327 327 327 327 327 327 327 327 327 327 327 327 327 327 327 327 327 327 327 328 328 328 328 328 328 328 328 328 328 328 328 328 328 328 328 328 328 328 328 328 328 328 328 328 328 328 328 328 328 328 328 328 328 328 328 328 328 328 328 328 328 328 328 328 328 328 328 328 328 328 328 328 328 328 328 328 328 328 328 328 328 328 328 328 328 328 328 328 328 328 328 328 328 328 328 328 328 328 328 328 328 328 328 328 328 328 328 328 328 NA NA NA NA NA NA NA NA NA NA NA NA NA NA NA NA NA NA NA NA NA NA NA NA NA NA NA NA NA NA NA NA NA NA NA NA NA NA NA NA NA NA NA NA NA NA NA NA NA NA NA NA NA NA NA NA NA NA NA NA NA NA NA NA NA NA NA NA NA NA NA NA NA NA NA NA NA NA NA NA NA NA NA NA NA NA NA NA NA NA NA NA NA NA NA NA NA NA NA NA NA NA NA NA NA NA NA NA NA NA NA NA NA NA NA NA NA NA NA NA NA NA NA NA NA NA NA NA NA NA NA NA NA NA NA NA NA NA NA NA NA NA NA NA NA NA NA NA NA NA NA NA NA NA NA NA NA NA NA NA NA NA NA NA NA NA NA NA NA NA NA NA NA NA NA NA NA NA NA NA NA NA NA NA NA NA NA NA NA NA NA NA NA NA NA NA NA NA NA NA NA NA NA NA NA NA NA NA NA NA NA NA NA NA NA NA NA NA NA NA NA NA NA NA NA NA NA NA NA NA NA NA NA NA NA NA NA NA NA NA NA NA NA NA NA NA
NA NA NA NA NA NA NA NA NA NA NA NA NA NA NA NA NA NA NA NA NA 314 314 314 314 314 314 314 315 315 315 315 315 315 315 315 316 316 316 316 316 316 316 317 317 317 317 317 317 317 317 318 318 318 318 318 318 318 319 319 319 319 319 319 319 319 320 320 320 320 320 320 320 320 321 321 321 321 321 321 321 321 322 322 322 322 322 322 322 322 323 323 323 323 323 323 323 323 323 324 324 324 324 324 324 324 324 325 325 325 325 325 325 325 325 325 326 326 326 326 326 326 326 326 326 326 326 326 327 327 327 327 327 327 327 327 327 327 327 327 327 327 327 327 327 327 327 327 327 327 327 327 327 327 327 327 327 327 327 327 327 327 328 328 328 328 328 328 328 328 328 328 328 328 328 328 328 328 328 328 328 328 328 328 328 328 328 328 328 328 328 328 328 328 328 328 328 328 328 328 328 328 328 328 328 328 328 328 328 328 328 328 328 328 328 328 328 328 328 328 328 328 328 328 328 328 328 328 328 328 328 328 328 328 328 328 328 328 328 328 328 328 329 328 328 328 328 328 328 328 328 328 328 328 328 328 328 328 328 NA NA NA NA NA NA NA NA NA NA NA NA NA NA NA NA NA NA NA NA NA NA NA NA NA NA NA NA NA NA NA NA NA NA NA NA NA NA NA NA NA NA NA NA NA NA NA NA NA NA NA NA NA NA NA NA NA NA NA NA NA NA NA NA NA NA NA NA NA NA NA NA NA NA NA NA NA NA NA NA NA NA NA NA NA NA NA NA NA NA NA NA NA NA NA NA NA NA NA NA NA NA NA NA NA NA NA NA NA NA NA NA NA NA NA NA NA NA NA NA NA NA NA NA NA NA NA NA NA NA NA NA NA NA NA NA NA NA NA NA NA NA NA NA NA NA NA NA NA NA NA NA NA NA NA NA NA NA NA NA NA NA NA NA NA NA NA NA NA NA NA NA NA NA NA NA NA NA NA NA NA NA NA NA NA NA NA NA NA NA NA NA NA NA NA NA NA NA NA NA NA NA NA NA NA NA NA NA NA NA NA NA NA NA NA NA NA NA NA NA NA NA NA NA NA NA NA NA NA NA NA NA NA NA NA NA NA NA NA NA NA NA NA NA
NA NA NA NA NA NA NA NA NA NA NA NA NA NA NA NA NA NA NA NA NA NA NA 314 314 314 314 314 315 315 315 315 315 315 315 315 316 316 316 316 316 316 316 317 317 317 317 317 317 317 317 318 318 318 318 318 318 318 319 319 319 319 319 319 319 319 320 320 320 320 320 320 320 320 321 321 321 321 321 321 321 322 322 322 322 322 322 322 322 323 323 323 323 323 323 323 323 323 324 324 324 324 324 324 324 324 324 325 325 325 325 325 325 325 325 326 326 326 326 326 326 326 326 326 326 326 327 327 327 327 327 327 327 327 327 327 327 327 327 327 327 327 327 327 327 327 327 327 327 327 327 327 327 327 327 327 327 327 327 327 328 328 328 328 328 328 328 328 328 328 328 328 328 328 328 328 328 328 328 328 328 328 328 328 328 328 328 328 328 328 328 328 328 328 328 328 328 328 328 328 328 328 328 328 328 328 328 328 328 328 328 328 328 328 328 328 328 328 328 328 328 328 328 328 328 328 328 328 328 328 328 328 328 328 328 328 328 328 328 328 328 328 329 329 328 328 328 328 328 328 328 328 328 328 328 328 328 328 328 328 NA NA NA NA NA NA NA NA NA NA NA NA NA NA NA NA NA NA NA NA NA NA NA NA NA NA NA NA NA NA NA NA NA NA NA NA NA NA NA NA NA NA NA NA NA NA NA NA NA NA NA NA NA NA NA NA NA NA NA NA NA NA NA NA NA NA NA NA NA NA NA NA NA NA NA NA NA NA NA NA NA NA NA NA NA NA NA NA NA NA NA NA NA NA NA NA NA NA NA NA NA NA NA NA NA NA NA NA NA NA NA NA NA NA NA NA NA NA NA NA NA NA NA NA NA NA NA NA NA NA NA NA NA NA NA NA NA NA NA NA NA NA NA NA NA NA NA NA NA NA NA NA NA NA NA NA NA NA NA NA NA NA NA NA NA NA NA NA NA NA NA NA NA NA NA NA NA NA NA NA NA NA NA NA NA NA NA NA NA NA NA NA NA NA NA NA NA NA NA NA NA NA NA NA NA NA NA NA NA NA NA NA NA NA NA NA NA NA NA NA NA NA NA NA NA NA NA NA NA NA NA NA NA NA NA NA NA NA NA NA NA NA NA
NA NA NA NA NA NA NA NA NA NA NA NA NA NA NA NA NA NA NA NA NA NA NA NA 314 314 314 314 314 315 315 315 315 315 315 316 316 316 316 316 316 316 317 317 317 317 317 317 317 317 318 318 318 318 318 318 318 319 319 319 319 319 319 319 319 320 320 320 320 320 320 320 320 321 321 321 321 321 321 321 321 322 322 322 322 322 322 322 322 323 323 323 323 323 323 323 323 323 324 324 324 324 324 324 324 324 325 325 325 325 325 325 325 325 325 326 326 326 326 326 326 326 326 326 327 327 327 327 327 327 327 327 327 327 327 327 327 327 327 327 327 327 327 327 327 327 327 327 327 327 327 327 327 327 327 327 327 327 328 328 328 328 328 328 328 328 328 328 328 328 328 328 328 328 328 328 328 328 328 328 328 328 328 328 328 328 328 328 328 328 328 328 328 328 328 328 328 328 328 328 328 328 328 328 328 328 328 328 328 328 328 328 328 328 328 328 328 328 328 328 328 328 328 328 328 328 328 328 328 328 328 328 328 328 328 328 328 328 328 328 328 328 329 329 329 328 328 328 328 328 328 328 328 328 328 328 328 328 328 328 328 NA NA NA NA NA NA NA NA NA NA NA NA NA NA NA NA NA NA NA NA NA NA NA NA NA NA NA NA NA NA NA NA NA NA NA NA NA NA NA NA NA NA NA NA NA NA NA NA NA NA NA NA NA NA NA NA NA NA NA NA NA NA NA NA NA NA NA NA NA NA NA NA NA NA NA NA NA NA NA NA NA NA NA NA NA NA NA NA NA NA NA NA NA NA NA NA NA NA NA NA NA NA NA NA NA NA NA NA NA NA NA NA NA NA NA NA NA NA NA NA NA NA NA NA NA NA NA NA NA NA NA NA NA NA NA NA NA NA NA NA NA NA NA NA NA NA NA NA NA NA NA NA NA NA NA NA NA NA NA NA NA NA NA NA NA NA NA NA NA NA NA NA NA NA NA NA NA NA NA NA NA NA NA NA NA NA NA NA NA NA NA NA NA NA NA NA NA NA NA NA NA NA NA NA NA NA NA NA NA NA NA NA NA NA NA NA NA NA NA NA NA NA NA NA NA NA NA NA NA NA NA NA NA NA NA NA NA NA NA NA NA NA
NA NA NA NA NA NA NA NA NA NA NA NA NA NA NA NA NA NA NA NA NA NA NA NA NA NA NA NA NA NA NA NA NA 315 315 316 316 316 316 316 316 316 317 317 317 317 317 317 317 317 318 318 318 318 318 318 318 319 319 319 319 319 319 319 319 320 320 320 320 320 320 320 320 321 321 321 321 321 321 321 321 322 322 322 322 322 322 322 322 323 323 323 323 323 323 323 323 324 324 324 324 324 324 324 324 324 325 325 325 325 325 325 325 325 326 326 326 326 326 326 326 326 326 327 327 327 327 327 327 327 327 327 327 327 327 327 327 327 327 327 327 327 327 327 327 327 327 327 327 327 327 327 327 327 327 327 328 328 328 328 328 328 328 328 328 328 328 328 328 328 328 328 328 328 328 328 328 328 328 328 328 328 328 328 328 328 328 328 328 328 328 328 328 328 328 328 328 328 328 328 328 328 328 328 328 328 328 328 328 328 328 328 328 328 328 328 328 328 328 328 328 328 328 328 328 328 328 328 328 328 328 328 328 328 328 328 328 328 328 328 328 328 329 329 329 329 328 328 328 328 328 328 328 328 328 328 328 328 328 328 328 328 328 NA NA NA NA NA NA NA NA NA NA NA NA NA NA NA NA NA NA NA NA NA NA NA NA NA NA NA NA NA NA NA NA NA NA NA NA NA NA NA NA NA NA NA NA NA NA NA NA NA NA NA NA NA NA NA NA NA NA NA NA NA NA NA NA NA NA NA NA NA NA NA NA NA NA NA NA NA NA NA NA NA NA NA NA NA NA NA NA NA NA NA NA NA NA NA NA NA NA NA NA NA NA NA NA NA NA NA NA NA NA NA NA NA NA NA NA NA NA NA NA NA NA NA NA NA NA NA NA NA NA NA NA NA NA NA NA NA NA NA NA NA NA NA NA NA NA NA NA NA NA NA NA NA NA NA NA NA NA NA NA NA NA NA NA NA NA NA NA NA NA NA NA NA NA NA NA NA NA NA NA NA NA NA NA NA NA NA NA NA NA NA NA NA NA NA NA NA NA NA NA NA NA NA NA NA NA NA NA NA NA NA NA NA NA NA NA NA NA NA NA NA NA NA NA NA NA NA NA NA NA NA NA NA NA NA NA NA NA NA NA
NA NA NA NA NA NA NA NA NA NA NA NA NA NA NA NA NA NA NA NA NA NA NA NA NA NA NA NA NA NA NA NA NA NA 316 316 316 316 316 316 316 316 317 317 317 317 317 317 317 317 318 318 318 318 318 318 318 319 319 319 319 319 319 319 319 320 320 320 320 320 320 320 320 321 321 321 321 321 321 321 322 322 322 322 322 322 322 322 323 323 323 323 323 323 323 323 323 324 324 324 324 324 324 324 324 325 325 325 325 325 325 325 325 325 326 326 326 326 326 326 326 326 326 327 327 327 327 327 327 327 327 327 327 327 327 327 327 327 327 327 327 327 327 327 327 327 327 327 327 327 327 327 327 327 328 328 328 328 328 328 328 328 328 328 328 328 328 328 328 328 328 328 328 328 328 328 328 328 328 328 328 328 328 328 328 328 328 328 328 328 328 328 328 328 328 328 328 328 328 328 328 328 328 328 328 328 328 328 328 328 328 328 328 328 328 328 328 328 328 328 328 328 328 328 328 328 328 329 329 328 329 328 328 328 328 328 328 328 328 328 328 328 329 329 329 329 329 328 328 328 328 328 328 328 328 328 328 328 328 328 328 328 328 328 NA NA NA NA 328 328 NA NA NA NA NA NA NA NA NA NA NA NA NA NA NA NA NA NA NA NA NA NA NA NA NA NA NA NA NA NA NA NA NA NA NA NA NA NA NA NA NA NA NA NA NA NA NA NA NA NA NA NA NA NA NA NA NA NA NA NA NA NA NA NA NA NA NA NA NA NA NA NA NA NA NA NA NA NA NA NA NA NA NA NA NA NA NA NA NA NA NA NA NA NA NA NA NA NA NA NA NA NA NA NA NA NA NA NA NA NA NA NA NA NA NA NA NA NA NA NA NA NA NA NA NA NA NA NA NA NA NA NA NA NA NA NA NA NA NA NA NA NA NA NA NA NA NA NA NA NA NA NA NA NA NA NA NA NA NA NA NA NA NA NA NA NA NA NA NA NA NA NA NA NA NA NA NA NA NA NA NA NA NA NA NA NA NA NA NA NA NA NA NA NA NA NA NA NA NA NA NA NA NA NA NA NA NA NA NA NA NA NA NA NA NA NA NA NA NA NA NA NA NA NA NA NA NA NA NA NA NA NA NA
NA NA NA NA NA NA NA NA NA NA NA NA NA NA NA NA NA NA NA NA NA NA NA NA NA NA NA NA NA NA NA NA NA NA 316 316 316 316 316 316 316 317 317 317 317 317 317 317 317 318 318 318 318 318 318 318 319 319 319 319 319 319 319 319 320 320 320 320 320 320 320 320 321 321 321 321 321 321 321 321 322 322 322 322 322 322 322 322 323 323 323 323 323 323 323 323 323 324 324 324 324 324 324 324 324 325 325 325 325 325 325 325 325 325 326 326 326 326 326 326 326 326 326 327 327 327 327 327 327 327 327 327 327 327 327 327 327 327 327 327 327 327 327 327 327 327 327 327 327 327 327 327 327 328 328 328 328 328 328 328 328 328 328 328 328 328 328 328 328 328 328 328 328 328 328 328 328 328 328 328 328 328 328 328 328 328 328 328 328 328 328 328 328 328 328 328 328 328 328 328 328 328 328 328 328 328 328 329 329 329 328 328 328 328 328 328 328 328 328 328 328 328 328 328 329 329 329 329 329 329 329 329 329 329 329 329 328 328 328 328 328 328 329 329 329 329 329 329 329 328 328 328 328 328 328 328 328 328 328 328 328 328 328 328 328 328 328 328 328 NA NA NA NA NA NA NA NA NA NA NA NA 327 327 327 NA NA NA NA NA NA NA NA NA NA NA NA NA NA NA NA NA NA NA NA NA NA NA NA NA NA NA NA NA NA NA NA NA NA NA NA NA NA NA NA NA NA NA NA NA NA NA NA NA NA NA NA NA NA NA NA NA NA NA NA NA NA NA NA NA NA NA NA NA NA NA NA NA NA NA NA NA NA NA NA NA NA NA NA NA NA NA NA NA NA NA NA NA NA NA NA NA NA NA NA NA NA NA NA NA NA NA NA NA NA NA NA NA NA NA NA NA NA NA NA NA NA NA NA NA NA NA NA NA NA NA NA NA NA NA NA NA NA NA NA NA NA NA NA NA NA NA NA NA NA NA NA NA NA NA NA NA NA NA NA NA NA NA NA NA NA NA NA NA NA NA NA NA NA NA NA NA NA NA NA NA NA NA NA NA NA NA NA NA NA NA NA NA NA NA NA NA NA NA NA NA NA NA NA NA NA NA NA NA NA NA NA NA NA NA NA NA NA NA
NA NA NA NA NA NA NA NA NA NA NA NA NA NA NA NA NA NA NA NA NA NA NA NA NA NA NA NA NA NA NA NA NA NA 316 316 316 316 316 316 316 317 317 317 317 317 317 317 317 318 318 318 318 318 318 318 319 319 319 319 319 319 319 319 320 320 320 320 320 320 320 320 321 321 321 321 321 321 321 321 322 322 322 322 322 322 322 322 323 323 323 323 323 323 323 323 324 324 324 324 324 324 324 324 324 325 325 325 325 325 325 325 325 326 326 326 326 326 326 326 326 326 326 326 327 327 327 327 327 327 327 327 327 327 327 327 327 327 327 327 327 327 327 327 327 327 327 327 327 327 327 328 328 328 328 328 328 328 328 328 328 328 328 328 328 328 328 328 328 328 328 328 328 328 328 328 328 328 328 328 328 328 328 328 328 328 328 328 328 328 328 328 328 328 328 328 328 328 328 328 328 328 329 329 329 329 329 329 329 329 329 329 329 329 329 329 329 329 328 328 328 329 329 329 329 329 329 329 329 329 329 329 329 329 329 329 329 329 329 329 329 328 329 329 329 329 329 329 329 328 328 328 328 328 328 328 328 328 328 328 328 328 328 328 328 328 328 328 328 328 328 328 NA NA NA NA NA NA NA NA 327 327 327 327 NA NA NA NA NA NA NA NA NA NA NA NA NA NA NA NA NA NA NA NA NA NA NA NA NA NA NA NA NA NA NA NA NA NA NA NA NA NA NA NA NA NA NA NA NA NA NA NA NA NA NA NA NA NA NA NA NA NA NA NA NA NA NA NA NA NA NA NA NA NA NA NA NA NA NA NA NA NA NA NA NA NA NA NA NA NA NA NA NA NA NA NA NA NA NA NA NA NA NA NA NA NA NA NA NA NA NA NA NA NA NA NA NA NA NA NA NA NA NA NA NA NA NA NA NA NA NA NA NA NA NA NA NA NA NA NA NA NA NA NA NA NA NA NA NA NA NA NA NA NA NA NA NA NA NA NA NA NA NA NA NA NA NA NA NA NA NA NA NA NA NA NA NA NA NA NA NA NA NA NA NA NA NA NA NA NA NA NA NA NA NA NA NA NA NA NA NA NA NA NA NA NA NA NA NA NA NA NA NA NA NA NA NA NA NA NA NA NA NA
NA NA NA NA NA NA NA NA NA NA NA NA NA NA NA NA NA NA NA NA NA NA NA NA NA NA NA NA NA NA NA NA NA NA 315 316 316 316 316 316 316 317 317 317 317 317 317 317 318 318 318 318 318 318 318 318 319 319 319 319 319 319 319 319 320 320 320 320 320 320 320 321 321 321 321 321 321 321 321 322 322 322 322 322 322 322 322 323 323 323 323 323 323 323 323 323 324 324 324 324 324 324 324 324 325 325 325 325 325 325 325 325 325 326 326 326 326 326 326 326 326 326 326 326 327 327 327 327 327 327 327 327 327 327 327 327 327 327 327 327 327 327 327 327 327 327 327 327 327 327 328 328 328 328 328 328 328 328 328 328 328 328 328 328 328 328 328 328 328 328 328 328 328 328 328 328 328 328 328 328 328 328 328 328 328 328 328 328 328 328 328 328 328 328 328 328 328 328 328 329 328 328 329 329 329 329 329 329 329 329 329 329 329 329 329 329 329 329 329 328 328 329 329 329 329 329 329 329 329 329 329 329 329 329 329 329 329 329 329 329 329 329 329 329 329 329 329 329 329 329 328 328 328 328 328 328 328 328 328 328 328 328 328 328 328 328 328 328 328 328 328 328 328 NA NA NA NA 328 327 327 327 327 327 327 NA NA NA NA NA NA NA NA NA NA NA NA NA NA NA NA NA NA NA NA NA NA NA NA NA NA NA NA NA NA NA NA NA NA NA NA NA NA NA NA NA NA NA NA NA NA NA NA NA NA NA NA NA NA NA NA NA NA NA NA NA NA NA NA NA NA NA NA NA NA NA NA NA NA NA NA NA NA NA NA NA NA NA NA NA NA NA NA NA NA NA NA NA NA NA NA NA NA NA NA NA NA NA NA NA NA NA NA NA NA NA NA NA NA NA NA NA NA NA NA NA NA NA NA NA NA NA NA NA NA NA NA NA NA NA NA NA NA NA NA NA NA NA NA NA NA NA NA NA NA NA NA NA NA NA NA NA NA NA NA NA NA NA NA NA NA NA NA NA NA NA NA NA NA NA NA NA NA NA NA NA NA NA NA NA NA NA NA NA NA NA NA NA NA NA NA NA NA NA NA NA NA NA NA NA NA NA NA NA NA NA NA NA NA NA NA NA NA NA
NA NA NA NA NA NA NA NA NA NA NA NA NA NA NA NA NA NA NA NA NA NA NA NA NA NA NA NA NA NA NA NA NA NA NA 316 316 316 316 316 316 317 317 317 317 317 317 317 318 318 318 318 318 318 318 318 319 319 319 319 319 319 319 320 320 320 320 320 320 320 320 321 321 321 321 321 321 321 321 322 322 322 322 322 322 322 322 323 323 323 323 323 323 323 323 323 324 324 324 324 324 324 324 324 325 325 325 325 325 325 325 325 325 326 326 326 326 326 326 326 326 326 326 326 327 327 327 327 327 327 327 327 327 327 327 327 327 327 327 327 327 327 327 327 327 327 327 327 328 328 328 328 328 328 328 328 328 328 328 328 328 328 328 328 328 328 328 328 328 328 328 328 328 328 328 328 328 328 328 328 328 328 328 328 328 328 328 328 328 328 328 328 328 328 328 328 328 328 329 329 329 329 329 329 329 329 329 329 329 329 329 329 329 329 329 329 329 329 329 329 329 329 329 329 329 329 329 329 329 329 329 329 329 329 329 329 329 329 329 329 329 329 329 329 329 329 329 329 329 329 329 328 328 328 328 328 328 328 328 328 328 328 328 328 328 328 328 328 328 328 328 328 328 328 328 328 328 328 327 327 327 327 327 327 327 NA NA NA NA NA NA NA NA NA NA NA NA NA NA NA NA NA NA NA NA NA NA NA NA NA NA NA NA NA NA NA NA NA NA NA NA NA NA NA NA NA NA NA NA NA NA NA NA NA NA NA NA NA NA NA NA NA NA NA NA NA NA NA NA NA NA NA NA NA NA NA NA NA NA NA NA NA NA NA NA NA NA NA NA NA NA NA NA NA NA NA NA NA NA NA NA NA NA NA NA NA NA NA NA NA NA NA NA NA NA NA NA NA NA NA NA NA NA NA NA NA NA NA NA NA NA NA NA NA NA NA NA NA NA NA NA NA NA NA NA NA NA NA NA NA NA NA NA NA NA NA NA NA NA NA NA NA NA NA NA NA NA NA NA NA NA NA NA NA NA NA NA NA NA NA NA NA NA NA NA NA NA NA NA NA NA NA NA NA NA NA NA NA NA NA NA NA NA NA NA NA NA NA NA NA NA NA NA NA NA NA NA NA NA NA NA NA NA
NA NA NA NA NA NA NA NA NA NA NA NA NA NA NA NA NA NA NA NA NA NA NA NA NA NA NA NA NA NA NA NA NA NA NA NA NA 316 316 316 316 317 317 317 317 317 317 317 318 318 318 318 318 318 318 319 319 319 319 319 319 319 319 320 320 320 320 320 320 320 320 321 321 321 321 321 321 321 321 322 322 322 322 322 322 322 322 323 323 323 323 323 323 323 323 324 324 324 324 324 324 324 324 324 325 325 325 325 325 325 325 325 325 326 326 326 326 326 326 326 326 326 326 326 327 327 327 327 327 327 327 327 327 327 327 327 327 327 327 327 327 327 327 327 327 327 327 328 328 328 328 328 328 328 328 328 328 328 328 328 328 328 328 328 328 328 328 328 328 328 328 328 328 328 328 328 328 328 328 328 328 328 328 328 328 328 328 328 328 328 328 328 328 328 328 328 329 329 329 329 329 329 329 329 329 329 329 329 329 329 329 329 329 329 329 329 329 329 329 329 329 329 329 329 329 329 329 329 329 329 329 329 329 329 329 329 329 329 329 329 329 329 329 329 329 329 329 329 329 329 329 329 328 328 328 328 328 328 328 328 328 328 328 328 328 328 328 328 328 328 328 328 328 328 328 328 328 328 327 327 327 327 327 327 327 NA NA NA NA NA NA NA NA NA NA NA NA NA NA NA NA NA NA NA NA NA NA NA NA NA NA NA NA NA NA NA NA NA NA NA NA NA NA NA NA NA NA NA NA NA NA NA NA NA NA NA NA NA NA NA NA NA NA NA NA NA NA NA NA NA NA NA NA NA NA NA NA NA NA NA NA NA NA NA NA NA NA NA NA NA NA NA NA NA NA NA NA NA NA NA NA NA NA NA NA NA NA NA NA NA NA NA NA NA NA NA NA NA NA NA NA NA NA NA NA NA NA NA NA NA NA NA NA NA NA NA NA NA NA NA NA NA NA NA NA NA NA NA NA NA NA NA NA NA NA NA NA NA NA NA NA NA NA NA NA NA NA NA NA NA NA NA NA NA NA NA NA NA NA NA NA NA NA NA NA NA NA NA NA NA NA NA NA NA NA NA NA NA NA NA NA NA NA NA NA NA NA NA NA NA NA NA NA NA NA NA NA NA NA NA NA NA NA
NA NA NA NA NA NA NA NA NA NA NA NA NA NA NA NA NA NA NA NA NA NA NA NA NA NA NA NA NA NA NA NA NA NA NA NA NA NA NA NA 316 317 317 317 317 317 317 317 318 318 318 318 318 318 318 319 319 319 319 319 319 319 319 320 320 320 320 320 320 320 320 321 321 321 321 321 321 321 322 322 322 322 322 322 322 322 322 323 323 323 323 323 323 323 323 324 324 324 324 324 324 324 324 324 325 325 325 325 325 325 325 325 325 326 326 326 326 326 326 326 326 326 326 326 327 327 327 327 327 327 327 327 327 327 327 327 327 327 327 327 327 327 327 327 327 327 328 328 328 328 328 328 328 328 328 328 328 328 328 328 328 328 328 328 328 328 328 328 328 328 328 328 328 328 328 328 328 328 328 328 328 328 328 328 328 328 328 328 328 328 328 328 328 328 328 329 329 329 329 329 329 329 329 329 329 329 329 329 329 329 329 329 329 329 329 329 329 329 329 329 329 329 329 329 329 329 329 329 329 329 329 329 329 329 329 329 329 329 329 329 329 329 329 329 329 329 329 329 329 329 329 329 329 328 328 328 328 328 328 328 328 328 328 328 328 328 328 328 328 328 328 328 328 328 328 328 328 328 327 327 327 327 327 327 327 327 NA NA NA NA NA NA NA NA NA NA NA NA NA NA NA NA NA NA NA NA NA NA NA NA NA NA NA NA NA NA NA NA NA NA NA NA NA NA NA NA NA NA NA NA NA NA NA NA NA NA NA NA NA NA NA NA NA NA NA NA NA NA NA NA NA NA NA NA NA NA NA NA NA NA NA NA NA NA NA NA NA NA NA NA NA NA NA NA NA NA NA NA NA NA NA NA NA NA NA NA NA NA NA NA NA NA NA NA NA NA NA NA NA NA NA NA NA NA NA NA NA NA NA NA NA NA NA NA NA NA NA NA NA NA NA NA NA NA NA NA NA NA NA NA NA NA NA NA NA NA NA NA NA NA NA NA NA NA NA NA NA NA NA NA NA NA NA NA NA NA NA NA NA NA NA NA NA NA NA NA NA NA NA NA NA NA NA NA NA NA NA NA NA NA NA NA NA NA NA NA NA NA NA NA NA NA NA NA NA NA NA NA NA NA NA NA NA
NA NA NA NA NA NA NA NA NA NA NA NA NA NA NA NA NA NA NA NA NA NA NA NA NA NA NA NA NA NA NA NA NA NA NA NA NA NA NA NA NA NA NA 317 317 317 317 317 318 318 318 318 318 318 318 319 319 319 319 319 319 319 319 320 320 320 320 320 320 320 320 321 321 321 321 321 321 321 322 322 322 322 322 322 322 322 322 323 323 323 323 323 323 323 323 324 324 324 324 324 324 324 324 324 325 325 325 325 325 325 325 325 325 326 326 326 326 326 326 326 326 326 326 326 327 327 327 327 327 327 327 327 327 327 327 327 327 327 327 327 327 327 327 327 327 327 328 328 328 328 328 328 328 328 328 328 328 328 328 328 328 328 328 328 328 328 328 328 328 328 328 328 328 328 328 328 328 328 328 328 328 328 328 328 328 328 328 328 328 328 328 328 328 328 329 329 329 329 329 329 329 329 329 329 329 329 329 329 329 329 329 329 329 329 329 329 329 329 329 329 329 329 329 329 329 329 329 329 329 329 329 329 329 329 329 329 329 329 329 329 329 329 329 329 329 329 329 329 329 329 329 329 329 328 328 328 328 328 328 328 328 328 328 328 328 328 328 328 328 328 328 328 328 328 328 328 328 328 328 327 327 327 327 327 327 327 327 NA NA NA NA NA NA NA NA NA NA NA NA NA NA NA NA NA NA NA NA NA NA NA NA NA NA NA NA NA NA NA NA NA NA NA NA NA NA NA NA NA NA NA NA NA NA NA NA NA NA NA NA NA NA NA NA NA NA NA NA NA NA NA NA NA NA NA NA NA NA NA NA NA NA NA NA NA NA NA NA NA NA NA NA NA NA NA NA NA NA NA NA NA NA NA NA NA NA NA NA NA NA NA NA NA NA NA NA NA NA NA NA NA NA NA NA NA NA NA NA NA NA NA NA NA NA NA NA NA NA NA NA NA NA NA NA NA NA NA NA NA NA NA NA NA NA NA NA NA NA NA NA NA NA NA NA NA NA NA NA NA NA NA NA NA NA NA NA NA NA NA NA NA NA NA NA NA NA NA NA NA NA NA NA NA NA NA NA NA NA NA NA NA NA NA NA NA NA NA NA NA NA NA NA NA NA NA NA NA NA NA NA NA NA NA NA
NA NA NA NA NA NA NA NA NA NA NA NA NA NA NA NA NA NA NA NA NA NA NA NA NA NA NA NA NA NA NA NA NA NA NA NA NA NA NA NA NA NA NA NA NA NA 317 317 318 318 318 318 318 318 318 319 319 319 319 319 319 319 319 320 320 320 320 320 320 320 321 321 321 321 321 321 321 321 322 322 322 322 322 322 322 322 322 323 323 323 323 323 323 323 323 324 324 324 324 324 324 324 324 325 325 325 325 325 325 325 325 325 325 326 326 326 326 326 326 326 326 326 326 326 327 327 327 327 327 327 327 327 327 327 327 327 327 327 327 327 327 327 327 327 327 328 328 328 328 328 328 328 328 328 328 328 328 328 328 328 328 328 328 328 328 328 328 328 328 328 328 328 328 328 328 328 328 328 328 328 328 328 328 328 328 328 328 328 328 328 328 328 329 329 329 329 329 329 329 329 329 329 329 329 329 329 329 329 329 329 329 329 329 329 329 329 329 329 329 329 329 329 329 329 329 329 329 329 329 329 329 329 329 329 329 329 329 329 329 329 329 329 329 329 329 329 329 329 329 329 329 329 329 329 328 328 328 328 328 328 328 328 328 328 328 328 328 328 328 328 328 328 328 328 328 328 328 328 328 327 327 327 327 327 327 327 327 NA NA NA NA NA NA NA NA NA NA NA NA NA NA NA NA NA NA NA NA NA NA NA NA NA NA NA NA NA NA NA NA NA NA NA NA NA NA NA NA NA NA NA NA NA NA NA NA NA NA NA NA NA NA NA NA NA NA NA NA NA NA NA NA NA NA NA NA NA NA NA NA NA NA NA NA NA NA NA NA NA NA NA NA NA NA NA NA NA NA NA NA NA NA NA NA NA NA NA NA NA NA NA NA NA NA NA NA NA NA NA NA NA NA NA NA NA NA NA NA NA NA NA NA NA NA NA NA NA NA NA NA NA NA NA NA NA NA NA NA NA NA NA NA NA NA NA NA NA NA NA NA NA NA NA NA NA NA NA NA NA NA NA NA NA NA NA NA NA NA NA NA NA NA NA NA NA NA NA NA NA NA NA NA NA NA NA NA NA NA NA NA NA NA NA NA NA NA NA NA NA NA NA NA NA NA NA NA NA NA NA NA NA NA NA NA
NA NA NA NA NA NA NA NA NA NA NA NA NA NA NA NA NA NA NA NA NA NA NA NA NA NA NA NA NA NA NA NA NA NA NA NA NA NA NA NA NA NA NA NA NA NA NA NA NA 318 318 318 318 318 318 319 319 319 319 319 319 319 319 320 320 320 320 320 320 320 321 321 321 321 321 321 321 321 322 322 322 322 322 322 322 322 323 323 323 323 323 323 323 323 324 324 324 324 324 324 324 324 324 325 325 325 325 325 325 325 325 325 325 326 326 326 326 326 326 326 326 326 326 326 326 327 326 326 327 327 327 327 327 327 327 327 327 327 327 327 327 327 327 327 328 328 328 328 328 328 328 328 328 328 328 328 328 328 328 328 328 328 328 328 328 328 328 328 328 328 328 328 328 328 328 328 328 328 328 328 328 328 328 328 328 328 328 328 328 329 329 329 329 329 329 329 329 329 329 329 329 329 329 329 329 329 329 329 329 329 329 329 329 329 329 329 329 329 329 329 329 329 329 329 329 329 329 329 329 329 329 329 329 329 329 329 329 329 329 329 329 329 329 329 329 329 329 329 329 329 329 329 329 329 328 328 328 328 328 328 328 328 328 328 328 328 328 328 328 328 328 328 328 328 328 328 328 328 328 327 327 327 327 327 327 327 327 327 NA NA NA NA NA NA NA NA NA NA NA NA NA NA NA NA NA NA NA NA NA NA NA NA NA NA NA NA NA NA NA NA NA NA NA NA NA NA NA NA NA NA NA NA NA NA NA NA NA NA NA NA NA NA NA NA NA NA NA NA NA NA NA NA NA NA NA NA NA NA NA NA NA NA NA NA NA NA NA NA NA NA NA NA NA NA NA NA NA NA NA NA NA NA NA NA NA NA NA NA NA NA NA NA NA NA NA NA NA NA NA NA NA NA NA NA NA NA NA NA NA NA NA NA NA NA NA NA NA NA NA NA NA NA NA NA NA NA NA NA NA NA NA NA NA NA NA NA NA NA NA NA NA NA NA NA NA NA NA NA NA NA NA NA NA NA NA NA NA NA NA NA NA NA NA NA NA NA NA NA NA NA NA NA NA NA NA NA NA NA NA NA NA NA NA NA NA NA NA NA NA NA NA NA NA NA NA NA NA NA NA NA NA NA NA
NA NA NA NA NA NA NA NA NA NA NA NA NA NA NA NA NA NA NA NA NA NA NA NA NA NA NA NA NA NA NA NA NA NA NA NA NA NA NA NA NA NA NA NA NA NA NA NA NA NA NA NA 318 318 318 318 319 319 319 319 319 319 319 320 320 320 320 320 320 320 321 321 321 321 321 321 321 321 321 322 322 322 322 322 322 322 323 323 323 323 323 323 323 323 323 324 324 324 324 324 324 324 324 325 325 325 325 325 325 325 325 325 325 326 326 326 326 326 326 326 326 326 326 326 326 326 326 326 326 327 327 327 327 327 327 327 327 327 327 327 327 327 327 327 327 328 328 328 328 328 328 328 328 328 328 328 328 328 328 328 328 328 328 328 328 328 328 328 328 328 328 328 328 328 328 328 328 328 328 328 328 328 328 328 328 328 328 329 329 329 329 329 329 329 329 329 329 329 329 329 329 329 329 329 329 329 329 329 329 329 329 329 329 329 329 329 329 329 329 329 329 329 329 329 329 329 329 329 329 329 329 329 329 329 329 329 329 329 329 329 329 329 329 329 329 329 329 329 329 329 329 329 329 329 329 328 328 328 328 328 328 328 328 328 328 328 328 328 328 328 328 328 328 328 328 328 328 328 328 327 327 327 327 327 327 327 327 327 327 327 327 NA NA NA NA NA NA NA NA NA NA NA NA NA NA NA NA NA NA NA NA NA NA NA NA NA NA NA NA NA NA NA NA NA NA NA NA NA NA NA NA NA NA NA NA NA NA NA NA NA NA NA NA NA NA NA NA NA NA NA NA NA NA NA NA NA NA NA NA NA NA NA NA NA NA NA NA NA NA NA NA NA NA NA NA NA NA NA NA NA NA NA NA NA NA NA NA NA NA NA NA NA NA NA NA NA NA NA NA NA NA NA NA NA NA NA NA NA NA NA NA NA NA NA NA NA NA NA NA NA NA NA NA NA NA NA NA NA NA NA NA NA NA NA NA NA NA NA NA NA NA NA NA NA NA NA NA NA NA NA NA NA NA NA NA NA NA NA NA NA NA NA NA NA NA NA NA NA NA NA NA NA NA NA NA NA NA NA NA NA NA NA NA NA NA NA NA NA NA NA NA NA NA NA NA NA NA NA NA NA NA NA NA
NA NA NA NA NA NA NA NA NA NA NA NA NA NA NA NA NA NA NA NA NA NA NA NA NA NA NA NA NA NA NA NA NA NA NA NA NA NA NA NA NA NA NA NA NA NA NA NA NA NA NA NA NA NA NA NA 318 319 319 319 319 319 319 319 320 320 320 320 320 320 320 321 321 321 321 321 321 321 321 321 322 322 322 322 322 322 322 323 323 323 323 323 323 323 324 324 324 324 324 324 324 324 324 324 325 325 325 325 325 325 325 325 325 326 326 326 326 326 326 326 326 326 326 326 326 326 326 326 326 326 327 327 327 327 327 327 327 327 327 327 327 327 327 327 327 328 328 328 328 328 328 328 328 328 328 328 328 328 328 328 328 328 328 328 328 328 328 328 328 328 328 328 328 328 328 328 328 328 328 328 328 328 328 328 328 329 329 329 329 329 329 329 329 329 329 329 329 329 329 329 329 329 329 329 329 329 329 329 329 329 329 329 329 329 329 329 329 329 329 329 329 329 329 329 329 329 329 329 329 329 329 329 329 329 329 329 329 329 329 329 329 329 329 329 329 329 329 329 329 329 329 329 329 329 329 329 328 328 328 328 328 328 328 328 328 328 328 328 328 328 328 328 328 328 328 328 328 328 328 328 327 327 327 327 327 327 327 327 327 327 327 327 326 NA NA NA 326 326 326 326 326 NA NA NA NA NA NA NA NA NA NA NA NA NA NA NA NA NA NA NA NA NA NA NA NA NA NA NA NA NA NA NA NA NA NA NA NA NA NA NA NA NA NA NA NA NA NA NA NA NA NA NA NA NA NA NA NA NA NA NA NA NA NA NA NA NA NA NA NA NA NA NA NA NA NA NA NA NA NA NA NA NA NA NA NA NA NA NA NA NA NA NA NA NA NA NA NA NA NA NA NA NA NA NA NA NA NA NA NA NA NA NA NA NA NA NA NA NA NA NA NA NA NA NA NA NA NA NA NA NA NA NA NA NA NA NA NA NA NA NA NA NA NA NA NA NA NA NA NA NA NA NA NA NA NA NA NA NA NA NA NA NA NA NA NA NA NA NA NA NA NA NA NA NA NA NA NA NA NA NA NA NA NA NA NA NA NA NA NA NA NA NA NA NA NA NA NA NA NA NA NA NA NA
NA NA NA NA NA NA NA NA NA NA NA NA NA NA NA NA NA NA NA NA NA NA NA NA NA NA NA NA NA NA NA NA NA NA NA NA NA NA NA NA NA NA NA NA NA NA NA NA NA NA NA NA NA NA NA NA NA NA NA NA NA NA NA NA NA NA NA NA NA NA NA NA NA 321 321 321 321 321 321 322 322 322 322 322 322 322 322 323 323 323 323 323 323 323 323 324 324 324 324 324 324 324 324 324 324 325 325 325 325 325 325 325 325 325 326 326 326 326 326 326 326 326 326 326 326 326 326 326 326 326 326 327 327 327 327 327 327 327 327 327 327 327 327 327 327 328 328 328 328 328 328 328 328 328 328 328 328 328 328 328 328 328 328 328 328 328 328 328 328 328 328 328 328 328 328 328 328 328 328 328 328 328 328 328 329 329 329 329 329 329 329 329 329 329 329 329 329 329 329 329 329 329 329 329 329 329 329 329 329 329 329 329 329 329 329 329 329 329 329 329 329 329 329 329 329 329 329 329 329 329 329 329 329 329 329 329 329 329 329 329 329 329 329 329 329 329 329 329 329 329 329 329 329 329 329 329 328 328 328 328 328 328 328 328 328 328 328 328 328 328 328 328 328 328 328 328 328 328 328 328 327 327 327 327 327 327 327 327 327 327 327 327 327 326 326 326 326 326 326 326 326 326 326 326 NA NA NA NA NA NA NA NA NA NA NA NA NA NA NA NA NA NA NA NA NA NA NA NA NA NA NA NA NA NA NA NA NA NA NA NA NA NA NA NA NA NA NA NA NA NA NA NA NA NA NA NA NA NA NA NA NA NA NA NA NA NA NA NA NA NA NA NA NA NA NA NA NA NA NA NA NA NA NA NA NA NA NA NA NA NA NA NA NA NA NA NA NA NA NA NA NA NA NA NA NA NA NA NA NA NA NA NA NA NA NA NA NA NA NA NA NA NA NA NA NA NA NA NA NA NA NA NA NA NA NA NA NA NA NA NA NA NA NA NA NA NA NA NA NA NA NA NA NA NA NA NA NA NA NA NA NA NA NA NA NA NA NA NA NA NA NA NA NA NA NA NA NA NA NA NA NA NA NA NA NA NA NA NA NA NA NA NA NA NA NA NA NA NA NA NA NA NA NA
NA NA NA NA NA NA NA NA NA NA NA NA NA NA NA NA NA NA NA NA NA NA NA NA NA NA NA NA NA NA NA NA NA NA NA NA NA NA NA NA NA NA NA NA NA NA NA NA NA NA NA NA NA NA NA NA NA NA NA NA NA NA NA NA NA NA NA NA NA NA NA NA NA 321 321 321 321 321 322 322 322 322 322 322 322 322 322 322 323 323 323 323 323 323 323 323 323 324 324 324 324 324 324 324 324 324 325 325 325 325 325 325 325 325 325 325 325 326 326 326 326 326 326 326 326 326 326 326 326 327 326 326 327 327 327 327 327 327 327 327 327 327 327 327 327 328 328 328 328 328 328 328 328 328 328 328 328 328 328 328 328 328 328 328 328 328 328 328 328 328 328 328 328 328 328 328 328 328 328 328 328 328 328 329 329 329 329 329 329 329 329 329 329 329 329 329 329 329 329 329 329 329 329 329 329 329 329 329 329 329 329 329 329 329 329 329 329 329 329 329 329 329 329 329 329 329 329 329 329 329 329 329 329 329 329 329 329 329 329 329 329 329 329 329 329 329 329 329 329 329 329 329 329 329 329 329 329 328 328 328 328 328 328 328 328 328 328 328 328 328 328 328 328 328 328 328 328 328 328 328 327 327 327 327 327 327 327 327 327 327 327 327 327 327 326 326 326 326 326 326 326 326 326 326 326 326 326 326 NA NA 325 NA NA NA NA NA NA NA NA NA NA NA NA NA NA NA NA NA NA NA NA NA NA NA NA NA NA NA NA NA NA NA NA NA NA NA NA NA NA NA NA NA NA NA NA NA NA NA NA NA NA NA NA NA NA NA NA NA NA NA NA NA NA NA NA NA NA NA NA NA NA NA NA NA NA NA NA NA NA NA NA NA NA NA NA NA NA NA NA NA NA NA NA NA NA NA NA NA NA NA NA NA NA NA NA NA NA NA NA NA NA NA NA NA NA NA NA NA NA NA NA NA NA NA NA NA NA NA NA NA NA NA NA NA NA NA NA NA NA NA NA NA NA NA NA NA NA NA NA NA NA NA NA NA NA NA NA NA NA NA NA NA NA NA NA NA NA NA NA NA NA NA NA NA NA NA NA NA NA NA NA NA NA NA NA NA NA NA NA NA NA NA NA
NA NA NA NA NA NA NA NA NA NA NA NA NA NA NA NA NA NA NA NA NA NA NA NA NA NA NA NA NA NA NA NA NA NA NA NA NA NA NA NA NA NA NA NA NA NA NA NA NA NA NA NA NA NA NA NA NA NA NA NA NA NA NA NA NA NA NA NA NA NA NA NA NA NA 321 321 321 321 322 322 322 322 322 322 322 322 322 323 323 323 323 323 323 323 323 323 323 324 324 324 324 324 324 324 324 324 324 324 325 325 325 325 325 325 325 325 325 325 325 326 326 326 326 326 326 326 326 327 326 327 327 326 326 327 327 327 327 327 327 327 327 327 327 327 327 328 328 328 328 328 328 328 328 328 328 328 328 328 328 328 328 328 328 328 328 328 328 328 328 328 328 328 328 328 328 328 328 328 328 328 328 328 328 329 329 329 329 329 329 329 329 329 329 329 329 329 329 329 329 329 329 329 329 329 329 329 329 329 329 329 329 329 329 329 329 329 329 329 329 329 329 329 329 329 329 329 329 329 329 329 329 329 329 329 329 329 329 329 329 329 329 329 329 329 329 329 329 329 329 329 329 329 329 329 329 329 329 329 328 328 328 328 328 328 328 328 328 328 328 328 328 328 328 328 328 328 328 328 328 328 328 327 327 327 327 327 327 327 327 327 327 327 327 327 326 326 326 326 326 326 326 326 326 326 326 326 326 326 325 325 325 325 325 325 NA NA NA NA NA NA NA NA NA NA NA NA NA NA NA NA NA NA NA NA NA NA NA NA NA NA NA NA NA NA NA NA NA NA NA NA NA NA NA NA NA NA NA NA NA NA NA NA NA NA NA NA NA NA NA NA NA NA NA NA NA NA NA NA NA NA NA NA NA NA NA NA NA NA NA NA NA NA NA NA NA NA NA NA NA NA NA NA NA NA NA NA NA NA NA NA NA NA NA NA NA NA NA NA NA NA NA NA NA NA NA NA NA NA NA NA NA NA NA NA NA NA NA NA NA NA NA NA NA NA NA NA NA NA NA NA NA NA NA NA NA NA NA NA NA NA NA NA NA NA NA NA NA NA NA NA NA NA NA NA NA NA NA NA NA NA NA NA NA NA NA NA NA NA NA NA NA NA NA NA NA NA NA NA NA NA NA NA NA
NA NA NA NA NA NA NA NA NA NA NA NA NA NA NA NA NA NA NA NA NA NA NA NA NA NA NA NA NA NA NA NA NA NA NA NA NA NA NA NA NA NA NA NA NA NA NA NA NA NA NA NA NA NA NA NA 319 319 319 319 NA NA NA NA NA NA NA NA NA NA NA NA NA NA NA 321 321 321 321 322 322 322 322 322 322 322 322 322 323 323 323 323 323 323 323 323 323 324 324 324 324 324 324 324 324 324 324 324 324 325 325 325 325 325 325 325 325 325 325 326 326 326 326 326 326 326 326 326 326 327 327 326 327 326 327 327 327 327 327 327 327 327 327 327 327 328 328 328 328 328 328 328 328 328 328 328 328 328 328 328 328 328 328 328 328 328 328 328 328 328 328 328 328 328 328 328 328 328 328 328 328 328 329 329 329 329 329 329 329 329 329 329 329 329 329 329 329 329 329 329 329 329 329 329 329 329 329 329 329 329 329 329 329 329 329 329 329 329 329 329 329 329 329 329 329 329 329 329 329 329 329 329 329 329 329 329 329 329 329 329 329 329 329 329 329 329 329 329 329 329 329 329 329 329 329 329 329 329 328 328 328 328 328 328 328 328 328 328 328 328 328 328 328 328 328 328 328 328 328 328 328 327 327 327 327 327 327 327 327 327 327 327 327 327 326 326 326 326 326 326 326 326 326 326 326 326 326 326 325 325 325 325 325 325 NA NA NA NA NA NA NA NA NA NA NA NA NA NA NA NA NA NA NA NA NA NA NA NA NA NA NA NA NA NA NA NA NA NA NA NA NA NA NA NA NA NA NA NA NA NA NA NA NA NA NA NA NA NA NA NA NA NA NA NA NA NA NA NA NA NA NA NA NA NA NA NA NA NA NA NA NA NA NA NA NA NA NA NA NA NA NA NA NA NA NA NA NA NA NA NA NA NA NA NA NA NA NA NA NA NA NA NA NA NA NA NA NA NA NA NA NA NA NA NA NA NA NA NA NA NA NA NA NA NA NA NA NA NA NA NA NA NA NA NA NA NA NA NA NA NA NA NA NA NA NA NA NA NA NA NA NA NA NA NA NA NA NA NA NA NA NA NA NA NA NA NA NA NA NA NA NA NA NA NA NA NA NA NA NA NA NA NA NA
NA NA NA NA NA NA NA NA NA NA NA NA NA NA NA NA NA NA NA NA NA NA NA NA NA NA NA NA NA NA NA NA NA NA NA NA NA NA NA NA NA NA 317 317 318 318 NA NA NA NA NA NA NA NA NA NA NA 319 319 319 319 NA NA NA NA NA NA NA NA NA NA NA NA NA NA NA 321 321 321 322 322 322 322 322 322 322 322 323 323 323 323 323 323 323 323 323 324 323 324 324 324 324 324 324 324 324 324 324 324 325 325 325 325 325 325 326 325 325 325 326 326 326 326 326 326 326 326 326 326 326 327 326 327 327 326 327 327 327 327 327 327 327 327 327 328 328 328 328 328 328 328 328 328 328 328 328 328 328 328 328 328 328 328 328 328 328 328 328 328 328 328 328 328 328 328 328 328 328 328 328 329 329 329 329 329 329 329 329 329 329 329 329 329 329 329 329 329 329 329 329 329 329 329 329 329 329 329 329 329 329 329 329 329 329 329 329 329 329 329 329 329 329 329 329 329 329 329 329 329 329 329 329 329 329 329 329 329 329 329 329 329 329 329 329 329 329 329 329 329 329 329 329 329 329 329 329 329 329 328 328 328 328 328 328 328 328 328 328 328 328 328 328 328 328 328 328 328 328 328 328 328 327 327 327 327 327 327 327 327 327 327 327 327 327 327 326 326 326 326 326 326 326 326 326 326 326 326 326 326 325 325 325 325 325 325 325 325 325 NA NA NA NA NA NA NA NA NA NA NA NA NA NA NA NA NA NA NA NA NA NA NA NA NA NA NA NA NA NA NA NA NA NA NA NA NA NA NA NA NA NA NA NA NA NA NA NA NA NA NA NA NA NA NA NA NA NA NA NA NA NA NA NA NA NA NA NA NA NA NA NA NA NA NA NA NA NA NA NA NA NA NA NA NA NA NA NA NA NA NA NA NA NA NA NA NA NA NA NA NA NA NA NA NA NA NA NA NA NA NA NA NA NA NA NA NA NA NA NA NA NA NA NA NA NA NA NA NA NA NA NA NA NA NA NA NA NA NA NA NA NA NA NA NA NA NA NA NA NA NA NA NA NA NA NA NA NA NA NA NA NA NA NA NA NA NA NA NA NA NA NA NA NA NA NA NA NA NA NA NA NA NA NA NA
NA NA NA NA NA NA NA NA NA NA NA NA NA NA NA NA NA NA NA NA NA NA NA NA NA NA NA NA NA NA NA NA NA NA NA NA NA NA NA NA NA NA NA 317 318 318 318 318 NA NA NA NA NA NA NA NA 319 319 319 319 320 320 NA NA NA NA NA NA NA NA NA NA NA 321 321 321 321 321 321 322 322 322 322 322 322 322 322 323 323 323 323 323 323 323 323 323 324 324 324 324 324 324 324 324 325 325 325 325 324 325 325 325 325 325 325 326 326 325 325 326 326 326 326 326 326 326 326 326 326 326 326 326 327 327 326 327 327 327 327 327 327 327 327 327 327 327 328 328 328 328 328 328 328 328 328 328 328 328 328 328 328 328 328 328 328 328 328 328 328 328 328 328 328 328 328 328 328 328 328 329 329 329 329 329 329 329 329 329 329 329 329 329 329 329 329 329 329 329 329 329 329 329 329 329 329 329 329 329 329 329 329 329 329 329 329 329 329 329 329 329 329 329 329 329 329 329 329 329 329 329 329 329 329 329 329 329 329 329 329 329 329 329 329 329 329 329 329 329 329 329 329 329 329 329 329 329 329 329 329 328 328 328 328 328 328 328 328 328 328 328 328 328 328 328 328 328 328 328 328 328 328 327 327 327 327 327 327 327 327 327 327 327 327 327 326 326 326 326 326 326 326 326 326 326 326 326 326 326 325 325 325 325 325 325 325 325 325 325 325 325 NA NA NA NA NA NA NA NA NA NA NA NA NA NA NA NA NA NA NA NA NA NA NA NA NA NA NA NA NA NA NA NA NA NA NA NA NA NA NA NA NA NA NA NA NA NA NA NA NA NA NA NA NA NA NA NA NA NA NA NA NA NA NA NA NA NA NA NA NA NA NA NA NA NA NA NA NA NA NA NA NA NA NA NA NA NA NA NA NA NA NA NA NA NA NA NA NA NA NA NA NA NA NA NA NA NA NA NA NA NA NA NA NA NA NA NA NA NA NA NA NA NA NA NA NA NA NA NA NA NA NA NA NA NA NA NA NA NA NA NA NA NA NA NA NA NA NA NA NA NA NA NA NA NA NA NA NA NA NA NA NA NA NA NA NA NA NA NA NA NA NA NA NA NA NA NA NA NA NA NA NA NA NA
NA NA NA NA NA NA NA NA NA NA NA NA NA NA NA NA NA NA NA NA NA NA NA NA NA NA NA NA NA NA NA NA NA NA NA NA NA NA NA NA NA NA NA NA NA 318 318 318 318 318 NA 318 NA NA NA NA NA 319 319 319 320 320 NA NA 320 NA NA NA NA NA NA NA NA NA 321 321 321 322 322 322 322 322 322 322 322 322 323 323 323 323 323 323 323 323 324 324 323 324 324 324 324 325 325 324 324 325 325 325 324 325 325 325 325 325 325 326 326 326 325 326 326 326 326 326 326 326 326 326 326 326 326 327 327 327 327 327 327 327 327 327 327 327 327 327 327 327 327 327 327 327 327 328 328 328 328 328 328 328 328 328 328 328 328 328 328 328 328 328 328 328 328 328 328 328 328 328 328 329 329 329 329 329 329 329 329 329 329 329 329 329 329 329 329 329 329 329 329 329 329 329 329 329 329 329 329 329 329 329 329 329 329 329 329 329 329 329 329 329 329 329 329 329 329 329 329 329 329 329 329 329 329 329 329 329 329 329 329 329 329 329 329 329 329 329 329 329 329 329 329 329 329 329 329 329 329 329 329 329 329 328 328 328 328 328 328 328 328 328 328 328 328 328 328 328 328 328 328 328 328 328 328 327 327 327 327 327 327 327 327 327 327 327 327 327 326 326 326 326 326 326 326 326 326 326 326 326 326 325 325 325 325 325 325 325 325 325 325 325 325 325 325 NA NA NA NA NA NA NA NA NA NA NA NA NA NA NA NA NA NA NA NA NA NA NA NA NA NA NA NA NA NA NA NA NA NA NA NA NA NA NA NA NA NA NA NA NA NA NA NA NA NA NA NA NA NA NA NA NA NA NA NA NA NA NA NA NA NA NA NA NA NA NA NA NA NA NA NA NA NA NA NA NA NA NA NA NA NA NA NA NA NA NA NA NA NA NA NA NA NA NA NA NA NA NA NA NA NA NA NA NA NA NA NA NA NA NA NA NA NA NA NA NA NA NA NA NA NA NA NA NA NA NA NA NA NA NA NA NA NA NA NA NA NA NA NA NA NA NA NA NA NA NA NA NA NA NA NA NA NA NA NA NA NA NA NA NA NA NA NA NA NA NA NA NA NA NA NA NA NA NA NA NA NA
NA NA NA NA NA NA NA NA NA NA NA NA NA NA NA NA NA NA NA NA NA NA NA NA NA NA NA NA NA NA NA NA NA NA NA NA NA NA NA NA NA NA NA NA NA 318 318 318 318 318 318 318 318 319 319 319 319 319 319 319 320 320 320 320 320 320 NA 320 321 NA NA NA NA NA 321 321 321 321 322 322 322 322 322 322 322 322 322 323 323 323 323 323 323 323 324 324 323 324 324 324 324 324 324 324 324 325 325 325 324 325 325 325 325 325 325 326 326 326 326 326 326 326 326 326 326 326 327 326 326 326 326 326 327 327 327 327 327 327 327 327 327 327 327 327 327 327 327 327 327 327 327 327 327 327 327 328 328 327 327 328 328 328 328 328 328 328 328 328 328 328 328 328 328 328 328 328 328 329 329 329 329 329 329 329 329 329 329 329 329 329 329 329 329 329 329 329 329 329 329 329 329 329 329 329 329 329 329 329 329 329 329 329 329 329 329 329 329 329 329 329 329 329 329 329 329 329 329 329 329 329 329 329 329 329 329 329 329 329 329 329 329 329 329 329 329 329 329 329 329 329 329 329 329 329 329 329 329 329 329 329 328 328 328 328 328 328 328 328 328 328 328 328 328 328 328 328 328 328 328 328 328 328 327 327 327 327 327 327 327 327 327 327 327 327 326 326 326 326 326 326 326 326 326 326 326 326 325 325 325 325 325 325 325 325 325 325 325 325 325 325 325 325 324 325 NA NA NA NA NA NA NA NA NA NA NA NA NA NA NA NA NA NA NA NA NA NA NA NA NA NA NA NA NA NA NA NA NA NA NA NA NA NA NA NA NA NA NA NA NA NA NA NA NA NA NA NA NA NA NA NA NA NA NA NA NA NA NA NA NA NA NA NA NA NA NA NA NA NA NA NA NA NA NA NA NA NA NA NA NA NA NA NA NA NA NA NA NA NA NA NA NA NA NA NA NA NA NA NA NA NA NA NA NA NA NA NA NA NA NA NA NA NA NA NA NA NA NA NA NA NA NA NA NA NA NA NA NA NA NA NA NA NA NA NA NA NA NA NA NA NA NA NA NA NA NA NA NA NA NA NA NA NA NA NA NA NA NA NA NA NA NA NA NA NA NA NA NA NA NA NA NA NA NA
NA NA NA NA NA NA NA NA NA NA NA NA NA NA NA NA NA NA NA NA NA NA NA NA NA NA NA NA NA NA NA NA NA NA NA NA NA NA NA NA NA NA NA NA 317 317 318 318 318 318 318 318 318 319 319 319 319 319 319 319 319 319 320 320 320 320 320 320 320 321 321 321 321 321 321 321 321 321 321 322 322 322 322 322 322 322 322 323 323 323 323 323 323 323 323 323 324 324 324 324 324 324 324 324 324 325 325 325 325 325 325 325 325 326 326 326 326 326 326 326 326 326 326 326 327 327 327 327 327 327 327 327 327 327 327 327 327 327 327 327 327 327 327 327 327 327 327 327 327 328 327 328 328 328 328 328 328 328 328 328 328 328 328 328 328 328 328 328 328 328 328 328 328 328 328 329 329 329 329 329 329 329 329 329 329 329 329 329 329 329 329 329 329 329 329 329 329 329 329 329 329 329 329 329 329 329 329 329 329 329 329 329 329 329 329 329 329 329 329 329 329 329 329 329 329 329 329 329 329 329 329 329 329 329 329 329 329 329 329 329 329 329 329 329 329 329 329 329 329 329 329 329 329 329 329 329 329 329 329 329 329 328 328 328 328 328 328 328 328 328 328 328 328 328 328 328 328 328 328 328 328 328 327 327 327 327 327 327 327 327 327 327 327 327 326 326 326 326 326 326 326 326 326 326 326 325 325 325 325 325 325 325 325 325 325 325 325 325 325 325 325 325 325 324 325 NA NA NA NA NA NA NA NA NA NA NA NA NA NA NA NA NA NA NA NA NA NA NA NA NA NA NA NA NA NA NA NA NA NA NA NA NA NA NA NA NA NA NA NA NA NA NA NA NA NA NA NA NA NA NA NA NA NA NA NA NA NA NA NA NA NA NA NA NA NA NA NA NA NA NA NA NA NA NA NA NA NA NA NA NA NA NA NA NA NA NA NA NA NA NA NA NA NA NA NA NA NA NA NA NA NA NA NA NA NA NA NA NA NA NA NA NA NA NA NA NA NA NA NA NA NA NA NA NA NA NA NA NA NA NA NA NA NA NA NA NA NA NA NA NA NA NA NA NA NA NA NA NA NA NA NA NA NA NA NA NA NA NA NA NA NA NA NA NA NA NA NA NA NA NA NA NA NA
NA NA NA NA NA NA NA NA NA NA NA NA NA NA NA NA NA NA NA NA NA NA NA NA NA NA NA NA NA NA NA NA NA NA NA NA NA NA NA NA NA NA NA 317 317 317 318 318 318 318 318 318 318 318 318 319 319 319 319 319 319 319 320 320 320 320 320 320 320 321 321 321 321 321 321 321 321 321 322 322 322 322 322 322 323 322 323 323 323 323 323 323 323 323 323 324 324 324 324 324 324 324 324 324 325 325 325 325 326 326 326 325 325 325 326 326 326 326 326 326 326 326 327 327 327 327 327 327 327 327 327 327 327 327 327 327 327 327 327 327 327 327 327 327 327 327 327 328 328 328 328 328 328 328 328 328 328 328 328 328 328 328 328 328 328 328 328 328 328 328 328 328 328 328 328 328 329 329 329 329 329 329 329 329 329 329 329 329 329 329 329 329 329 329 329 329 329 329 329 329 329 329 329 329 329 329 329 329 329 329 329 329 329 329 329 329 329 329 329 329 329 329 329 329 329 329 329 329 329 329 329 329 329 329 329 329 329 329 329 329 329 329 329 329 329 329 329 329 329 329 329 329 329 329 329 329 329 329 329 329 329 328 328 328 328 328 328 328 328 328 328 328 328 328 328 328 328 328 328 328 328 328 327 327 327 327 327 327 327 327 327 327 327 327 326 326 326 326 326 326 326 326 326 325 325 325 325 325 325 325 325 325 325 325 325 325 325 325 325 325 325 325 325 324 324 NA NA NA NA NA NA NA NA NA NA NA NA NA NA NA NA NA NA NA NA NA NA NA NA NA NA NA NA NA NA NA NA NA NA NA NA NA NA NA NA NA NA NA NA NA NA NA NA NA NA NA NA NA NA NA NA NA NA NA NA NA NA NA NA NA NA NA NA NA NA NA NA NA NA NA NA NA NA NA NA NA NA NA NA NA NA NA NA NA NA NA NA NA NA NA NA NA NA NA NA NA NA NA NA NA NA NA NA NA NA NA NA NA NA NA NA NA NA NA NA NA NA NA NA NA NA NA NA NA NA NA NA NA NA NA NA NA NA NA NA NA NA NA NA NA NA NA NA NA NA NA NA NA NA NA NA NA NA NA NA NA NA NA NA NA NA NA NA NA NA NA NA NA NA NA NA NA NA
NA NA NA NA NA NA NA NA NA NA NA NA NA NA NA NA NA NA NA NA NA NA NA NA NA NA NA NA NA NA NA NA NA NA NA NA NA NA NA NA NA 317 317 317 317 318 318 318 318 318 318 318 318 318 319 319 319 319 319 319 319 320 320 320 320 320 320 320 320 320 320 321 321 321 321 321 321 322 322 322 322 322 322 323 323 323 323 323 323 323 323 323 323 323 323 324 324 324 324 324 324 324 325 324 325 325 325 325 325 325 325 325 325 325 325 325 325 325 326 326 326 326 326 326 326 326 326 327 327 327 327 327 326 327 327 327 327 327 327 327 327 327 327 327 327 327 327 327 327 327 328 328 328 328 328 328 328 328 328 328 328 328 328 328 328 328 328 328 328 328 328 328 328 328 328 328 329 329 329 329 329 329 329 329 329 329 329 329 329 329 329 329 329 329 329 329 329 329 329 329 329 329 329 329 329 329 329 329 329 329 329 329 329 329 329 329 329 329 329 329 329 329 329 329 329 329 329 329 329 329 329 329 329 329 329 329 329 329 329 329 329 329 329 329 329 329 329 329 329 329 329 329 329 329 329 329 329 329 329 329 329 329 328 328 328 328 328 328 328 328 328 328 328 328 328 328 328 328 328 328 328 328 328 327 327 327 327 327 327 327 327 327 327 327 326 326 326 326 326 326 326 326 325 325 325 325 326 325 325 325 325 325 325 325 325 324 325 325 324 324 324 324 324 324 324 NA NA NA NA NA NA NA NA NA NA NA NA NA NA NA NA NA NA NA NA NA NA NA NA NA NA NA NA NA NA NA NA NA NA NA NA NA NA NA NA NA NA NA NA NA NA NA NA NA NA NA NA NA NA NA NA NA NA NA NA NA NA NA NA NA NA NA NA NA NA NA NA NA NA NA NA NA NA NA NA NA NA NA NA NA NA NA NA NA NA NA NA NA NA NA NA NA NA NA NA NA NA NA NA NA NA NA NA NA NA NA NA NA NA NA NA NA NA NA NA NA NA NA NA NA NA NA NA NA NA NA NA NA NA NA NA NA NA NA NA NA NA NA NA NA NA NA NA NA NA NA NA NA NA NA NA NA NA NA NA NA NA NA NA NA NA NA NA NA NA NA NA NA NA NA NA NA NA
NA NA NA NA NA NA NA NA NA NA NA NA NA NA NA NA NA NA NA NA NA NA NA NA NA NA NA NA NA NA NA NA 316 316 316 316 NA NA NA NA 317 317 317 317 317 318 318 318 318 318 318 318 318 318 319 319 319 319 319 319 320 320 320 320 320 320 320 320 320 320 321 321 321 321 321 321 321 322 322 322 322 322 322 322 323 323 323 323 323 323 323 323 323 324 324 324 324 324 324 324 325 325 325 325 325 325 325 325 325 325 325 325 325 326 325 325 325 325 326 326 326 326 326 326 326 326 326 326 326 326 326 327 327 327 327 327 327 327 327 327 327 327 327 327 327 327 327 327 327 328 328 328 328 328 328 328 328 328 328 328 328 328 328 328 328 328 328 328 328 328 328 328 328 328 328 328 328 329 329 329 329 329 329 329 329 329 329 329 329 329 329 329 329 329 329 329 329 329 329 329 329 329 329 329 329 329 329 329 329 329 329 329 329 329 329 329 329 329 329 329 329 329 329 329 329 329 329 329 329 329 329 329 329 329 329 329 329 329 329 329 329 329 329 329 329 329 329 329 329 329 329 329 329 329 329 329 329 329 329 329 329 329 328 328 328 328 328 328 328 328 328 328 328 328 328 328 328 328 328 328 328 328 328 327 327 327 327 327 327 327 327 327 327 327 327 327 326 326 326 326 326 325 325 325 326 326 326 326 325 325 326 326 326 325 325 324 325 325 324 324 324 324 324 324 324 NA NA NA NA NA NA NA NA NA NA NA NA NA NA NA NA NA NA NA NA NA NA NA NA NA NA NA NA NA NA NA NA NA NA NA NA NA NA NA NA NA NA NA NA NA NA NA NA NA NA NA NA NA NA NA NA NA NA NA NA NA NA NA NA NA NA NA NA NA NA NA NA NA NA NA NA NA NA NA NA NA NA NA NA NA NA NA NA NA NA NA NA NA NA NA NA NA NA NA NA NA NA NA NA NA NA NA NA NA NA NA NA NA NA NA NA NA NA NA NA NA NA NA NA NA NA NA NA NA NA NA NA NA NA NA NA NA NA NA NA NA NA NA NA NA NA NA NA NA NA NA NA NA NA NA NA NA NA NA NA NA NA NA NA NA NA NA NA NA NA NA NA NA NA NA NA NA NA
NA NA NA NA NA NA NA NA NA NA NA NA NA NA NA NA NA NA NA NA NA NA NA NA NA NA NA NA NA NA NA NA 316 316 316 317 317 317 317 317 317 317 317 317 318 318 318 318 318 318 318 318 318 319 319 319 319 319 319 319 320 320 320 320 320 320 320 320 320 320 321 321 321 321 321 321 321 321 321 322 322 322 322 322 322 322 322 323 323 323 323 323 323 323 323 324 324 324 324 324 324 324 324 324 324 325 324 325 325 325 325 325 325 325 325 325 325 325 326 326 326 326 326 326 326 326 326 326 326 326 326 326 327 327 327 327 327 327 327 327 327 327 327 327 327 327 327 327 328 328 328 328 328 328 328 328 328 328 328 328 328 328 328 328 328 328 328 328 328 328 328 328 328 328 328 328 328 328 329 329 329 329 329 329 329 329 329 329 329 329 329 329 329 329 329 329 329 329 329 329 329 329 329 329 329 329 329 329 329 329 329 329 329 329 329 329 329 329 329 329 329 329 329 329 329 329 329 329 329 329 329 329 329 329 329 329 329 329 329 329 329 329 329 329 329 329 329 329 329 329 329 329 329 329 329 329 329 329 329 329 329 329 329 328 328 328 328 328 328 328 328 328 328 328 328 328 328 328 328 328 328 328 328 327 327 327 327 327 327 327 327 327 327 327 327 326 326 326 326 326 326 326 326 326 326 325 325 325 326 325 325 326 326 325 325 325 325 325 325 325 325 325 NA NA NA NA NA NA NA NA NA NA NA NA NA NA NA NA NA NA NA NA NA NA NA NA NA NA NA NA NA NA NA NA NA NA NA NA NA NA NA NA NA NA NA NA NA NA NA NA NA NA NA NA NA NA NA NA NA NA NA NA NA NA NA NA NA NA NA NA NA NA NA NA NA NA NA NA NA NA NA NA NA NA NA NA NA NA NA NA NA NA NA NA NA NA NA NA NA NA NA NA NA NA NA NA NA NA NA NA NA NA NA NA NA NA NA NA NA NA NA NA NA NA NA NA NA NA NA NA NA NA NA NA NA NA NA NA NA NA NA NA NA NA NA NA NA NA NA NA NA NA NA NA NA NA NA NA NA NA NA NA NA NA NA NA NA NA NA NA NA NA NA NA NA NA NA NA NA NA NA NA NA
NA NA NA NA NA NA NA NA NA NA NA NA NA NA NA NA NA NA NA NA NA NA NA NA NA NA NA NA NA NA NA 316 316 316 316 317 317 317 317 317 317 317 317 317 318 318 318 318 318 318 318 318 318 319 319 319 319 319 319 319 319 320 320 320 320 320 320 320 320 320 321 321 321 321 321 321 321 321 322 322 322 322 322 322 322 322 322 323 323 323 323 323 323 323 323 323 323 323 323 324 324 324 324 324 324 324 324 325 325 325 325 325 325 325 325 325 325 325 326 326 326 326 326 326 326 326 326 326 326 326 327 327 327 327 327 327 327 327 327 327 327 327 327 327 327 327 327 328 328 328 328 328 328 328 328 328 328 328 328 328 328 328 328 328 328 328 328 328 328 328 328 328 328 328 328 328 328 328 329 329 329 329 329 329 329 329 329 329 329 329 329 329 329 329 329 329 329 329 329 329 329 329 329 329 329 329 329 329 329 329 329 329 329 329 329 329 329 329 329 329 329 329 329 329 329 329 329 329 329 329 329 329 329 329 329 329 329 329 329 329 329 329 329 329 329 329 329 329 329 329 329 329 329 329 329 329 329 329 329 329 329 329 329 328 328 328 328 328 328 328 328 328 328 328 328 328 328 328 328 328 328 328 328 327 327 327 327 327 327 327 327 327 327 327 327 327 326 326 326 326 326 326 326 326 326 325 325 325 326 325 325 325 325 325 325 325 325 325 325 NA NA NA NA NA NA NA NA NA NA NA NA NA NA NA NA NA NA NA NA NA NA NA NA NA NA NA NA NA NA NA NA NA NA NA NA NA NA NA NA NA NA NA NA NA NA NA NA NA NA NA NA NA NA NA NA NA NA NA NA NA NA NA NA NA NA NA NA NA NA NA NA NA NA NA NA NA NA NA NA NA NA NA NA NA NA NA NA NA NA NA NA NA NA NA NA NA NA NA NA NA NA NA NA NA NA NA NA NA NA NA NA NA NA NA NA NA NA NA NA NA NA NA NA NA NA NA NA NA NA NA NA NA NA NA NA NA NA NA NA NA NA NA NA NA NA NA NA NA NA NA NA NA NA NA NA NA NA NA NA NA NA NA NA NA NA NA NA NA NA NA NA NA NA NA NA NA NA NA NA NA NA NA NA
NA NA NA NA NA NA NA NA NA NA NA NA NA NA NA NA NA NA NA NA NA NA NA NA NA NA NA NA NA NA NA NA 316 316 317 317 317 317 317 317 317 317 317 318 318 318 318 318 318 318 318 318 318 319 319 319 319 319 319 319 319 319 320 320 320 320 320 320 320 320 321 321 321 321 321 321 321 321 322 322 322 322 322 322 322 322 322 323 323 323 323 323 323 323 323 323 323 323 324 324 324 324 324 324 324 324 324 324 325 325 325 325 325 325 325 326 326 325 326 326 326 326 326 326 326 326 326 326 326 327 327 327 327 327 327 327 327 327 327 327 327 327 327 328 327 328 328 328 328 328 328 328 328 328 328 328 328 328 328 328 328 328 328 328 328 328 328 328 328 328 328 328 329 328 329 329 328 328 328 329 329 329 329 329 329 329 329 329 329 329 329 329 329 329 329 329 329 329 329 329 329 329 329 329 329 329 329 329 329 329 329 329 329 329 329 329 329 329 329 329 329 329 329 329 329 329 329 329 329 329 329 329 329 329 329 329 329 329 329 329 329 329 329 329 329 329 329 329 329 329 329 329 329 329 329 329 329 329 329 329 329 329 329 329 328 328 328 328 328 328 328 328 328 328 328 328 328 328 328 328 328 328 328 327 327 327 327 327 327 327 327 327 327 327 327 327 326 326 326 326 326 326 326 326 326 326 325 326 326 325 325 325 325 325 325 325 325 325 325 NA NA NA NA NA NA NA NA NA NA NA NA NA NA NA NA NA NA NA NA NA NA NA NA NA NA NA NA NA NA NA NA NA NA NA NA NA NA NA NA NA NA NA NA NA NA NA NA NA NA NA NA NA NA NA NA NA NA NA NA NA NA NA NA NA NA NA NA NA NA NA NA NA NA NA NA NA NA NA NA NA NA NA NA NA NA NA NA NA NA NA NA NA NA NA NA NA NA NA NA NA NA NA NA NA NA NA NA NA NA NA NA NA NA NA NA NA NA NA NA NA NA NA NA NA NA NA NA NA NA NA NA NA NA NA NA NA NA NA NA NA NA NA NA NA NA NA NA NA NA NA NA NA NA NA NA NA NA NA NA NA NA NA NA NA NA NA NA NA NA NA NA NA NA NA NA NA NA NA NA NA NA NA NA
NA NA NA NA NA NA NA NA NA NA NA NA NA NA NA NA NA NA NA NA NA NA NA NA NA NA NA NA NA NA NA NA NA 316 317 317 317 317 317 317 317 317 317 318 318 318 318 318 318 318 318 318 319 319 319 319 319 319 319 319 319 319 320 320 320 320 320 320 320 321 321 321 321 321 321 321 321 322 322 322 322 322 322 322 322 322 323 323 323 323 323 323 323 323 323 323 324 324 324 324 324 324 324 324 324 324 324 324 325 325 325 325 325 325 325 325 326 326 326 326 326 326 326 326 326 326 326 326 326 327 327 327 327 327 327 327 327 327 327 327 327 327 327 327 327 328 328 328 328 328 328 328 328 328 328 328 328 328 328 328 328 328 328 328 328 328 328 328 328 328 328 328 328 329 329 329 328 328 328 329 329 329 329 329 329 329 329 329 329 329 329 329 329 329 329 329 329 329 329 329 329 329 329 329 329 329 329 329 329 329 329 329 329 329 329 329 329 329 329 329 329 329 329 329 329 329 329 329 329 329 329 329 329 329 329 329 329 329 329 329 329 329 329 329 329 329 329 329 329 329 329 329 329 329 329 329 329 329 329 329 329 329 329 329 328 328 328 328 328 328 328 328 328 328 328 328 328 328 328 328 328 328 328 328 327 327 327 327 327 327 327 327 327 327 327 327 327 326 326 326 326 326 326 326 326 326 326 326 326 325 325 325 325 325 325 325 325 325 325 NA NA NA NA NA NA NA NA NA NA NA NA NA NA NA NA NA NA NA NA NA NA NA NA NA NA NA NA NA NA NA NA NA NA NA NA NA NA NA NA NA NA NA NA NA NA NA NA NA NA NA NA NA NA NA NA NA NA NA NA NA NA NA NA NA NA NA NA NA NA NA NA NA NA NA NA NA NA NA NA NA NA NA NA NA NA NA NA NA NA NA NA NA NA NA NA NA NA NA NA NA NA NA NA NA NA NA NA NA NA NA NA NA NA NA NA NA NA NA NA NA NA NA NA NA NA NA NA NA NA NA NA NA NA NA NA NA NA NA NA NA NA NA NA NA NA NA NA NA NA NA NA NA NA NA NA NA NA NA NA NA NA NA NA NA NA NA NA NA NA NA NA NA NA NA NA NA NA NA NA NA NA NA NA
NA NA NA NA NA NA NA NA NA NA NA NA NA NA NA NA NA NA NA NA NA NA NA NA NA NA NA NA NA NA NA NA NA 316 317 317 317 317 317 317 317 317 317 318 318 318 318 318 318 318 318 318 319 319 319 319 319 319 319 319 319 320 320 320 320 320 320 320 321 321 321 321 321 321 321 321 321 322 322 322 322 322 322 322 322 322 323 323 323 323 323 323 323 323 323 323 324 324 324 324 324 324 324 324 324 324 324 325 325 325 325 325 325 325 325 325 325 326 326 326 326 326 326 326 326 326 326 326 327 327 327 327 327 327 327 327 327 327 327 327 327 327 327 327 327 328 328 328 328 328 328 328 328 328 328 328 328 328 328 328 328 328 328 328 328 328 328 328 328 328 328 328 329 329 329 329 329 328 328 328 329 329 329 329 329 329 329 329 329 329 329 329 329 329 329 329 329 329 329 329 329 329 329 329 329 329 329 329 329 329 329 329 329 329 329 329 329 329 329 329 329 329 329 329 329 329 329 329 329 329 329 329 329 329 329 329 329 329 329 329 329 329 329 329 329 329 329 329 329 329 329 329 329 329 329 329 329 329 329 329 329 329 329 329 328 328 328 328 328 328 328 328 328 328 328 328 328 328 328 328 328 328 328 328 328 327 327 327 327 327 327 327 327 327 327 327 327 326 326 326 326 326 326 326 326 326 326 326 326 326 326 325 325 325 325 325 325 325 325 325 NA NA NA NA NA NA NA NA NA NA NA NA NA NA NA NA NA NA NA NA NA NA NA NA NA NA NA NA NA NA NA NA NA NA NA NA NA NA NA NA NA NA NA NA NA NA NA NA NA NA NA NA NA NA NA NA NA NA NA NA NA NA NA NA NA NA NA NA NA NA NA NA NA NA NA NA NA NA NA NA NA NA NA NA NA NA NA NA NA NA NA NA NA NA NA NA NA NA NA NA NA NA NA NA NA NA NA NA NA NA NA NA NA NA NA NA NA NA NA NA NA NA NA NA NA NA NA NA NA NA NA NA NA NA NA NA NA NA NA NA NA NA NA NA NA NA NA NA NA NA NA NA NA NA NA NA NA NA NA NA NA NA NA NA NA NA NA NA NA NA NA NA NA NA NA NA NA NA NA NA NA NA NA
NA NA NA NA NA NA NA NA NA NA NA NA NA NA NA NA NA NA NA NA NA NA NA NA NA NA NA NA NA NA NA NA NA NA 317 317 317 317 317 317 317 317 317 318 318 318 318 318 318 318 318 319 319 319 319 319 319 319 319 319 320 320 320 320 320 320 320 320 321 321 321 321 321 321 321 321 322 322 322 322 322 322 322 322 322 323 323 323 323 323 323 323 323 323 323 323 324 324 324 324 324 324 324 324 324 324 325 325 325 325 325 325 325 325 325 325 326 326 326 326 326 326 326 326 326 326 326 326 327 327 327 327 327 327 327 327 327 327 327 327 327 327 327 327 327 327 328 328 328 328 328 328 328 328 328 328 328 328 328 328 328 328 328 328 328 328 328 328 328 328 328 329 329 329 329 329 329 329 329 329 329 329 329 329 329 329 329 329 329 329 329 329 329 329 329 329 329 329 329 329 329 329 329 329 329 329 329 329 329 329 329 329 329 329 329 329 329 329 329 329 329 329 329 329 329 329 329 329 329 329 329 329 329 329 329 329 329 329 329 329 329 329 329 329 329 329 329 329 329 329 329 329 329 329 329 329 328 328 329 329 329 329 329 329 329 328 328 328 328 328 328 328 328 328 328 328 328 328 328 328 328 328 328 328 327 327 327 327 327 327 327 327 327 327 327 327 327 327 327 326 326 326 326 326 326 326 326 326 326 326 326 325 325 325 325 325 325 325 325 NA NA NA NA NA NA NA NA NA NA NA NA NA NA NA NA NA NA NA NA NA NA NA NA NA NA NA NA NA NA NA NA NA NA NA NA NA NA NA NA NA NA NA NA NA NA NA NA NA NA NA NA NA NA NA NA NA NA NA NA NA NA NA NA NA NA NA NA NA NA NA NA NA NA NA NA NA NA NA NA NA NA NA NA NA NA NA NA NA NA NA NA NA NA NA NA NA NA NA NA NA NA NA NA NA NA NA NA NA NA NA NA NA NA NA NA NA NA NA NA NA NA NA NA NA NA NA NA NA NA NA NA NA NA NA NA NA NA NA NA NA NA NA NA NA NA NA NA NA NA NA NA NA NA NA NA NA NA NA NA NA NA NA NA NA NA NA NA NA NA NA NA NA NA NA NA NA NA NA NA NA NA NA NA
NA NA NA NA NA NA NA NA NA NA NA NA NA NA NA NA NA NA NA NA NA NA NA NA NA NA NA NA NA NA NA NA NA NA NA 317 317 317 317 317 317 317 317 318 318 318 318 318 318 318 318 319 319 319 319 319 319 319 319 319 320 320 320 320 320 320 320 320 321 321 321 321 321 321 321 321 322 322 322 322 322 322 322 322 322 323 323 323 323 323 323 323 323 323 323 323 324 324 324 324 324 324 324 324 324 324 325 325 325 325 325 325 325 325 325 325 326 326 326 326 326 326 326 326 326 326 326 326 326 326 327 327 327 327 327 327 327 327 327 327 327 327 327 327 327 327 328 328 328 328 328 328 328 328 328 328 328 328 328 328 328 328 328 328 328 328 328 328 328 328 328 329 329 329 329 329 329 329 329 329 329 329 329 329 329 329 329 329 329 329 329 329 329 329 329 329 329 329 329 329 329 329 329 329 329 329 329 329 329 329 329 329 329 329 329 329 329 329 329 329 329 329 329 329 329 329 329 329 329 329 329 329 329 329 329 329 329 329 329 329 329 329 329 329 329 329 329 329 329 329 329 329 329 329 329 329 329 329 328 328 328 329 329 329 328 328 328 328 328 328 328 328 328 328 328 328 328 328 328 328 328 328 328 328 327 327 327 327 327 327 327 327 327 327 327 327 327 327 326 326 326 326 326 326 326 326 326 326 326 326 326 326 326 325 325 325 325 325 NA NA NA NA NA NA NA NA NA NA NA NA NA NA NA NA NA NA NA NA NA NA NA NA NA NA NA NA NA NA NA NA NA NA NA NA NA NA NA NA NA NA NA NA NA NA NA NA NA NA NA NA NA NA NA NA NA NA NA NA NA NA NA NA NA NA NA NA NA NA NA NA NA NA NA NA NA NA NA NA NA NA NA NA NA NA NA NA NA NA NA NA NA NA NA NA NA NA NA NA NA NA NA NA NA NA NA NA NA NA NA NA NA NA NA NA NA NA NA NA NA NA NA NA NA NA NA NA NA NA NA NA NA NA NA NA NA NA NA NA NA NA NA NA NA NA NA NA NA NA NA NA NA NA NA NA NA NA NA NA NA NA NA NA NA NA NA NA NA NA NA NA NA NA NA NA NA NA NA NA NA NA NA NA NA
NA NA NA NA NA NA NA NA NA NA NA NA NA NA NA NA NA NA NA NA NA NA NA NA NA NA NA NA NA NA NA NA NA NA 317 317 317 317 317 317 317 318 318 318 318 318 318 318 318 318 318 319 319 319 319 319 319 319 319 320 320 320 320 320 320 320 320 320 321 321 321 321 321 321 321 321 322 322 322 322 322 322 322 322 322 322 323 323 323 323 323 323 323 323 323 323 324 324 324 324 324 324 324 324 324 325 325 325 325 325 325 325 325 325 325 325 326 326 326 326 326 326 326 326 326 326 326 326 326 327 327 327 327 327 327 327 327 327 327 327 327 327 327 327 327 327 328 328 328 328 328 328 328 328 328 328 328 328 328 328 328 328 328 328 328 328 328 328 328 328 329 329 329 329 329 329 329 329 329 329 329 329 329 329 329 329 329 329 329 329 329 329 329 329 329 329 329 329 329 329 329 329 329 329 329 329 329 329 329 329 329 329 329 329 329 329 329 329 329 329 329 329 329 329 329 329 329 329 329 329 329 329 329 329 329 329 329 329 329 329 329 329 329 329 329 329 329 329 329 329 329 329 329 329 329 329 329 329 329 328 328 328 328 328 328 328 328 328 328 328 328 328 328 328 328 328 328 328 328 328 328 328 328 328 328 327 327 327 327 327 327 327 327 327 327 327 327 327 327 326 326 326 326 326 326 326 326 326 326 326 326 326 325 325 325 325 325 NA NA NA NA NA NA NA NA NA NA NA NA NA NA NA NA NA NA NA NA NA NA NA NA NA NA NA NA NA NA NA NA NA NA NA NA NA NA NA NA NA NA NA NA NA NA NA NA NA NA NA NA NA NA NA NA NA NA NA NA NA NA NA NA NA NA NA NA NA NA NA NA NA NA NA NA NA NA NA NA NA NA NA NA NA NA NA NA NA NA NA NA NA NA NA NA NA NA NA NA NA NA NA NA NA NA NA NA NA NA NA NA NA NA NA NA NA NA NA NA NA NA NA NA NA NA NA NA NA NA NA NA NA NA NA NA NA NA NA NA NA NA NA NA NA NA NA NA NA NA NA NA NA NA NA NA NA NA NA NA NA NA NA NA NA NA NA NA NA NA NA NA NA NA NA NA NA NA NA NA NA NA NA NA NA NA
NA NA NA NA NA NA NA NA NA NA NA NA NA NA NA NA NA NA NA NA NA NA NA NA NA NA NA NA NA NA NA NA NA NA 317 317 317 317 317 317 317 318 318 318 318 318 318 318 318 318 318 319 319 319 319 319 319 319 319 320 320 320 320 320 320 320 320 321 321 321 321 321 321 321 321 321 322 322 322 322 322 322 322 322 322 322 323 323 323 323 323 323 323 323 323 323 324 324 324 324 324 324 324 324 324 324 325 325 325 325 325 325 325 325 325 325 325 326 326 326 326 326 326 326 326 326 326 326 326 327 327 327 327 327 327 327 327 327 327 327 327 327 327 327 327 327 328 328 328 328 328 328 328 328 328 328 328 328 328 328 328 328 328 328 328 328 328 328 328 329 329 329 329 329 329 329 329 329 329 329 329 329 329 329 329 329 329 329 329 329 329 329 329 329 329 329 329 329 329 329 329 329 329 329 329 329 329 329 329 329 329 329 329 329 329 329 329 329 329 329 329 329 329 329 329 329 329 329 329 329 329 329 329 329 329 329 329 329 329 329 329 329 329 329 329 329 329 329 329 329 329 329 329 329 329 329 329 329 329 329 328 328 328 328 328 328 328 328 328 328 328 328 328 328 328 328 328 328 328 328 328 328 328 328 328 328 327 327 327 327 327 327 327 327 327 327 327 327 327 326 326 326 326 326 326 326 326 326 326 326 326 325 325 325 325 325 325 NA NA NA NA NA NA NA NA NA NA NA NA NA NA NA NA NA NA NA NA NA NA NA NA NA NA NA NA NA NA NA NA NA NA NA NA NA NA NA NA NA NA NA NA NA NA NA NA NA NA NA NA NA NA NA NA NA NA NA NA NA NA NA NA NA NA NA NA NA NA NA NA NA NA NA NA NA NA NA NA NA NA NA NA NA NA NA NA NA NA NA NA NA NA NA NA NA NA NA NA NA NA NA NA NA NA NA NA NA NA NA NA NA NA NA NA NA NA NA NA NA NA NA NA NA NA NA NA NA NA NA NA NA NA NA NA NA NA NA NA NA NA NA NA NA NA NA NA NA NA NA NA NA NA NA NA NA NA NA NA NA NA NA NA NA NA NA NA NA NA NA NA NA NA NA NA NA NA NA NA NA NA NA NA NA NA
NA NA NA NA NA NA NA NA NA NA NA NA NA NA NA NA NA NA NA NA NA NA NA NA NA NA NA NA NA NA NA NA NA NA 317 317 317 317 317 317 317 318 318 318 318 318 318 318 318 318 318 319 319 319 319 319 319 319 319 320 320 320 320 320 320 320 320 321 321 321 321 321 321 321 321 321 322 322 322 322 322 322 322 322 322 322 323 323 323 323 323 323 323 323 323 324 324 324 324 324 324 324 324 324 324 324 325 325 325 325 325 325 325 325 325 325 325 326 326 326 326 326 326 326 326 326 326 326 326 327 327 327 327 327 327 327 327 327 327 327 327 327 327 327 327 328 328 328 328 328 328 328 328 328 328 328 328 328 328 328 328 328 328 328 328 328 328 328 328 329 329 329 329 329 329 329 329 329 329 329 329 329 329 329 329 329 329 329 329 329 329 329 329 329 329 329 329 329 329 329 329 329 329 329 329 329 329 329 329 329 329 329 329 329 329 329 329 329 329 329 329 329 329 329 329 329 329 329 329 329 329 329 329 329 329 329 329 329 329 329 329 329 329 329 329 329 329 329 329 329 329 329 329 329 329 329 329 329 329 329 329 328 328 328 328 328 328 328 328 328 328 328 328 328 328 328 328 328 328 328 328 328 328 328 328 327 327 327 327 327 327 327 327 327 327 327 327 327 327 327 326 326 326 326 326 326 326 326 326 326 326 325 325 325 325 325 NA NA NA NA NA NA NA NA NA NA NA NA NA NA NA NA NA NA NA NA NA NA NA NA NA NA NA NA NA NA NA NA NA NA NA NA NA NA NA NA NA NA NA NA NA NA NA NA NA NA NA NA NA NA NA NA NA NA NA NA NA NA NA NA NA NA NA NA NA NA NA NA NA NA NA NA NA NA NA NA NA NA NA NA NA NA NA NA NA NA NA NA NA NA NA NA NA NA NA NA NA NA NA NA NA NA NA NA NA NA NA NA NA NA NA NA NA NA NA NA NA NA NA NA NA NA NA NA NA NA NA NA NA NA NA NA NA NA NA NA NA NA NA NA NA NA NA NA NA NA NA NA NA NA NA NA NA NA NA NA NA NA NA NA NA NA NA NA NA NA NA NA NA NA NA NA NA NA NA NA NA NA NA NA NA NA NA
NA NA NA NA NA NA NA NA NA NA NA NA NA NA NA NA NA NA NA NA NA NA NA NA NA NA NA NA NA NA NA NA NA NA 317 317 317 317 317 317 317 318 317 318 318 318 318 318 318 318 319 319 319 319 319 319 319 319 319 320 320 320 320 320 320 320 320 321 321 321 321 321 321 321 321 321 322 322 322 322 322 322 322 322 322 322 323 323 323 323 323 323 323 323 323 324 324 324 324 324 324 324 324 324 324 324 325 325 325 325 325 325 325 325 325 325 325 326 326 326 326 326 326 326 326 326 326 326 326 326 327 327 327 327 327 327 327 327 327 327 327 327 327 327 327 327 328 328 328 328 328 328 328 328 328 328 328 328 328 328 328 328 328 328 328 328 328 328 328 329 329 329 329 329 329 329 329 329 329 329 329 329 329 329 329 329 329 329 329 329 329 329 329 329 329 329 329 329 329 329 329 329 329 329 329 329 329 329 329 329 329 329 329 329 329 329 329 329 329 329 329 329 329 329 329 329 329 329 329 329 329 329 329 329 329 329 329 329 329 329 329 329 330 329 329 329 329 329 329 329 329 329 329 329 329 329 329 329 329 329 329 329 328 328 328 328 328 328 328 328 328 328 328 328 328 328 328 328 328 328 328 328 328 328 328 328 327 327 327 327 327 327 327 327 327 327 327 327 327 327 326 326 326 326 326 326 326 326 326 326 325 325 325 325 325 325 NA NA NA NA NA NA NA NA NA NA NA NA NA NA NA NA NA NA NA NA NA NA NA NA NA NA NA NA NA NA NA NA NA NA NA NA NA NA NA NA NA NA NA NA NA NA NA NA NA NA NA NA NA NA NA NA NA NA NA NA NA NA NA NA NA NA NA NA NA NA NA NA NA NA NA NA NA NA NA NA NA NA NA NA NA NA NA NA NA NA NA NA NA NA NA NA NA NA NA NA NA NA NA NA NA NA NA NA NA NA NA NA NA NA NA NA NA NA NA NA NA NA NA NA NA NA NA NA NA NA NA NA NA NA NA NA NA NA NA NA NA NA NA NA NA NA NA NA NA NA NA NA NA NA NA NA NA NA NA NA NA NA NA NA NA NA NA NA NA NA NA NA NA NA NA NA NA NA NA NA NA NA NA NA NA NA NA
NA NA NA NA NA NA NA NA NA NA NA NA NA NA NA NA NA NA NA NA NA NA NA NA NA NA NA NA NA NA NA NA NA 317 317 317 317 317 317 317 317 318 318 318 318 318 318 318 318 318 319 319 319 319 319 319 319 319 320 320 320 320 320 320 320 320 320 321 321 321 321 321 321 321 321 321 322 322 322 322 322 322 322 322 322 322 323 323 323 323 323 323 323 323 323 324 324 324 324 324 324 324 324 324 324 325 325 325 325 325 325 325 325 325 325 325 325 326 326 326 326 326 326 326 326 326 326 326 326 327 327 327 327 327 327 327 327 327 327 327 327 327 327 327 327 327 328 328 328 328 328 328 328 328 328 328 328 328 328 328 328 328 328 328 328 328 328 328 329 329 329 329 329 329 329 329 329 329 329 329 329 329 329 329 329 329 329 329 329 329 329 329 329 329 329 329 329 329 329 329 329 329 329 329 329 329 329 329 329 329 329 329 329 330 330 330 329 330 330 330 330 330 329 329 329 329 329 329 329 329 329 329 329 329 329 329 329 329 329 329 329 329 330 330 329 329 329 329 329 329 329 329 329 329 329 329 329 329 329 329 329 329 329 329 328 328 328 328 328 328 328 328 328 328 328 328 328 328 328 328 328 328 328 328 328 328 327 327 327 327 327 327 327 327 327 327 327 327 327 326 326 326 326 326 326 326 326 326 326 325 325 325 325 325 325 NA NA NA NA NA NA NA NA NA NA NA NA NA NA NA NA NA NA NA NA NA NA NA NA NA NA NA NA NA NA NA NA NA NA NA NA NA NA NA NA NA NA NA NA NA NA NA NA NA NA NA NA NA NA NA NA NA NA NA NA NA NA NA NA NA NA NA NA NA NA NA NA NA NA NA NA NA NA NA NA NA NA NA NA NA NA NA NA NA NA NA NA NA NA NA NA NA NA NA NA NA NA NA NA NA NA NA NA NA NA NA NA NA NA NA NA NA NA NA NA NA NA NA NA NA NA NA NA NA NA NA NA NA NA NA NA NA NA NA NA NA NA NA NA NA NA NA NA NA NA NA NA NA NA NA NA NA NA NA NA NA NA NA NA NA NA NA NA NA NA NA NA NA NA NA NA NA NA NA NA NA NA NA NA NA NA NA NA
NA NA NA NA NA NA NA NA NA NA NA NA NA NA NA NA NA NA NA NA NA NA NA NA NA NA NA NA NA NA NA NA NA NA 317 317 317 317 317 317 317 318 318 318 318 318 318 318 318 318 319 319 319 319 319 319 319 319 320 320 320 320 320 320 320 320 320 321 321 321 321 321 321 321 321 321 322 322 322 322 322 322 322 322 322 323 323 323 323 323 323 323 323 323 323 324 324 324 324 324 324 324 324 324 324 325 325 325 325 325 325 325 325 325 325 325 325 326 326 326 326 326 326 326 326 326 326 326 326 327 327 327 327 327 327 327 327 327 327 327 327 327 327 327 327 327 328 328 328 328 328 328 328 328 328 328 328 328 328 328 328 328 328 328 328 328 328 328 328 329 329 329 329 329 329 329 329 329 329 329 329 329 329 329 329 329 329 329 329 329 329 329 329 329 329 329 329 329 329 329 329 329 329 329 329 329 329 329 330 330 330 330 330 330 330 330 330 330 330 330 330 330 330 330 329 329 329 329 329 329 329 329 329 329 329 329 329 329 329 329 329 330 330 330 329 329 329 329 329 329 329 329 329 329 329 329 329 329 329 329 329 329 329 329 329 328 328 328 328 328 328 328 328 328 328 328 328 328 328 328 328 328 328 328 328 328 327 327 327 327 327 327 327 327 327 327 327 327 327 327 326 326 326 326 326 326 326 326 326 326 NA NA NA NA NA NA NA NA NA NA NA NA NA NA NA NA NA NA NA NA NA NA NA NA NA NA NA NA NA NA NA NA NA NA NA NA NA NA NA NA NA NA NA NA NA NA NA NA NA NA NA NA NA NA NA NA NA NA NA NA NA NA NA NA NA NA NA NA NA NA NA NA NA NA NA NA NA NA NA NA NA NA NA NA NA NA NA NA NA NA NA NA NA NA NA NA NA NA NA NA NA NA NA NA NA NA NA NA NA NA NA NA NA NA NA NA NA NA NA NA NA NA NA NA NA NA NA NA NA NA NA NA NA NA NA NA NA NA NA NA NA NA NA NA NA NA NA NA NA NA NA NA NA NA NA NA NA NA NA NA NA NA NA NA NA NA NA NA NA NA NA NA NA NA NA NA NA NA NA NA NA NA NA NA NA NA NA NA NA NA NA NA NA
NA NA NA NA NA NA NA NA NA NA NA NA NA NA NA NA NA NA NA NA NA NA NA NA NA NA NA NA NA NA NA NA NA NA 317 317 317 317 317 317 318 318 318 318 318 318 318 318 318 318 319 319 319 319 319 319 319 319 320 320 320 320 320 320 320 320 320 321 321 321 321 321 321 321 321 321 322 322 322 322 322 322 322 322 322 323 323 323 323 323 323 323 323 323 324 324 324 324 324 324 324 324 324 324 324 325 325 325 325 325 325 325 325 325 325 325 325 326 326 326 326 326 326 326 326 326 326 326 326 326 327 327 327 327 327 327 327 327 327 327 327 327 327 327 327 327 327 328 328 328 328 328 328 328 328 328 328 328 328 328 328 328 328 328 328 328 328 328 329 329 329 329 329 329 329 329 329 329 329 329 329 329 329 329 329 329 329 329 329 329 329 329 329 329 329 329 329 329 329 329 329 329 329 329 329 330 330 330 330 330 330 330 330 330 330 330 330 330 330 330 330 330 330 330 329 330 329 329 329 329 329 329 329 329 329 329 329 329 329 329 329 330 330 330 330 329 329 329 329 329 329 329 329 329 329 329 329 329 329 329 329 329 329 329 329 329 328 328 328 328 328 328 328 328 328 328 328 328 328 328 328 328 328 328 328 328 327 327 327 327 327 327 327 327 327 327 327 327 327 327 327 326 326 326 326 NA NA NA NA NA NA NA NA NA NA NA NA NA NA NA NA NA NA NA NA NA NA NA NA NA NA NA NA NA NA NA NA NA NA NA NA NA NA NA NA NA NA NA NA NA NA NA NA NA NA NA NA NA NA NA NA NA NA NA NA NA NA NA NA NA NA NA NA NA NA NA NA NA NA NA NA NA NA NA NA NA NA NA NA NA NA NA NA NA NA NA NA NA NA NA NA NA NA NA NA NA NA NA NA NA NA NA NA NA NA NA NA NA NA NA NA NA NA NA NA NA NA NA NA NA NA NA NA NA NA NA NA NA NA NA NA NA NA NA NA NA NA NA NA NA NA NA NA NA NA NA NA NA NA NA NA NA NA NA NA NA NA NA NA NA NA NA NA NA NA NA NA NA NA NA NA NA NA NA NA NA NA NA NA NA NA NA NA NA NA NA NA NA NA NA NA NA NA
NA NA NA NA NA NA NA NA NA NA NA NA NA NA NA NA NA NA NA NA NA NA NA NA NA NA NA NA NA NA NA NA NA NA 317 317 317 317 317 317 318 318 318 318 318 318 318 318 318 318 319 319 319 319 319 319 319 319 319 320 320 320 320 320 320 320 320 321 321 321 321 321 321 321 321 322 322 322 322 322 322 322 322 322 322 323 323 323 323 323 323 323 323 323 324 324 324 324 324 324 324 324 324 324 324 325 325 325 325 325 325 325 325 325 325 325 325 326 326 326 326 326 326 326 326 326 326 326 326 326 327 327 327 327 327 327 327 327 327 327 327 327 327 327 327 327 328 328 328 328 328 328 328 328 328 328 328 328 328 328 328 328 328 328 328 328 328 328 328 329 329 329 329 329 329 329 329 329 329 329 329 329 329 329 329 329 329 329 329 329 329 329 329 329 329 329 329 329 329 329 329 329 329 330 330 330 330 330 330 330 330 330 330 330 330 330 330 330 330 330 330 330 330 330 330 330 329 329 329 329 329 329 329 329 329 329 329 329 329 329 329 330 330 330 330 330 329 329 329 329 329 329 329 329 329 329 329 329 329 329 329 329 329 329 329 329 329 328 328 328 328 328 328 328 328 328 328 328 328 328 328 328 328 328 328 328 327 327 327 327 327 327 327 327 327 327 327 327 327 327 327 326 326 326 326 326 NA NA NA NA NA NA NA NA NA NA NA NA NA NA NA NA NA NA NA NA NA NA NA NA NA NA NA NA NA NA NA NA NA NA NA NA NA NA NA NA NA NA NA NA NA NA NA NA NA NA NA NA NA NA NA NA NA NA NA NA NA NA NA NA NA NA NA NA NA NA NA NA NA NA NA NA NA NA NA NA NA NA NA NA NA NA NA NA NA NA NA NA NA NA NA NA NA NA NA NA NA NA NA NA NA NA NA NA NA NA NA NA NA NA NA NA NA NA NA NA NA NA NA NA NA NA NA NA NA NA NA NA NA NA NA NA NA NA NA NA NA NA NA NA NA NA NA NA NA NA NA NA NA NA NA NA NA NA NA NA NA NA NA NA NA NA NA NA NA NA NA NA NA NA NA NA NA NA NA NA NA NA NA NA NA NA NA NA NA NA NA NA NA NA NA NA NA
NA NA NA NA NA NA NA NA NA NA NA NA NA NA NA NA NA NA NA NA NA NA NA NA NA NA NA NA NA NA NA NA NA NA 317 317 317 317 317 317 318 318 318 318 318 318 318 318 318 318 319 319 319 319 319 319 319 319 320 320 320 320 320 320 320 320 320 321 321 321 321 321 321 321 321 321 322 322 322 322 322 322 322 322 322 323 323 323 323 323 323 323 323 323 323 324 324 324 324 324 324 324 324 324 324 325 325 325 325 325 325 325 325 325 325 325 325 326 326 326 326 326 326 326 326 326 326 326 326 326 327 327 327 327 327 327 327 327 327 327 327 327 327 327 327 327 327 328 328 328 328 328 328 328 328 328 328 328 328 328 328 328 328 328 328 328 328 329 329 329 329 329 329 329 329 329 329 329 329 329 329 329 329 329 329 329 329 329 329 329 329 329 329 329 329 329 329 329 329 329 329 330 330 330 330 330 330 330 330 330 330 330 330 330 330 330 330 330 330 330 330 330 330 330 330 330 329 329 329 329 330 330 329 329 329 329 329 329 329 329 329 329 330 330 330 330 329 329 329 329 329 329 329 329 329 329 329 329 329 329 329 329 329 329 329 329 329 329 328 328 328 328 328 328 328 328 328 328 328 328 328 328 328 328 328 328 328 327 327 327 327 327 327 327 327 327 327 327 327 327 326 326 326 326 326 326 326 326 NA NA NA NA NA NA NA NA NA NA NA NA NA NA NA NA NA NA NA NA NA NA NA NA NA NA NA NA NA NA NA NA NA NA NA NA NA NA NA NA NA NA NA NA NA NA NA NA NA NA NA NA NA NA NA NA NA NA NA NA NA NA NA NA NA NA NA NA NA NA NA NA NA NA NA NA NA NA NA NA NA NA NA NA NA NA NA NA NA NA NA NA NA NA NA NA NA NA NA NA NA NA NA NA NA NA NA NA NA NA NA NA NA NA NA NA NA NA NA NA NA NA NA NA NA NA NA NA NA NA NA NA NA NA NA NA NA NA NA NA NA NA NA NA NA NA NA NA NA NA NA NA NA NA NA NA NA NA NA NA NA NA NA NA NA NA NA NA NA NA NA NA NA NA NA NA NA NA NA NA NA NA NA NA NA NA NA NA NA NA NA NA NA NA NA
NA NA NA NA NA NA NA NA NA NA NA NA NA NA NA NA NA NA NA NA NA NA NA NA NA NA NA NA NA NA NA NA NA 317 317 317 317 317 317 317 317 318 318 318 318 318 318 318 318 319 319 319 319 319 319 319 319 320 320 320 320 320 320 320 320 320 321 321 321 321 321 321 321 321 321 322 322 322 322 322 322 322 322 322 323 323 323 323 323 323 323 323 324 324 324 324 324 324 324 324 324 324 324 325 325 325 325 325 325 325 325 325 325 325 326 326 326 326 326 326 326 326 326 326 326 326 326 326 326 327 327 327 327 327 327 327 327 327 327 327 327 327 328 328 328 328 328 328 328 328 328 328 328 328 328 328 328 328 328 328 328 329 329 329 329 329 329 329 329 329 329 329 329 329 329 329 329 329 329 329 329 329 329 329 329 329 329 329 329 329 329 329 330 330 330 330 330 330 330 330 330 330 330 330 330 330 330 330 330 330 330 330 330 330 330 330 330 330 330 330 330 330 330 330 330 330 330 330 330 330 330 330 330 330 330 330 330 330 330 330 330 330 330 330 330 330 330 330 330 330 330 330 330 330 330 330 329 329 329 329 329 329 329 329 329 329 329 329 329 329 329 329 329 329 329 328 328 328 328 328 328 328 328 328 328 328 328 328 328 328 328 328 327 327 327 327 327 327 327 327 327 327 326 326 326 326 326 326 326 326 326 NA NA NA NA NA NA NA NA NA NA NA NA NA NA NA NA NA NA NA NA NA NA NA NA NA NA NA NA NA NA NA NA NA NA NA NA NA NA NA NA NA NA NA NA NA NA NA NA NA NA NA NA NA NA NA NA NA NA NA NA NA NA NA NA NA NA NA NA NA NA NA NA NA NA NA NA NA NA NA NA NA NA NA NA NA NA NA NA NA NA NA NA NA NA NA NA NA NA NA NA NA NA NA NA NA NA NA NA NA NA NA NA NA NA NA NA NA NA NA NA NA NA NA NA NA NA NA NA NA NA NA NA NA NA NA NA NA NA NA NA NA NA NA NA NA NA NA NA NA NA NA NA NA NA NA NA NA NA NA NA NA NA NA NA NA NA NA NA NA NA NA NA NA NA NA NA NA NA NA NA NA NA NA NA NA NA NA NA NA NA NA NA
NA NA NA NA NA NA NA NA NA NA NA NA NA NA NA NA NA NA NA NA NA NA NA NA NA NA NA NA NA NA NA 316 317 317 317 317 317 317 317 317 317 318 318 318 318 318 318 318 318 319 319 319 319 319 319 319 319 320 320 320 320 320 320 320 320 320 321 321 321 321 321 321 321 321 321 322 322 322 322 322 322 322 322 322 323 323 323 323 323 323 323 323 324 324 324 324 324 324 324 324 324 324 324 325 325 325 325 325 325 325 325 325 325 325 326 326 326 326 326 326 326 326 326 326 326 326 326 326 326 326 327 327 327 327 327 327 327 327 327 327 327 327 328 328 328 328 328 328 328 328 328 328 328 328 328 328 328 328 328 328 328 329 329 329 329 329 329 329 329 329 329 329 329 329 329 329 329 329 329 329 329 329 329 329 329 329 329 329 329 329 329 329 330 330 330 330 330 330 330 330 330 330 330 330 330 330 330 330 330 330 330 330 330 330 330 330 330 330 330 330 330 330 330 330 330 330 330 330 330 330 330 330 330 330 330 330 330 330 330 330 330 330 330 330 330 330 330 330 330 330 330 330 330 330 330 330 330 330 330 329 329 329 329 329 329 329 329 329 329 329 329 329 329 329 329 328 328 328 328 328 328 328 328 328 328 328 328 328 328 328 328 328 327 327 327 327 327 327 327 327 327 327 326 326 326 326 326 326 326 326 326 NA NA NA NA NA NA NA NA NA NA NA NA NA NA NA NA NA NA NA NA NA NA NA NA NA NA NA NA NA NA NA NA NA NA NA NA NA NA NA NA NA NA NA NA NA NA NA NA NA NA NA NA NA NA NA NA NA NA NA NA NA NA NA NA NA NA NA NA NA NA NA NA NA NA NA NA NA NA NA NA NA NA NA NA NA NA NA NA NA NA NA NA NA NA NA NA NA NA NA NA NA NA NA NA NA NA NA NA NA NA NA NA NA NA NA NA NA NA NA NA NA NA NA NA NA NA NA NA NA NA NA NA NA NA NA NA NA NA NA NA NA NA NA NA NA NA NA NA NA NA NA NA NA NA NA NA NA NA NA NA NA NA NA NA NA NA NA NA NA NA NA NA NA NA NA NA NA NA NA NA NA NA NA NA NA NA NA NA NA NA NA NA
NA NA NA NA NA NA NA NA NA NA NA NA NA NA NA NA NA NA NA NA NA NA NA NA NA NA NA NA 316 316 316 316 317 317 317 317 317 317 NA 317 317 318 318 318 318 318 318 318 319 319 319 319 319 319 319 319 319 320 320 320 320 320 320 320 320 320 321 321 321 321 321 321 321 321 321 322 322 322 322 322 322 322 322 322 323 323 323 323 323 323 323 323 323 324 324 324 324 324 324 324 324 324 324 325 325 325 325 325 325 325 325 325 325 325 325 326 326 326 326 326 326 326 326 326 326 326 326 326 326 326 327 327 327 327 327 327 327 327 327 327 327 327 328 328 328 328 328 328 328 328 328 328 328 328 328 328 328 328 328 328 328 329 329 329 329 329 329 329 329 329 329 329 329 329 329 329 329 329 329 329 329 329 329 329 329 329 329 329 329 329 329 330 330 330 330 330 330 330 330 330 330 330 330 330 330 330 330 330 330 330 330 330 330 330 330 330 330 330 330 330 330 330 330 330 330 330 330 330 330 330 330 330 330 330 330 330 330 330 330 330 330 330 330 330 330 330 330 330 330 330 330 330 330 330 330 330 330 330 330 330 329 329 329 329 329 329 329 329 329 329 329 329 329 329 329 329 328 328 328 328 328 328 328 328 328 328 328 328 328 328 328 328 327 327 327 327 327 327 327 327 327 327 327 327 326 326 326 326 326 326 326 NA NA NA NA NA NA NA NA NA NA NA NA NA NA NA NA NA NA NA NA NA NA NA NA NA NA NA NA NA NA NA NA NA NA NA NA NA NA NA NA NA NA NA NA NA NA NA NA NA NA NA NA NA NA NA NA NA NA NA NA NA NA NA NA NA NA NA NA NA NA NA NA NA NA NA NA NA NA NA NA NA NA NA NA NA NA NA NA NA NA NA NA NA NA NA NA NA NA NA NA NA NA NA NA NA NA NA NA NA NA NA NA NA NA NA NA NA NA NA NA NA NA NA NA NA NA NA NA NA NA NA NA NA NA NA NA NA NA NA NA NA NA NA NA NA NA NA NA NA NA NA NA NA NA NA NA NA NA NA NA NA NA NA NA NA NA NA NA NA NA NA NA NA NA NA NA NA NA NA NA NA NA NA NA NA NA NA NA NA NA NA NA
NA NA NA NA NA NA NA NA NA NA NA NA NA NA NA NA NA NA NA NA NA NA NA NA NA NA NA NA NA NA NA NA NA NA 317 317 NA NA NA NA 318 318 318 318 318 318 318 318 319 319 319 319 319 319 319 319 319 320 320 320 320 320 320 320 320 321 321 321 321 321 321 321 321 321 322 322 322 322 322 322 322 322 322 322 323 323 323 323 323 323 323 323 323 324 324 324 324 324 324 324 324 324 324 325 325 325 325 325 325 325 325 325 325 325 326 326 326 326 326 326 326 326 326 326 326 326 326 326 326 327 327 327 327 327 327 327 327 327 327 327 327 327 328 328 328 328 328 328 328 328 328 328 328 328 328 328 328 328 328 328 328 329 329 329 329 329 329 329 329 329 329 329 329 329 329 329 329 329 329 329 329 329 329 329 329 329 329 329 329 329 330 330 330 330 330 330 330 330 330 330 330 330 330 330 330 330 330 330 330 330 330 330 330 330 330 330 330 330 330 330 330 330 330 330 330 330 330 330 330 330 330 330 330 330 330 330 330 330 330 330 330 330 330 330 330 330 330 330 330 330 330 330 330 330 330 330 330 330 330 330 330 330 329 329 329 329 329 329 329 329 329 329 329 329 329 329 329 328 328 328 328 328 328 328 328 328 328 328 328 328 328 328 327 327 327 327 327 327 327 327 327 327 327 327 326 326 326 326 326 326 326 NA NA NA NA NA NA NA NA NA NA NA NA NA NA NA NA NA NA NA NA NA NA NA NA NA NA NA NA NA NA NA NA NA NA NA NA NA NA NA NA NA NA NA NA NA NA NA NA NA NA NA NA NA NA NA NA NA NA NA NA NA NA NA NA NA NA NA NA NA NA NA NA NA NA NA NA NA NA NA NA NA NA NA NA NA NA NA NA NA NA NA NA NA NA NA NA NA NA NA NA NA NA NA NA NA NA NA NA NA NA NA NA NA NA NA NA NA NA NA NA NA NA NA NA NA NA NA NA NA NA NA NA NA NA NA NA NA NA NA NA NA NA NA NA NA NA NA NA NA NA NA NA NA NA NA NA NA NA NA NA NA NA NA NA NA NA NA NA NA NA NA NA NA NA NA NA NA NA NA NA NA NA NA NA NA NA NA NA NA NA NA NA
NA NA NA NA NA NA NA NA NA NA NA NA NA NA NA NA NA NA NA NA NA NA NA NA NA NA NA NA NA NA NA NA NA NA NA NA NA NA NA NA 318 318 318 318 318 318 318 318 319 319 319 319 319 319 319 319 319 320 320 320 320 320 320 320 320 321 321 321 321 321 321 321 321 321 322 322 322 322 322 322 322 322 322 322 323 323 323 323 323 323 323 323 323 324 324 324 324 324 324 324 324 324 324 325 325 325 325 325 325 325 325 325 325 325 326 326 326 326 326 326 326 326 326 326 326 326 326 327 327 327 327 327 327 327 327 327 327 327 327 327 327 327 328 328 328 328 328 328 328 328 328 328 328 328 328 328 328 328 328 328 328 329 329 329 329 329 329 329 329 329 329 329 329 329 329 329 329 329 329 329 329 329 329 329 329 329 329 329 329 330 330 330 330 330 330 330 330 330 330 330 330 330 330 330 330 330 330 330 330 330 330 330 330 330 330 330 330 330 330 330 330 330 330 330 330 330 330 330 330 330 330 330 330 330 330 330 330 330 330 330 330 330 330 330 330 330 330 330 330 330 330 330 330 330 330 330 330 330 330 330 330 330 329 329 329 329 329 329 329 329 329 329 329 329 329 329 329 329 328 328 328 328 328 328 328 328 328 328 328 328 328 328 327 327 327 327 327 327 327 327 327 327 327 327 326 326 326 326 326 326 326 326 326 NA NA NA 326 326 326 NA NA NA NA NA NA NA NA NA NA NA NA NA NA NA NA NA NA NA NA NA NA NA NA NA NA NA NA NA NA NA NA NA NA NA NA NA NA NA NA NA NA NA NA NA NA NA NA NA NA NA NA NA NA NA NA NA NA NA NA NA NA NA NA NA NA NA NA NA NA NA NA NA NA NA NA NA NA NA NA NA NA NA NA NA NA NA NA NA NA NA NA NA NA NA NA NA NA NA NA NA NA NA NA NA NA NA NA NA NA NA NA NA NA NA NA NA NA NA NA NA NA NA NA NA NA NA NA NA NA NA NA NA NA NA NA NA NA NA NA NA NA NA NA NA NA NA NA NA NA NA NA NA NA NA NA NA NA NA NA NA NA NA NA NA NA NA NA NA NA NA NA NA NA NA NA NA NA NA NA NA NA NA NA
NA NA NA NA NA NA NA NA NA NA NA NA NA NA NA NA NA NA NA NA NA NA NA NA NA NA NA NA NA NA NA NA NA NA NA NA NA NA NA NA NA 318 318 318 318 318 318 319 319 319 319 319 319 319 319 319 319 320 320 320 320 320 320 320 320 321 321 321 321 321 321 321 321 321 322 322 322 322 322 322 322 322 322 322 323 323 323 323 323 323 323 323 323 324 324 324 324 324 324 324 324 324 324 325 325 325 325 325 325 325 325 325 325 325 326 326 326 326 326 326 326 326 326 326 326 326 326 326 327 327 327 327 327 327 327 327 327 327 327 327 327 327 328 328 328 328 328 328 328 328 328 328 328 328 328 328 328 328 328 328 328 329 329 329 329 329 329 329 329 329 329 329 329 329 329 329 329 329 329 329 329 329 329 329 329 329 329 329 330 330 330 330 330 330 330 330 330 330 330 330 330 330 330 330 330 330 330 330 330 330 330 330 330 330 330 330 330 330 330 330 330 330 330 330 330 330 330 330 330 330 330 330 330 330 330 330 330 330 330 330 330 330 330 330 330 330 330 330 330 330 330 330 330 330 330 330 330 330 330 330 330 330 330 329 329 329 329 329 329 329 329 329 329 329 329 329 329 329 329 329 328 328 328 328 328 328 328 328 328 328 328 328 327 327 327 327 327 327 327 327 327 327 327 327 326 326 326 326 326 326 326 326 326 326 326 326 326 326 326 326 325 NA NA NA NA NA NA NA NA NA NA NA NA NA NA NA NA NA NA NA NA NA NA NA NA NA NA NA NA NA NA NA NA NA NA NA NA NA NA NA NA NA NA NA NA NA NA NA NA NA NA NA NA NA NA NA NA NA NA NA NA NA NA NA NA NA NA NA NA NA NA NA NA NA NA NA NA NA NA NA NA NA NA NA NA NA NA NA NA NA NA NA NA NA NA NA NA NA NA NA NA NA NA NA NA NA NA NA NA NA NA NA NA NA NA NA NA NA NA NA NA NA NA NA NA NA NA NA NA NA NA NA NA NA NA NA NA NA NA NA NA NA NA NA NA NA NA NA NA NA NA NA NA NA NA NA NA NA NA NA NA NA NA NA NA NA NA NA NA NA NA NA NA NA NA NA NA NA NA NA NA NA NA
NA NA NA NA NA NA NA NA NA NA NA NA NA NA NA NA NA NA NA NA NA NA NA NA NA NA NA NA NA NA NA NA NA NA NA NA NA NA NA 317 318 318 318 318 318 318 318 319 319 319 319 319 319 319 319 319 319 320 320 320 320 320 320 320 320 321 321 321 321 321 321 321 321 321 322 322 322 322 322 322 322 322 322 322 323 323 323 323 323 323 323 323 323 324 324 324 324 324 324 324 324 324 324 325 325 325 325 325 325 325 325 325 325 325 325 326 326 326 326 326 326 326 326 326 326 326 326 327 327 327 327 327 327 327 327 327 327 327 327 327 327 327 328 328 328 328 328 328 328 328 328 328 328 328 328 328 328 328 328 328 329 329 329 329 329 329 329 329 329 329 329 329 329 329 329 329 329 329 329 329 329 329 329 329 329 329 329 329 330 330 330 330 330 330 330 330 330 330 330 330 330 330 330 330 330 330 330 330 330 330 330 330 330 330 330 330 330 330 330 330 330 330 330 330 330 330 330 330 330 330 330 330 330 330 330 330 330 330 330 330 330 330 330 330 330 330 330 330 330 330 330 330 330 330 330 330 330 330 330 330 330 330 330 330 329 329 329 329 329 329 329 329 329 329 329 329 329 329 329 329 329 329 328 328 328 328 328 328 328 328 328 327 327 327 327 327 327 327 327 327 327 327 327 327 327 326 326 326 326 326 326 326 326 326 326 326 326 326 326 326 326 325 325 325 NA NA NA NA NA NA NA NA NA NA NA NA NA NA NA NA NA NA NA NA NA NA NA NA NA NA NA NA NA NA NA NA NA NA NA NA NA NA NA NA NA NA NA NA NA NA NA NA NA NA NA NA NA NA NA NA NA NA NA NA NA NA NA NA NA NA NA NA NA NA NA NA NA NA NA NA NA NA NA NA NA NA NA NA NA NA NA NA NA NA NA NA NA NA NA NA NA NA NA NA NA NA NA NA NA NA NA NA NA NA NA NA NA NA NA NA NA NA NA NA NA NA NA NA NA NA NA NA NA NA NA NA NA NA NA NA NA NA NA NA NA NA NA NA NA NA NA NA NA NA NA NA NA NA NA NA NA NA NA NA NA NA NA NA NA NA NA NA NA NA NA NA NA NA NA NA NA NA NA
NA NA NA NA NA NA NA NA NA NA NA NA NA NA NA NA NA NA NA NA NA NA NA NA NA NA NA NA NA NA NA NA NA NA NA NA NA 317 317 317 318 318 318 318 318 318 318 319 319 319 319 319 319 319 319 319 320 320 320 320 320 320 320 320 320 321 321 321 321 321 321 321 321 321 322 322 322 322 322 322 322 322 322 323 323 323 323 323 323 323 323 323 323 324 324 324 324 324 324 324 324 324 324 325 325 325 325 325 325 325 325 325 325 325 325 326 326 326 326 326 326 326 326 326 326 326 326 327 327 327 327 327 327 327 327 327 327 327 327 327 327 327 328 328 328 328 328 328 328 328 328 328 328 328 328 328 328 328 328 328 329 329 329 329 329 329 329 329 329 329 329 329 329 329 329 329 329 329 329 329 329 329 329 329 329 329 329 330 330 330 330 330 330 330 330 330 330 330 330 330 330 330 330 330 330 330 330 330 330 330 330 330 330 330 330 330 330 330 330 330 330 330 330 330 330 330 330 330 330 330 330 330 330 330 330 330 330 330 330 330 330 330 330 330 330 330 330 330 330 330 330 330 330 330 330 330 330 330 330 330 330 330 330 330 329 329 329 329 329 329 329 329 329 329 329 329 329 329 329 329 328 328 328 328 328 328 328 328 328 328 328 327 327 327 327 327 327 327 327 327 327 327 327 327 327 327 327 326 326 326 326 326 326 326 326 326 326 326 326 326 325 325 325 325 325 325 325 NA NA NA NA NA NA NA NA NA NA NA NA NA NA NA NA NA NA NA NA NA NA NA NA NA NA NA NA NA NA NA NA NA NA NA NA NA NA NA NA NA NA NA NA NA NA NA NA NA NA NA NA NA NA NA NA NA NA NA NA NA NA NA NA NA NA NA NA NA NA NA NA NA NA NA NA NA NA NA NA NA NA NA NA NA NA NA NA NA NA NA NA NA NA NA NA NA NA NA NA NA NA NA NA NA NA NA NA NA NA NA NA NA NA NA NA NA NA NA NA NA NA NA NA NA NA NA NA NA NA NA NA NA NA NA NA NA NA NA NA NA NA NA NA NA NA NA NA NA NA NA NA NA NA NA NA NA NA NA NA NA NA NA NA NA NA NA NA NA NA NA NA NA NA NA NA
NA NA NA NA NA NA NA NA NA NA NA NA NA NA NA NA NA NA NA NA NA NA NA NA NA NA NA NA NA NA NA NA NA NA 317 317 317 317 317 318 318 318 318 318 318 318 318 319 319 319 319 319 319 319 319 319 319 320 320 320 320 320 320 320 320 321 321 321 321 321 321 321 321 321 322 322 322 322 322 322 322 322 322 323 323 323 323 323 323 323 323 323 323 324 324 324 324 324 324 324 324 324 324 325 325 325 325 325 325 325 325 325 325 325 325 326 326 326 326 326 326 326 326 326 326 326 326 327 327 327 327 327 327 327 327 327 327 327 327 327 327 327 328 328 328 328 328 328 328 328 328 328 328 328 328 328 328 328 328 328 328 329 329 329 329 329 329 329 329 329 329 329 329 329 329 329 329 329 329 329 329 329 329 329 329 329 329 329 330 330 330 330 330 330 330 330 330 330 330 330 330 330 330 330 330 330 330 330 330 330 330 330 330 330 330 330 330 330 330 330 330 330 330 330 330 330 330 330 330 330 330 330 330 330 330 330 330 330 330 330 330 330 330 330 330 330 330 330 330 330 330 330 330 330 330 330 330 330 330 330 330 330 330 330 330 330 329 329 329 329 329 329 329 329 329 329 329 329 329 329 329 328 328 328 328 328 328 328 328 328 327 327 327 327 327 327 327 327 327 327 327 327 327 327 327 327 327 327 326 326 326 326 326 326 326 326 326 326 326 326 325 325 325 325 325 325 325 325 NA NA NA NA NA NA NA NA NA NA NA NA NA NA NA NA NA NA NA NA NA NA NA NA NA NA NA NA NA NA NA NA NA NA NA NA NA NA NA NA NA NA NA NA NA NA NA NA NA NA NA NA NA NA NA NA NA NA NA NA NA NA NA NA NA NA NA NA NA NA NA NA NA NA NA NA NA NA NA NA NA NA NA NA NA NA NA NA NA NA NA NA NA NA NA NA NA NA NA NA NA NA NA NA NA NA NA NA NA NA NA NA NA NA NA NA NA NA NA NA NA NA NA NA NA NA NA NA NA NA NA NA NA NA NA NA NA NA NA NA NA NA NA NA NA NA NA NA NA NA NA NA NA NA NA NA NA NA NA NA NA NA NA NA NA NA NA NA NA NA NA NA NA NA NA
NA NA NA NA NA NA NA NA NA NA NA NA NA NA NA NA NA NA NA NA NA NA NA NA 316 316 NA NA NA NA NA NA 317 317 317 317 317 317 317 317 318 318 318 NA NA 318 318 319 319 319 319 319 319 319 319 319 319 320 320 320 320 320 320 320 320 321 321 321 321 321 321 321 321 321 322 322 322 322 322 322 322 322 322 323 323 323 323 323 323 323 323 323 323 324 324 324 324 324 324 324 324 324 324 324 325 325 325 325 325 325 325 325 325 325 325 326 326 326 326 326 326 326 326 326 326 326 326 326 327 327 327 327 327 327 327 327 327 327 327 327 327 327 328 328 328 328 328 328 328 328 328 328 328 328 328 328 328 328 328 328 329 329 329 329 329 329 329 329 329 329 329 329 329 329 329 329 329 329 329 329 329 329 329 329 329 329 329 330 330 330 330 330 330 330 330 330 330 330 330 330 330 330 330 330 330 330 330 330 330 330 330 330 330 330 330 330 330 330 330 330 330 330 330 330 330 330 330 330 330 330 330 330 330 330 330 330 330 330 330 330 330 330 330 330 330 330 330 330 330 330 330 330 330 330 330 330 330 330 330 330 330 330 330 330 330 330 329 329 329 329 329 329 329 329 329 329 329 329 329 329 329 329 328 328 328 328 328 328 328 328 327 327 327 327 327 327 327 327 327 327 327 327 327 327 327 327 327 327 326 326 326 326 326 326 326 326 326 326 326 326 326 325 325 325 325 325 325 325 325 NA NA NA NA NA NA NA NA NA NA NA NA NA NA NA NA NA NA NA NA NA NA NA NA NA NA NA NA NA NA NA NA NA NA NA NA NA NA NA NA NA NA NA NA NA NA NA NA NA NA NA NA NA NA NA NA NA NA NA NA NA NA NA NA NA NA NA NA NA NA NA NA NA NA NA NA NA NA NA NA NA NA NA NA NA NA NA NA NA NA NA NA NA NA NA NA NA NA NA NA NA NA NA NA NA NA NA NA NA NA NA NA NA NA NA NA NA NA NA NA NA NA NA NA NA NA NA NA NA NA NA NA NA NA NA NA NA NA NA NA NA NA NA NA NA NA NA NA NA NA NA NA NA NA NA NA NA NA NA NA NA NA NA NA NA NA NA NA NA NA NA NA NA NA
NA NA NA NA NA NA NA NA NA NA NA NA NA NA NA NA NA NA NA NA NA NA 315 316 316 316 316 NA NA NA NA NA 317 317 317 317 317 317 317 317 318 NA NA NA NA NA 318 319 319 319 319 319 NA 319 319 319 320 320 320 320 320 320 320 320 321 321 321 321 321 321 321 321 321 321 322 322 322 322 322 322 322 322 322 323 323 323 323 323 323 323 323 323 323 324 324 324 324 324 324 324 324 324 324 324 325 325 325 325 325 325 325 325 325 325 325 326 326 326 326 326 326 326 326 326 326 326 326 326 327 327 327 327 327 327 327 327 327 327 327 327 327 327 328 328 328 328 328 328 328 328 328 328 328 328 328 328 328 328 328 328 329 329 329 329 329 329 329 329 329 329 329 329 329 329 329 329 329 329 329 329 329 329 329 329 329 329 330 330 330 330 330 330 330 330 330 330 330 330 330 330 330 330 330 330 330 330 330 330 330 330 330 330 330 330 330 330 330 330 330 330 330 330 330 330 330 330 330 330 330 330 330 330 330 330 330 330 330 330 330 330 330 330 330 330 330 330 330 330 330 330 330 330 330 330 330 330 330 330 330 330 330 330 330 330 330 330 330 329 329 329 329 329 329 329 329 329 329 329 329 329 329 329 328 328 328 328 328 328 328 327 327 327 327 327 327 327 327 327 327 327 327 327 327 327 327 327 326 326 326 326 326 326 326 326 326 326 326 326 326 326 325 325 325 325 325 325 325 325 325 NA NA NA NA NA NA NA NA NA NA NA NA NA NA NA NA NA NA NA NA NA NA NA NA NA NA NA NA NA NA NA NA NA NA NA NA NA NA NA NA NA NA NA NA NA NA NA NA NA NA NA NA NA NA NA NA NA NA NA NA NA NA NA NA NA NA NA NA NA NA NA NA NA NA NA NA NA NA NA NA NA NA NA NA NA NA NA NA NA NA NA NA NA NA NA NA NA NA NA NA NA NA NA NA NA NA NA NA NA NA NA NA NA NA NA NA NA NA NA NA NA NA NA NA NA NA NA NA NA NA NA NA NA NA NA NA NA NA NA NA NA NA NA NA NA NA NA NA NA NA NA NA NA NA NA NA NA NA NA NA NA NA NA NA NA NA NA NA NA NA NA NA NA NA
NA NA NA NA NA NA NA NA NA NA NA NA NA NA NA NA NA NA NA NA NA 315 315 316 316 316 316 316 316 NA NA 317 317 317 317 317 317 317 317 317 NA NA NA NA NA NA NA 319 319 319 NA NA NA NA NA NA NA NA NA NA 320 320 320 320 321 321 321 321 321 321 321 321 321 321 322 322 322 322 322 322 322 322 322 323 323 323 323 323 323 323 323 323 323 324 324 324 324 324 324 324 324 324 324 325 325 325 325 325 325 325 325 325 325 325 325 326 326 326 326 326 326 326 326 326 326 326 326 326 327 327 327 327 327 327 327 327 327 327 327 327 327 327 328 328 328 328 328 328 328 328 328 328 328 328 328 328 328 328 328 328 329 329 329 329 329 329 329 329 329 329 329 329 329 329 329 329 329 329 329 329 329 329 329 329 329 329 330 330 330 330 330 330 330 330 330 330 330 330 330 330 330 330 330 330 330 330 330 330 330 330 330 330 330 330 330 330 330 330 330 330 330 330 330 330 330 330 330 330 330 330 330 330 330 330 330 330 330 330 330 330 330 330 330 330 330 330 330 330 330 330 330 330 330 330 330 330 330 330 330 330 330 330 330 330 330 330 330 329 329 329 329 329 329 329 329 329 329 329 329 329 329 329 329 328 328 328 328 328 328 327 327 327 327 327 327 327 327 327 327 327 327 327 327 327 327 326 326 326 326 326 326 326 326 326 326 326 326 326 326 326 325 325 325 325 325 325 325 325 325 NA NA NA NA NA NA NA NA NA NA NA NA NA NA NA NA NA NA NA NA NA NA NA NA NA NA NA NA NA NA NA NA NA NA NA NA NA NA NA NA NA NA NA NA NA NA NA NA NA NA NA NA NA NA NA NA NA NA NA NA NA NA NA NA NA NA NA NA NA NA NA NA NA NA NA NA NA NA NA NA NA NA NA NA NA NA NA NA NA NA NA NA NA NA NA NA NA NA NA NA NA NA NA NA NA NA NA NA NA NA NA NA NA NA NA NA NA NA NA NA NA NA NA NA NA NA NA NA NA NA NA NA NA NA NA NA NA NA NA NA NA NA NA NA NA NA NA NA NA NA NA NA NA NA NA NA NA NA NA NA NA NA NA NA NA NA NA NA NA NA NA NA NA NA
NA NA NA NA NA NA NA NA NA NA NA NA NA NA NA NA NA NA NA NA NA 315 316 316 316 316 316 316 316 316 317 317 317 317 317 317 317 NA NA NA NA NA NA NA NA NA NA NA NA NA NA NA NA NA NA NA NA NA NA NA NA NA 320 320 321 321 321 321 321 321 321 321 321 321 322 322 322 322 322 322 322 322 322 323 323 323 323 323 323 323 323 323 324 324 324 324 324 324 324 324 324 324 324 325 325 325 325 325 325 325 325 325 325 325 325 326 326 326 326 326 326 326 326 326 326 326 326 326 327 327 327 327 327 327 327 327 327 327 327 327 327 327 328 328 328 328 328 328 328 328 328 328 328 328 328 328 328 328 328 329 329 329 329 329 329 329 329 329 329 329 329 329 329 329 329 329 329 329 329 329 329 329 329 329 329 329 330 330 330 330 330 330 330 330 330 330 330 330 330 330 330 330 330 330 330 330 330 330 330 330 330 330 330 330 330 330 330 330 330 330 330 330 330 330 330 330 330 330 330 330 330 330 330 330 330 330 330 330 330 330 330 330 330 330 330 330 330 330 330 330 330 330 330 330 330 330 330 330 330 330 330 330 330 330 329 329 329 329 329 329 329 329 329 329 329 329 329 329 329 329 329 329 329 328 328 328 328 328 328 328 328 328 327 327 327 327 327 327 327 327 327 327 327 327 327 326 326 326 326 326 326 326 326 326 326 326 326 326 325 325 325 325 325 325 325 325 325 325 325 NA NA NA NA NA NA NA NA NA NA NA NA NA NA NA NA NA NA NA NA NA NA NA NA NA NA NA NA NA NA NA NA NA NA NA NA NA NA NA NA NA NA NA NA NA NA NA NA NA NA NA NA NA NA NA NA NA NA NA NA NA NA NA NA NA NA NA NA NA NA NA NA NA NA NA NA NA NA NA NA NA NA NA NA NA NA NA NA NA NA NA NA NA NA NA NA NA NA NA NA NA NA NA NA NA NA NA NA NA NA NA NA NA NA NA NA NA NA NA NA NA NA NA NA NA NA NA NA NA NA NA NA NA NA NA NA NA NA NA NA NA NA NA NA NA NA NA NA NA NA NA NA NA NA NA NA NA NA NA NA NA NA NA NA NA NA NA NA NA NA NA NA NA NA
NA NA NA NA NA NA NA NA NA NA NA NA NA NA NA NA NA NA NA NA NA NA 316 316 316 316 316 316 316 316 317 317 317 317 317 317 NA NA NA NA NA NA NA NA NA NA NA NA NA NA NA NA NA NA NA NA NA NA NA NA NA NA NA NA 321 321 321 321 321 321 321 321 321 321 322 322 322 322 322 322 322 322 322 323 323 323 323 323 323 323 323 323 324 324 324 324 324 324 324 324 324 324 324 325 325 325 325 325 325 325 325 325 325 325 325 326 326 326 326 326 326 326 326 326 326 326 326 326 327 327 327 327 327 327 327 327 327 327 327 327 327 327 328 328 328 328 328 328 328 328 328 328 328 328 328 328 328 328 328 329 329 329 329 329 329 329 329 329 329 329 329 329 329 329 329 329 329 329 329 329 329 329 329 329 329 329 330 330 330 330 330 330 330 330 330 330 330 330 330 330 330 330 330 330 330 330 330 330 330 330 330 330 330 330 330 330 330 330 330 330 330 330 330 330 330 330 330 330 330 330 330 330 330 330 330 330 330 330 330 330 330 330 330 330 330 330 330 330 330 330 330 330 330 330 330 330 330 330 330 330 330 330 329 329 329 329 329 329 329 329 329 329 329 329 329 329 329 329 329 329 329 329 329 328 328 328 328 328 328 328 328 328 327 327 327 327 327 327 327 327 327 327 327 327 327 327 327 327 326 326 326 326 326 326 326 326 326 326 326 325 325 325 325 325 325 325 NA NA NA NA NA NA NA NA NA NA NA NA NA NA NA NA NA NA NA NA NA NA NA NA NA NA NA NA NA NA NA NA NA NA NA NA NA NA NA NA NA NA NA NA NA NA NA NA NA NA NA NA NA NA NA NA NA NA NA NA NA NA NA NA NA NA NA NA NA NA NA NA NA NA NA NA NA NA NA NA NA NA NA NA NA NA NA NA NA NA NA NA NA NA NA NA NA NA NA NA NA NA NA NA NA NA NA NA NA NA NA NA NA NA NA NA NA NA NA NA NA NA NA NA NA NA NA NA NA NA NA NA NA NA NA NA NA NA NA NA NA NA NA NA NA NA NA NA NA NA NA NA NA NA NA NA NA NA NA NA NA NA NA NA NA NA NA NA NA NA NA NA NA NA NA NA NA
NA NA NA NA NA NA NA NA NA NA NA NA NA NA NA NA NA NA NA NA NA NA NA 316 316 316 316 316 316 316 317 317 317 NA NA NA NA NA NA NA NA NA NA NA NA NA NA NA NA NA NA NA NA NA NA NA NA NA NA NA NA NA NA NA NA NA 321 321 321 321 321 321 321 322 322 322 322 322 322 322 322 322 322 323 323 323 323 323 323 323 323 323 324 324 324 324 324 324 324 324 324 324 324 324 325 325 325 325 325 325 325 325 325 325 325 326 326 326 326 326 326 326 326 326 326 326 326 326 327 327 327 327 327 327 327 327 327 327 327 327 327 327 328 328 328 328 328 328 328 328 328 328 328 328 328 328 328 328 328 329 329 329 329 329 329 329 329 329 329 329 329 329 329 329 329 329 329 329 329 329 329 329 329 329 329 329 330 330 330 330 330 330 330 330 330 330 330 330 330 330 330 330 330 330 330 330 330 330 330 330 330 330 330 330 330 330 330 330 330 330 330 330 330 330 330 330 330 330 330 330 330 330 330 330 330 330 330 330 330 330 330 330 330 330 330 330 330 330 330 330 330 330 330 330 330 330 330 330 330 330 330 330 329 329 329 329 329 329 329 329 329 329 329 329 329 329 329 329 329 329 329 329 329 328 328 328 328 328 328 328 328 328 327 327 327 327 327 327 327 327 327 327 327 327 327 327 327 327 327 326 326 326 326 326 326 326 326 326 326 326 325 325 326 NA NA NA NA NA NA NA NA NA NA NA NA NA NA NA NA NA NA NA NA NA NA NA NA NA NA NA NA NA NA NA NA NA NA NA NA NA NA NA NA NA NA NA NA NA NA NA NA NA NA NA NA NA NA NA NA NA NA NA NA NA NA NA NA NA NA NA NA NA NA NA NA NA NA NA NA NA NA NA NA NA NA NA NA NA NA NA NA NA NA NA NA NA NA NA NA NA NA NA NA NA NA NA NA NA NA NA NA NA NA NA NA NA NA NA NA NA NA NA NA NA NA NA NA NA NA NA NA NA NA NA NA NA NA NA NA NA NA NA NA NA NA NA NA NA NA NA NA NA NA NA NA NA NA NA NA NA NA NA NA NA NA NA NA NA NA NA NA NA NA NA NA NA NA NA NA NA NA NA NA
NA NA NA NA NA NA NA NA NA NA NA NA NA NA NA NA NA NA NA NA NA NA NA NA 316 316 316 316 316 316 317 317 NA NA NA NA NA NA NA NA NA NA NA NA NA NA NA NA NA NA NA NA NA NA NA NA NA NA NA NA NA NA NA NA NA NA 321 321 321 321 321 321 321 322 322 322 322 322 322 322 322 322 322 323 323 323 323 323 323 323 323 323 324 324 324 324 324 324 324 324 324 324 324 324 325 325 325 325 325 325 325 325 325 325 325 325 326 326 326 326 326 326 326 326 326 326 326 326 327 327 327 327 327 327 327 327 327 327 327 327 327 327 328 328 328 328 328 328 328 328 328 328 328 328 328 328 328 328 328 329 329 329 329 329 329 329 329 329 329 329 329 329 329 329 329 329 329 329 329 329 329 329 329 329 330 330 329 330 330 330 330 330 330 330 330 330 330 330 330 330 330 330 330 330 330 330 330 330 330 330 330 330 330 330 330 330 330 330 330 330 330 330 330 330 330 330 330 330 330 330 330 330 330 330 330 330 330 330 330 330 330 330 330 330 330 330 330 330 330 330 330 330 330 330 330 330 330 330 330 330 330 330 330 329 329 329 329 329 329 329 329 329 329 329 329 329 329 329 329 329 329 329 329 329 328 328 328 328 328 328 328 328 327 327 327 327 327 327 327 327 327 327 327 327 327 327 327 327 326 326 326 326 NA 326 326 NA NA 326 NA 325 NA NA NA NA NA NA NA NA NA NA NA NA NA NA NA NA NA NA NA NA NA NA NA NA NA NA NA NA NA NA NA NA NA NA NA NA NA NA NA NA NA NA NA NA NA NA NA NA NA NA NA NA NA NA NA NA NA NA NA NA NA NA NA NA NA NA NA NA NA NA NA NA NA NA NA NA NA NA NA NA NA NA NA NA NA NA NA NA NA NA NA NA NA NA NA NA NA NA NA NA NA NA NA NA NA NA NA NA NA NA NA NA NA NA NA NA NA NA NA NA NA NA NA NA NA NA NA NA NA NA NA NA NA NA NA NA NA NA NA NA NA NA NA NA NA NA NA NA NA NA NA NA NA NA NA NA NA NA NA NA NA NA NA NA NA NA NA NA NA NA NA NA NA NA NA NA NA NA NA NA NA NA NA
NA NA NA NA NA NA NA NA NA NA NA NA NA NA NA NA NA NA NA NA NA NA NA NA 316 316 316 316 316 316 NA NA NA NA NA NA NA NA NA NA NA NA NA NA NA NA NA NA NA NA NA NA NA NA NA NA NA NA NA NA NA NA NA NA NA 321 321 321 321 321 321 321 321 322 322 322 322 322 322 322 322 322 322 323 323 323 323 323 323 323 323 323 324 324 324 324 324 324 324 324 324 324 324 324 325 325 325 325 325 325 325 325 325 325 325 326 326 326 326 326 326 326 326 326 326 326 326 326 327 327 327 327 327 327 327 327 327 327 327 327 327 327 328 328 328 328 328 328 328 328 328 328 328 328 328 328 328 328 328 329 329 329 329 329 329 329 329 329 329 329 329 329 329 329 329 329 329 329 329 329 329 329 329 330 330 330 330 330 330 330 330 330 330 330 330 330 330 330 330 330 330 330 330 330 330 330 330 330 330 330 330 330 330 330 330 330 330 330 330 330 330 330 330 330 330 330 330 330 330 330 330 330 330 330 330 330 330 330 330 330 330 330 330 330 330 330 330 330 330 330 330 330 330 330 330 330 330 330 330 330 330 330 330 329 329 329 329 329 329 329 329 329 329 329 329 329 329 329 329 329 329 329 329 329 328 328 328 328 328 328 328 328 328 327 327 327 327 327 327 327 327 327 327 327 327 327 NA NA NA NA NA NA NA NA NA NA NA NA NA NA NA NA NA NA NA NA NA NA NA NA NA NA NA NA NA NA NA NA NA NA NA NA NA NA NA NA NA NA NA NA NA NA NA NA NA NA NA NA NA NA NA NA NA NA NA NA NA NA NA NA NA NA NA NA NA NA NA NA NA NA NA NA NA NA NA NA NA NA NA NA NA NA NA NA NA NA NA NA NA NA NA NA NA NA NA NA NA NA NA NA NA NA NA NA NA NA NA NA NA NA NA NA NA NA NA NA NA NA NA NA NA NA NA NA NA NA NA NA NA NA NA NA NA NA NA NA NA NA NA NA NA NA NA NA NA NA NA NA NA NA NA NA NA NA NA NA NA NA NA NA NA NA NA NA NA NA NA NA NA NA NA NA NA NA NA NA NA NA NA NA NA NA NA NA NA NA NA NA NA NA NA NA NA
NA NA NA NA NA NA NA NA NA NA NA NA NA NA NA NA NA NA NA NA NA NA NA NA NA NA NA NA NA NA NA NA NA NA NA NA NA NA NA NA NA NA NA NA NA NA NA NA NA NA NA NA NA NA NA NA NA NA NA NA NA NA NA NA 321 321 321 321 321 321 321 321 321 322 322 322 322 322 322 322 322 322 322 323 323 323 323 323 323 323 323 323 324 324 324 324 324 324 324 324 324 324 324 324 325 325 325 325 325 325 325 325 325 325 325 326 326 326 326 326 326 326 326 326 326 326 326 326 327 327 327 327 327 327 327 327 327 327 327 327 327 327 328 328 328 328 328 328 328 328 328 328 328 328 328 328 328 328 328 329 329 329 329 329 329 329 329 329 329 329 329 329 329 329 329 329 329 329 329 329 329 329 330 330 330 330 330 330 330 330 330 330 330 330 330 330 330 330 330 330 330 330 330 330 330 330 330 330 330 330 330 330 330 330 330 330 330 330 330 330 330 330 330 330 330 330 330 330 330 330 330 330 330 330 330 330 330 330 330 330 330 330 330 330 330 330 330 330 330 330 330 330 330 330 330 330 330 330 330 330 330 330 330 330 330 329 329 329 329 329 329 329 329 329 329 329 329 329 329 329 329 329 329 329 328 328 328 328 328 328 328 328 328 328 327 327 327 327 327 327 327 327 327 327 327 NA NA NA NA NA NA NA NA NA NA NA NA NA NA NA NA NA NA NA NA NA NA NA NA NA NA NA NA NA NA NA NA NA NA NA NA NA NA NA NA NA NA NA NA NA NA NA NA NA NA NA NA NA NA NA NA NA NA NA NA NA NA NA NA NA NA NA NA NA NA NA NA NA NA NA NA NA NA NA NA NA NA NA NA NA NA NA NA NA NA NA NA NA NA NA NA NA NA NA NA NA NA NA NA NA NA NA NA NA NA NA NA NA NA NA NA NA NA NA NA NA NA NA NA NA NA NA NA NA NA NA NA NA NA NA NA NA NA NA NA NA NA NA NA NA NA NA NA NA NA NA NA NA NA NA NA NA NA NA NA NA NA NA NA NA NA NA NA NA NA NA NA NA NA NA NA NA NA NA NA NA NA NA NA NA NA NA NA NA NA NA NA NA NA NA NA NA NA
NA NA NA NA NA NA NA NA NA NA NA NA NA NA NA NA NA NA NA NA NA NA NA NA NA NA NA NA NA NA NA NA NA NA NA NA NA NA NA NA NA NA NA NA NA NA NA NA NA NA NA NA NA NA NA NA NA NA NA NA NA NA NA NA 321 321 321 321 321 321 321 321 321 322 322 322 322 322 322 322 322 322 322 323 323 323 323 323 323 323 323 323 324 324 324 324 324 324 324 324 324 324 324 324 325 325 325 325 325 325 325 325 325 325 325 326 326 326 326 326 326 326 326 326 326 326 326 326 327 327 327 327 327 327 327 327 327 327 327 327 327 327 328 328 328 328 328 328 328 328 328 328 328 328 328 328 328 328 328 329 329 329 329 329 329 329 329 329 329 329 329 329 329 329 329 329 329 329 329 329 329 329 329 330 330 330 330 330 330 330 330 330 330 330 330 330 330 330 330 330 330 330 330 330 330 330 330 330 330 330 330 330 330 330 330 330 330 330 330 330 330 330 330 330 330 330 330 330 330 330 330 330 330 330 330 330 330 330 330 330 330 330 330 330 330 330 330 330 330 330 330 330 330 330 330 330 330 330 330 330 330 330 330 330 330 329 329 329 329 329 329 329 329 329 329 329 329 329 329 329 329 329 329 329 329 328 328 328 328 328 328 328 328 328 328 327 327 327 327 327 327 327 327 327 327 NA NA NA NA NA NA NA NA NA NA NA NA NA NA NA NA NA NA NA NA NA NA NA NA NA NA NA NA NA NA NA NA NA NA NA NA NA NA NA NA NA NA NA NA NA NA NA NA NA NA NA NA NA NA NA NA NA NA NA NA NA NA NA NA NA NA NA NA NA NA NA NA NA NA NA NA NA NA NA NA NA NA NA NA NA NA NA NA NA NA NA NA NA NA NA NA NA NA NA NA NA NA NA NA NA NA NA NA NA NA NA NA NA NA NA NA NA NA NA NA NA NA NA NA NA NA NA NA NA NA NA NA NA NA NA NA NA NA NA NA NA NA NA NA NA NA NA NA NA NA NA NA NA NA NA NA NA NA NA NA NA NA NA NA NA NA NA NA NA NA NA NA NA NA NA NA NA NA NA NA NA NA NA NA NA NA NA NA NA NA NA NA NA NA NA NA NA NA
NA NA NA NA NA NA NA NA NA NA NA NA NA NA NA NA NA NA NA NA NA NA NA NA NA NA NA NA NA NA NA NA NA NA NA NA NA NA NA NA NA NA NA NA NA NA NA NA NA NA NA NA NA NA NA NA NA NA NA NA NA NA NA NA 321 321 321 321 321 321 321 321 321 322 322 322 322 322 322 322 322 322 322 323 323 323 323 323 323 323 323 323 323 324 324 324 324 324 324 324 324 324 324 324 325 325 325 325 325 325 325 325 325 325 325 326 326 326 326 326 326 326 326 326 326 326 326 326 326 327 327 327 327 327 327 327 327 327 327 327 327 327 328 328 328 328 328 328 328 328 328 328 328 328 328 328 328 328 328 328 329 329 329 329 329 329 329 329 329 329 329 329 329 329 329 329 329 329 329 329 329 329 329 329 330 330 330 330 330 330 330 330 330 330 330 330 330 330 330 330 330 330 330 330 330 330 330 330 330 330 330 330 330 330 330 330 330 330 330 330 330 330 330 330 330 330 330 330 330 330 330 330 330 330 330 330 330 330 330 330 330 330 331 330 330 330 330 330 330 330 330 330 330 330 330 330 330 330 330 330 330 330 330 330 330 329 329 329 329 329 329 329 329 329 329 329 329 329 329 329 329 329 329 329 329 329 328 328 328 328 328 328 328 328 328 328 327 327 327 327 327 327 327 327 327 NA NA NA NA NA NA NA NA NA NA NA NA NA NA NA NA NA NA NA NA NA NA NA NA NA NA NA NA NA NA NA NA NA NA NA NA NA NA NA NA NA NA NA NA NA NA NA NA NA NA NA NA NA NA NA NA NA NA NA NA NA NA NA NA NA NA NA NA NA NA NA NA NA NA NA NA NA NA NA NA NA NA NA NA NA NA NA NA NA NA NA NA NA NA NA NA NA NA NA NA NA NA NA NA NA NA NA NA NA NA NA NA NA NA NA NA NA NA NA NA NA NA NA NA NA NA NA NA NA NA NA NA NA NA NA NA NA NA NA NA NA NA NA NA NA NA NA NA NA NA NA NA NA NA NA NA NA NA NA NA NA NA NA NA NA NA NA NA NA NA NA NA NA NA NA NA NA NA NA NA NA NA NA NA NA NA NA NA NA NA NA NA NA NA NA NA NA NA
NA NA NA NA NA NA NA NA NA NA NA NA NA NA NA NA NA NA NA NA NA NA NA NA NA NA NA NA NA NA NA NA NA NA NA NA NA NA NA NA NA NA NA NA NA NA NA NA NA NA NA NA NA NA NA NA NA NA NA NA NA NA NA NA 321 321 321 321 321 321 321 321 321 322 322 322 322 322 322 322 322 322 322 323 323 323 323 323 323 323 323 323 323 324 324 324 324 324 324 324 324 324 324 324 325 325 325 325 325 325 325 325 325 325 325 326 326 326 326 326 326 326 326 326 326 326 326 326 326 327 327 327 327 327 327 327 327 327 327 327 327 327 328 328 328 328 328 328 328 328 328 328 328 328 328 328 328 328 328 328 329 329 329 329 329 329 329 329 329 329 329 329 329 329 329 329 329 329 329 329 329 329 329 330 330 330 330 330 330 330 330 330 330 330 330 330 330 330 330 330 330 330 330 330 330 330 330 330 330 330 330 330 330 330 330 330 330 330 330 330 330 330 330 330 330 330 330 330 330 330 330 330 330 330 330 330 330 330 330 330 330 330 330 331 330 330 330 330 330 330 330 330 330 330 330 330 330 330 330 330 330 330 330 330 330 330 329 329 329 329 329 329 329 329 329 329 329 329 329 329 329 329 329 329 329 329 328 328 328 328 328 328 328 328 328 328 328 327 327 327 327 327 327 327 327 NA NA NA NA NA NA NA NA NA NA NA NA NA NA NA NA NA NA NA NA NA NA NA NA NA NA NA NA NA NA NA NA NA NA NA NA NA NA NA NA NA NA NA NA NA NA NA NA NA NA NA NA NA NA NA NA NA NA NA NA NA NA NA NA NA NA NA NA NA NA NA NA NA NA NA NA NA NA NA NA NA NA NA NA NA NA NA NA NA NA NA NA NA NA NA NA NA NA NA NA NA NA NA NA NA NA NA NA NA NA NA NA NA NA NA NA NA NA NA NA NA NA NA NA NA NA NA NA NA NA NA NA NA NA NA NA NA NA NA NA NA NA NA NA NA NA NA NA NA NA NA NA NA NA NA NA NA NA NA NA NA NA NA NA NA NA NA NA NA NA NA NA NA NA NA NA NA NA NA NA NA NA NA NA NA NA NA NA NA NA NA NA NA NA NA NA NA NA
NA NA NA NA NA NA NA NA NA NA NA NA NA NA NA NA NA NA NA NA NA NA NA NA NA NA NA NA NA NA NA NA NA NA NA NA NA NA NA NA NA NA NA NA NA NA NA NA NA NA NA NA NA NA NA NA NA NA NA NA 320 320 320 321 321 321 321 321 321 321 321 321 321 322 322 322 322 322 322 322 322 322 322 323 323 323 323 323 323 323 323 323 323 324 324 324 324 324 324 324 324 324 324 324 325 325 325 325 325 325 325 325 325 325 325 326 326 326 326 326 326 326 326 326 326 326 326 326 326 327 327 327 327 327 327 327 327 327 327 327 327 327 328 328 328 328 328 328 328 328 328 328 328 328 328 328 328 328 328 328 329 329 329 329 329 329 329 329 329 329 329 329 329 329 329 329 329 329 329 329 329 330 330 330 330 330 330 330 330 330 330 330 330 330 330 330 330 330 330 330 330 330 330 330 330 330 330 330 330 330 330 330 330 330 330 330 330 330 330 330 330 330 330 330 330 330 330 330 330 330 330 330 330 330 330 330 330 330 330 330 330 330 331 330 330 330 330 330 330 330 330 330 330 330 330 330 330 330 330 330 330 330 330 330 330 330 330 329 329 329 329 329 329 329 329 329 329 329 329 329 329 329 329 329 329 329 328 328 328 328 328 328 328 328 328 328 328 327 327 327 327 327 327 327 327 326 NA NA NA NA NA NA NA NA NA NA NA NA NA NA NA NA NA NA NA NA NA NA NA NA NA NA NA NA NA NA NA NA NA NA NA NA NA NA NA NA NA NA NA NA NA NA NA NA NA NA NA NA NA NA NA NA NA NA NA NA NA NA NA NA NA NA NA NA NA NA NA NA NA NA NA NA NA NA NA NA NA NA NA NA NA NA NA NA NA NA NA NA NA NA NA NA NA NA NA NA NA NA NA NA NA NA NA NA NA NA NA NA NA NA NA NA NA NA NA NA NA NA NA NA NA NA NA NA NA NA NA NA NA NA NA NA NA NA NA NA NA NA NA NA NA NA NA NA NA NA NA NA NA NA NA NA NA NA NA NA NA NA NA NA NA NA NA NA NA NA NA NA NA NA NA NA NA NA NA NA NA NA NA NA NA NA NA NA NA NA NA NA NA NA NA NA NA
NA NA NA NA NA NA NA NA NA NA NA NA NA NA NA NA NA NA NA NA NA NA NA NA NA NA NA NA NA NA NA NA NA NA NA NA NA NA NA NA NA NA NA NA NA NA NA NA NA NA NA NA NA NA NA NA NA NA NA NA NA 320 320 321 321 321 321 321 321 321 321 321 321 322 322 322 322 322 322 322 322 322 322 323 323 323 323 323 323 323 323 323 323 324 324 324 324 324 324 324 324 324 324 324 325 325 325 325 325 325 325 325 325 325 325 326 326 326 326 326 326 326 326 326 326 326 326 326 326 326 327 327 327 327 327 327 327 327 327 327 327 327 328 328 328 328 328 328 328 328 328 328 328 328 328 328 328 328 328 328 329 329 329 329 329 329 329 329 329 329 329 329 329 329 329 329 329 329 329 329 329 330 330 330 330 330 330 330 330 330 330 330 330 330 330 330 330 330 330 330 330 330 330 330 330 330 330 330 330 330 330 330 330 330 330 330 330 330 330 330 330 330 330 330 330 330 330 330 330 330 330 330 330 330 330 330 330 330 330 330 330 330 331 331 330 330 330 330 330 330 330 330 330 330 330 330 330 330 330 330 330 330 330 330 330 330 330 330 329 329 329 329 329 329 329 329 329 329 329 329 329 329 329 329 329 329 328 328 328 328 328 328 328 328 328 328 328 328 328 327 327 327 327 327 327 327 326 326 NA NA NA NA NA NA NA NA NA NA NA NA NA NA NA NA NA NA NA NA NA NA NA NA NA NA NA NA NA NA NA NA NA NA NA NA NA NA NA NA NA NA NA NA NA NA NA NA NA NA NA NA NA NA NA NA NA NA NA NA NA NA NA NA NA NA NA NA NA NA NA NA NA NA NA NA NA NA NA NA NA NA NA NA NA NA NA NA NA NA NA NA NA NA NA NA NA NA NA NA NA NA NA NA NA NA NA NA NA NA NA NA NA NA NA NA NA NA NA NA NA NA NA NA NA NA NA NA NA NA NA NA NA NA NA NA NA NA NA NA NA NA NA NA NA NA NA NA NA NA NA NA NA NA NA NA NA NA NA NA NA NA NA NA NA NA NA NA NA NA NA NA NA NA NA NA NA NA NA NA NA NA NA NA NA NA NA NA NA NA NA NA NA NA NA
NA NA NA NA NA NA NA NA NA NA NA NA NA NA NA NA NA NA NA NA NA NA NA NA NA NA NA NA NA NA NA NA NA NA NA NA NA NA NA NA NA NA NA NA NA NA NA NA NA NA NA NA NA NA NA NA NA NA NA 320 320 320 320 321 321 321 321 321 321 321 321 321 321 322 322 322 322 322 322 322 322 322 322 323 323 323 323 323 323 323 323 323 323 324 324 324 324 324 324 324 324 324 324 324 325 325 325 325 325 325 325 325 325 325 325 325 326 326 326 326 326 326 326 326 326 326 326 326 326 326 327 327 327 327 327 327 327 327 327 327 327 327 328 328 328 328 328 328 328 328 328 328 328 328 328 328 328 328 328 328 329 329 329 329 329 329 329 329 329 329 329 329 329 329 329 329 329 329 329 329 329 329 329 330 330 330 330 330 330 330 330 330 330 330 330 330 330 330 330 330 330 330 330 330 330 330 330 330 330 330 330 330 330 330 330 330 330 330 330 330 330 330 330 330 330 330 330 330 330 330 330 330 330 330 330 330 330 330 330 330 330 330 331 331 331 330 330 330 330 330 330 330 330 330 330 330 330 330 330 330 330 330 330 330 330 330 330 330 330 330 329 329 329 329 329 329 329 329 329 329 329 329 329 329 329 329 329 328 328 328 328 328 328 328 328 328 328 328 328 327 327 327 327 327 327 327 327 326 NA NA NA NA NA NA NA NA NA NA NA NA NA NA NA NA NA NA NA NA NA NA NA NA NA NA NA NA NA NA NA NA NA NA NA NA NA NA NA NA NA NA NA NA NA NA NA NA NA NA NA NA NA NA NA NA NA NA NA NA NA NA NA NA NA NA NA NA NA NA NA NA NA NA NA NA NA NA NA NA NA NA NA NA NA NA NA NA NA NA NA NA NA NA NA NA NA NA NA NA NA NA NA NA NA NA NA NA NA NA NA NA NA NA NA NA NA NA NA NA NA NA NA NA NA NA NA NA NA NA NA NA NA NA NA NA NA NA NA NA NA NA NA NA NA NA NA NA NA NA NA NA NA NA NA NA NA NA NA NA NA NA NA NA NA NA NA NA NA NA NA NA NA NA NA NA NA NA NA NA NA NA NA NA NA NA NA NA NA NA NA NA NA NA NA
NA NA NA NA NA NA NA NA NA NA NA NA NA NA NA NA NA NA NA NA NA NA NA NA NA NA NA NA NA NA NA NA NA NA NA NA NA NA NA NA NA NA NA NA NA NA NA NA NA NA NA NA NA NA NA NA NA NA NA NA 320 320 320 321 321 321 321 321 321 321 321 321 321 322 322 322 322 322 322 322 322 322 322 323 323 323 323 323 323 323 323 323 323 324 324 324 324 324 324 324 324 324 324 324 325 325 325 325 325 325 325 325 325 325 325 325 326 326 326 326 326 326 326 326 326 326 326 326 326 326 327 327 327 327 327 327 327 327 327 327 327 327 328 328 328 328 328 328 328 328 328 328 328 328 328 328 328 328 328 328 329 329 329 329 329 329 329 329 329 329 329 329 329 329 329 329 329 329 329 329 329 329 329 329 329 330 330 330 330 330 330 330 330 330 330 330 330 330 330 330 330 330 330 330 330 330 330 330 330 330 330 330 330 330 330 330 330 330 330 330 330 330 330 330 330 330 330 330 330 330 330 330 330 330 330 330 330 330 330 330 330 330 331 331 331 331 331 330 330 330 330 330 330 330 330 330 330 330 330 330 330 330 330 330 330 330 330 330 330 330 329 329 329 329 329 329 329 329 329 329 329 329 329 329 329 329 329 328 328 328 328 328 328 328 328 328 328 328 328 327 327 327 327 327 327 327 327 326 326 NA NA NA NA NA NA NA NA NA NA NA NA NA NA NA NA NA NA NA NA NA NA NA NA NA NA NA NA NA NA NA NA NA NA NA NA NA NA NA NA NA NA NA NA NA NA NA NA NA NA NA NA NA NA NA NA NA NA NA NA NA NA NA NA NA NA NA NA NA NA NA NA NA NA NA NA NA NA NA NA NA NA NA NA NA NA NA NA NA NA NA NA NA NA NA NA NA NA NA NA NA NA NA NA NA NA NA NA NA NA NA NA NA NA NA NA NA NA NA NA NA NA NA NA NA NA NA NA NA NA NA NA NA NA NA NA NA NA NA NA NA NA NA NA NA NA NA NA NA NA NA NA NA NA NA NA NA NA NA NA NA NA NA NA NA NA NA NA NA NA NA NA NA NA NA NA NA NA NA NA NA NA NA NA NA NA NA NA NA NA NA NA NA NA
NA NA NA NA NA NA NA NA NA NA NA NA NA NA NA NA NA NA NA NA NA NA NA NA NA NA NA NA NA NA NA NA NA NA NA NA NA NA NA NA NA NA NA NA NA NA NA NA NA NA NA NA NA NA NA NA NA NA 320 320 320 320 320 321 321 321 321 321 321 321 321 321 321 322 322 322 322 322 322 322 322 322 322 323 323 323 323 323 323 323 323 323 323 324 324 324 324 324 324 324 324 324 324 324 325 325 325 325 325 325 325 325 325 325 325 325 325 326 326 326 326 326 326 326 326 326 326 326 326 327 327 327 327 327 327 327 327 327 327 327 327 327 328 328 328 328 328 328 328 328 328 328 328 328 328 328 328 328 328 328 329 329 329 329 329 329 329 329 329 329 329 329 329 329 329 329 329 329 329 329 329 329 329 329 330 330 330 330 330 330 330 330 330 330 330 330 330 330 330 330 330 330 330 330 330 330 330 330 330 330 330 330 330 330 330 330 330 330 330 330 330 330 330 330 330 330 330 330 330 330 330 330 330 330 330 330 330 330 330 330 330 330 331 331 331 331 331 331 331 330 330 330 330 330 330 330 330 330 330 330 330 330 330 330 330 330 330 330 330 330 329 329 329 329 329 329 329 329 329 329 329 329 329 329 329 329 329 329 329 328 328 328 328 328 328 328 328 328 328 327 327 327 327 327 327 327 326 326 326 NA NA NA NA NA NA NA NA NA NA NA NA NA NA NA NA NA NA NA NA NA NA NA NA NA NA NA NA NA NA NA NA NA NA NA NA NA NA NA NA NA NA NA NA NA NA NA NA NA NA NA NA NA NA NA NA NA NA NA NA NA NA NA NA NA NA NA NA NA NA NA NA NA NA NA NA NA NA NA NA NA NA NA NA NA NA NA NA NA NA NA NA NA NA NA NA NA NA NA NA NA NA NA NA NA NA NA NA NA NA NA NA NA NA NA NA NA NA NA NA NA NA NA NA NA NA NA NA NA NA NA NA NA NA NA NA NA NA NA NA NA NA NA NA NA NA NA NA NA NA NA NA NA NA NA NA NA NA NA NA NA NA NA NA NA NA NA NA NA NA NA NA NA NA NA NA NA NA NA NA NA NA NA NA NA NA NA NA NA NA NA NA NA NA
NA NA NA NA NA NA NA NA NA NA NA NA NA NA NA NA NA NA NA NA NA NA NA NA NA NA NA NA NA NA NA NA NA NA NA NA NA NA NA NA NA NA NA NA NA NA NA NA NA NA NA NA NA NA NA NA NA NA NA NA NA 320 320 321 321 321 321 321 321 321 321 321 321 322 322 322 322 322 322 322 322 322 322 323 323 323 323 323 323 323 323 323 323 324 324 324 324 324 324 324 324 324 324 324 325 325 325 325 325 325 325 325 325 325 325 325 325 326 326 326 326 326 326 326 326 326 326 326 326 327 327 327 327 327 327 327 327 327 327 327 327 327 328 328 328 328 328 328 328 328 328 328 328 328 328 328 328 328 328 328 329 329 329 329 329 329 329 329 329 329 329 329 329 329 329 329 329 329 329 329 329 330 330 330 330 330 330 330 330 330 330 330 330 330 330 330 330 330 330 330 330 330 330 330 330 330 330 330 330 330 330 330 330 330 330 330 330 330 330 330 330 330 330 330 330 330 330 330 330 330 330 330 330 330 330 330 330 330 330 330 330 330 331 331 331 331 331 331 331 330 330 330 330 330 330 330 330 330 330 330 330 330 330 330 330 330 330 330 330 330 330 329 329 329 329 329 329 329 329 329 329 329 329 329 329 329 329 329 329 329 328 328 328 328 328 328 328 328 327 327 327 327 327 327 327 327 326 326 326 326 NA NA NA NA NA NA NA NA NA NA NA NA NA NA NA NA NA NA NA NA NA NA NA NA NA NA NA NA NA NA NA NA NA NA NA NA NA NA NA NA NA NA NA NA NA NA NA NA NA NA NA NA NA NA NA NA NA NA NA NA NA NA NA NA NA NA NA NA NA NA NA NA NA NA NA NA NA NA NA NA NA NA NA NA NA NA NA NA NA NA NA NA NA NA NA NA NA NA NA NA NA NA NA NA NA NA NA NA NA NA NA NA NA NA NA NA NA NA NA NA NA NA NA NA NA NA NA NA NA NA NA NA NA NA NA NA NA NA NA NA NA NA NA NA NA NA NA NA NA NA NA NA NA NA NA NA NA NA NA NA NA NA NA NA NA NA NA NA NA NA NA NA NA NA NA NA NA NA NA NA NA NA NA NA NA NA NA NA NA NA NA NA NA
NA NA NA NA NA NA NA NA NA NA NA NA NA NA NA NA NA NA NA NA NA NA NA NA NA NA NA NA NA NA NA NA NA NA NA NA NA NA NA NA NA NA NA NA NA NA NA NA NA NA NA NA NA NA NA NA NA NA 320 320 320 320 320 321 321 321 321 321 321 321 321 321 321 322 322 322 322 322 322 322 322 322 323 323 323 323 323 323 323 323 323 323 323 324 324 324 324 324 324 324 324 324 324 324 325 325 325 325 325 325 325 325 325 325 325 325 326 326 326 326 326 326 326 326 326 326 326 326 326 327 327 327 327 327 327 327 327 327 327 327 327 327 327 328 328 328 328 328 328 328 328 328 328 328 328 328 328 328 328 328 329 329 329 329 329 329 329 329 329 329 329 329 329 329 329 329 329 329 329 329 330 330 330 330 330 330 330 330 330 330 329 330 330 330 330 330 330 330 330 330 330 330 330 330 330 330 330 330 330 330 330 330 330 330 330 330 330 330 330 330 330 330 330 330 330 330 330 330 330 330 330 330 330 330 330 330 330 330 330 330 330 330 331 331 331 331 331 331 331 330 330 330 330 330 330 330 330 330 330 330 330 330 330 330 330 330 330 330 330 330 330 330 330 329 329 329 329 329 329 329 329 329 329 329 329 329 329 329 329 329 329 328 328 328 328 328 328 327 327 327 327 327 327 327 327 327 326 326 326 326 326 326 326 326 326 326 326 326 326 326 326 326 325 325 325 325 325 325 NA NA NA NA NA NA NA NA NA NA NA NA NA NA NA NA NA NA NA NA NA NA NA NA NA NA NA NA NA NA NA NA NA NA NA NA NA NA NA NA NA NA NA NA NA NA NA NA NA NA NA NA NA NA NA NA NA NA NA NA NA NA NA NA NA NA NA NA NA NA NA NA NA NA NA NA NA NA NA NA NA NA NA NA NA NA NA NA NA NA NA NA NA NA NA NA NA NA NA NA NA NA NA NA NA NA NA NA NA NA NA NA NA NA NA NA NA NA NA NA NA NA NA NA NA NA NA NA NA NA NA NA NA NA NA NA NA NA NA NA NA NA NA NA NA NA NA NA NA NA NA NA NA NA NA NA NA NA NA NA NA NA NA NA NA NA NA NA NA NA NA NA NA NA NA
NA NA NA NA NA NA NA NA NA NA NA NA NA NA NA NA NA NA NA NA NA NA NA NA NA NA NA NA NA NA NA NA NA NA NA NA NA NA NA NA NA NA NA NA NA NA NA NA NA NA NA NA NA NA NA NA NA NA NA NA NA 320 320 321 321 321 321 321 321 321 321 321 321 322 322 322 322 322 322 322 322 322 322 323 323 323 323 323 323 323 323 323 323 324 324 324 324 324 324 324 324 324 324 324 325 325 325 325 325 325 325 325 325 325 325 325 326 326 326 326 326 326 326 326 326 326 326 326 326 326 327 327 327 327 327 327 327 327 327 327 327 327 327 328 328 328 328 328 328 328 328 328 328 328 328 328 328 328 328 328 329 329 329 329 329 329 329 329 329 329 329 329 329 329 329 329 329 329 329 329 330 330 330 330 330 330 330 330 330 330 329 329 330 330 330 330 330 330 330 330 330 330 330 330 330 330 330 330 330 330 330 330 330 330 330 330 330 330 330 330 330 330 330 330 330 330 330 330 330 330 330 330 330 330 330 330 330 330 330 330 330 330 331 331 331 331 331 331 331 330 330 330 330 330 330 330 330 330 330 330 330 330 330 330 330 330 330 330 330 330 330 330 330 330 329 329 329 329 329 329 329 329 329 329 329 329 329 329 329 329 329 329 328 328 328 328 327 327 327 327 327 328 327 327 327 327 327 326 326 326 326 326 326 326 326 326 326 326 326 326 326 326 326 326 326 325 325 325 325 325 325 NA NA NA NA NA NA NA NA NA NA NA NA NA NA NA NA NA NA NA NA NA NA NA NA NA NA NA NA NA NA NA NA NA NA NA NA NA NA NA NA NA NA NA NA NA NA NA NA NA NA NA NA NA NA NA NA NA NA NA NA NA NA NA NA NA NA NA NA NA NA NA NA NA NA NA NA NA NA NA NA NA NA NA NA NA NA NA NA NA NA NA NA NA NA NA NA NA NA NA NA NA NA NA NA NA NA NA NA NA NA NA NA NA NA NA NA NA NA NA NA NA NA NA NA NA NA NA NA NA NA NA NA NA NA NA NA NA NA NA NA NA NA NA NA NA NA NA NA NA NA NA NA NA NA NA NA NA NA NA NA NA NA NA NA NA NA NA NA NA NA NA NA
NA NA NA NA NA NA NA NA NA NA NA NA NA NA NA NA NA NA NA NA NA NA NA NA NA NA NA NA NA NA NA NA NA NA NA NA NA NA NA NA NA NA NA NA NA NA NA NA NA NA NA NA NA NA NA NA NA NA NA NA 320 320 320 321 321 321 321 321 321 321 321 321 321 322 322 322 322 322 322 322 322 322 322 323 323 323 323 323 323 323 323 323 323 324 324 324 324 324 324 324 324 324 324 324 325 325 325 325 325 325 325 325 325 325 325 325 325 326 326 326 326 326 326 326 326 326 326 326 326 326 327 327 327 327 327 327 327 327 327 327 327 327 328 328 328 328 328 328 328 328 328 328 328 328 328 328 328 328 328 328 328 329 329 329 329 329 329 329 329 329 329 329 329 329 329 329 329 329 329 329 329 330 330 330 330 330 330 330 330 329 329 329 330 330 330 330 330 330 330 330 330 330 330 330 330 330 330 330 330 330 330 330 330 330 330 330 330 330 330 330 330 330 330 330 330 330 330 330 330 330 330 330 330 330 330 330 330 330 330 330 330 330 331 331 331 331 331 331 331 330 330 330 330 330 330 330 330 330 330 330 330 330 330 330 330 330 330 330 330 330 330 330 330 330 329 329 329 329 329 329 329 329 329 329 329 329 329 329 329 329 329 329 328 328 328 328 328 327 327 327 327 328 328 327 327 327 327 327 326 326 326 326 326 326 326 326 326 326 326 326 326 326 326 326 326 326 325 325 325 325 325 325 325 NA NA NA NA NA NA NA NA NA NA NA NA NA NA NA NA NA NA NA NA NA NA NA NA NA NA NA NA NA NA NA NA NA NA NA NA NA NA NA NA NA NA NA NA NA NA NA NA NA NA NA NA NA NA NA NA NA NA NA NA NA NA NA NA NA NA NA NA NA NA NA NA NA NA NA NA NA NA NA NA NA NA NA NA NA NA NA NA NA NA NA NA NA NA NA NA NA NA NA NA NA NA NA NA NA NA NA NA NA NA NA NA NA NA NA NA NA NA NA NA NA NA NA NA NA NA NA NA NA NA NA NA NA NA NA NA NA NA NA NA NA NA NA NA NA NA NA NA NA NA NA NA NA NA NA NA NA NA NA NA NA NA NA NA NA NA NA NA NA NA
NA NA NA NA NA NA NA NA NA NA NA NA NA NA NA NA NA NA NA NA NA NA NA NA NA NA NA NA NA NA NA NA NA NA NA NA NA NA NA NA NA NA NA NA NA NA NA NA NA NA NA NA NA NA NA NA NA NA NA NA NA 320 320 321 321 321 321 321 321 321 321 321 322 322 322 322 322 322 322 322 322 322 322 323 323 323 323 323 323 323 323 323 323 324 324 324 324 324 324 324 324 324 324 324 324 325 325 325 325 325 325 325 325 325 325 325 325 325 326 326 326 326 326 326 326 326 326 326 326 327 327 327 327 327 327 327 327 327 327 327 327 327 328 328 328 328 328 328 328 328 328 328 328 328 328 328 328 328 328 328 328 329 329 329 329 329 329 329 329 329 329 329 329 329 329 329 329 329 329 329 329 329 329 329 330 330 330 329 329 329 329 330 330 330 330 330 330 330 330 330 330 330 330 330 330 330 330 330 330 330 330 330 330 330 330 330 330 330 330 330 330 330 330 330 330 330 330 330 330 330 330 330 330 330 330 330 330 330 330 330 330 330 331 331 331 331 331 331 331 330 330 330 330 330 330 330 330 330 330 330 330 330 330 330 330 330 330 330 330 330 330 330 330 330 330 329 329 329 329 329 329 329 329 329 329 329 329 329 329 329 329 328 328 328 328 328 328 328 327 328 328 328 328 328 327 327 327 326 326 326 326 326 326 326 326 326 326 326 326 326 326 326 326 326 326 326 326 325 325 325 325 325 325 325 NA NA NA NA NA NA NA NA NA NA NA NA NA NA NA NA NA NA NA NA NA NA NA NA NA NA NA NA NA NA NA NA NA NA NA NA NA NA NA NA NA NA NA NA NA NA NA NA NA NA NA NA NA NA NA NA NA NA NA NA NA NA NA NA NA NA NA NA NA NA NA NA NA NA NA NA NA NA NA NA NA NA NA NA NA NA NA NA NA NA NA NA NA NA NA NA NA NA NA NA NA NA NA NA NA NA NA NA NA NA NA NA NA NA NA NA NA NA NA NA NA NA NA NA NA NA NA NA NA NA NA NA NA NA NA NA NA NA NA NA NA NA NA NA NA NA NA NA NA NA NA NA NA NA NA NA NA NA NA NA NA NA NA NA NA NA NA NA NA
NA NA NA NA NA NA NA NA NA NA NA NA NA NA NA NA NA NA NA NA NA NA NA NA NA NA NA NA NA NA NA NA NA NA NA NA NA NA NA NA NA NA NA NA NA NA NA NA NA NA NA NA NA NA NA NA NA NA NA 320 320 320 320 321 321 321 321 321 321 321 321 321 322 322 322 322 322 322 322 322 322 322 323 323 323 323 323 323 323 323 323 323 323 324 324 324 324 324 324 324 324 324 324 324 324 325 325 325 325 325 325 325 325 325 325 325 325 325 326 326 326 326 326 326 326 326 326 326 326 327 327 327 327 327 327 327 327 327 327 327 327 327 327 328 328 328 328 328 328 328 328 328 328 328 328 328 328 328 328 328 329 329 329 329 329 329 329 329 329 329 329 329 329 329 329 329 329 329 329 329 329 329 329 329 329 329 329 329 329 329 330 330 330 330 330 330 330 330 330 330 330 330 330 330 330 330 330 330 330 330 330 330 330 330 330 330 330 330 330 330 330 330 330 330 330 330 330 330 330 330 330 330 330 330 330 330 330 330 330 330 330 330 331 331 331 331 331 331 331 331 330 331 330 330 330 330 330 330 330 330 330 330 330 330 330 330 330 330 330 330 330 330 330 330 330 330 329 329 329 329 329 329 329 329 329 329 329 329 329 329 329 329 328 328 328 328 328 328 328 327 328 327 327 327 328 327 327 326 326 326 326 326 326 326 326 326 326 326 326 326 326 325 325 326 326 326 326 326 325 325 325 325 325 325 325 NA NA NA NA NA NA NA NA NA NA NA NA NA NA NA NA NA NA NA NA NA NA NA NA NA NA NA NA NA NA NA NA NA NA NA NA NA NA NA NA NA NA NA NA NA NA NA NA NA NA NA NA NA NA NA NA NA NA NA NA NA NA NA NA NA NA NA NA NA NA NA NA NA NA NA NA NA NA NA NA NA NA NA NA NA NA NA NA NA NA NA NA NA NA NA NA NA NA NA NA NA NA NA NA NA NA NA NA NA NA NA NA NA NA NA NA NA NA NA NA NA NA NA NA NA NA NA NA NA NA NA NA NA NA NA NA NA NA NA NA NA NA NA NA NA NA NA NA NA NA NA NA NA NA NA NA NA NA NA NA NA NA NA NA NA NA NA NA
NA NA NA NA NA NA NA NA NA NA NA NA NA NA NA NA NA NA NA NA NA NA NA NA NA NA NA NA NA NA NA NA NA NA NA NA NA NA NA NA NA NA NA NA NA NA NA NA NA NA NA NA NA NA NA NA NA NA 320 320 320 320 320 321 321 321 321 321 321 321 321 321 322 322 322 322 322 322 322 322 322 322 323 323 323 323 323 323 323 323 323 323 323 324 324 324 324 324 324 324 324 324 324 324 324 325 325 325 325 325 325 325 325 325 325 325 325 325 326 326 326 326 326 326 326 326 326 326 326 327 327 327 327 327 327 327 327 327 327 327 327 327 327 328 328 328 328 328 328 328 328 328 328 328 328 328 328 328 328 328 328 329 329 329 329 329 329 329 329 329 329 329 329 329 329 329 329 329 329 329 329 329 329 329 329 329 329 329 330 330 330 330 330 330 330 330 330 330 330 330 330 330 330 330 330 330 330 330 330 330 330 330 330 330 330 330 330 330 330 330 330 330 330 330 330 330 330 330 330 330 330 330 330 330 330 330 330 330 330 330 330 330 331 331 331 331 331 331 331 331 331 331 331 330 330 330 330 330 330 330 330 330 330 330 330 330 330 330 330 330 330 330 330 330 330 330 329 329 329 329 329 329 329 329 329 329 329 329 329 329 329 329 328 328 328 328 328 328 328 328 328 328 327 327 327 327 327 327 326 326 326 326 326 326 326 326 326 326 326 326 326 325 325 325 326 326 326 326 326 325 325 325 325 325 325 NA NA NA NA NA NA NA NA NA NA NA NA NA NA NA NA NA NA NA NA NA NA NA NA NA NA NA NA NA NA NA NA NA NA NA NA NA NA NA NA NA NA NA NA NA NA NA NA NA NA NA NA NA NA NA NA NA NA NA NA NA NA NA NA NA NA NA NA NA NA NA NA NA NA NA NA NA NA NA NA NA NA NA NA NA NA NA NA NA NA NA NA NA NA NA NA NA NA NA NA NA NA NA NA NA NA NA NA NA NA NA NA NA NA NA NA NA NA NA NA NA NA NA NA NA NA NA NA NA NA NA NA NA NA NA NA NA NA NA NA NA NA NA NA NA NA NA NA NA NA NA NA NA NA NA NA NA NA NA NA NA NA NA NA NA NA NA NA
NA NA NA NA NA NA NA NA NA NA NA NA NA NA NA NA NA NA NA NA NA NA NA NA NA NA NA NA NA NA NA NA NA NA NA NA NA NA NA NA NA NA NA NA NA NA NA NA NA NA NA NA NA NA NA NA NA NA NA NA 320 320 320 321 321 321 321 321 321 321 321 321 322 322 322 322 322 322 322 322 322 322 323 323 323 323 323 323 323 323 323 323 323 324 324 324 324 324 324 324 324 324 324 324 324 325 325 325 325 325 325 325 325 325 325 325 325 325 326 326 326 326 326 326 326 326 326 326 326 327 327 327 327 327 327 327 327 327 327 327 327 327 328 328 328 328 328 328 328 328 328 328 328 328 328 328 328 328 328 328 328 328 329 329 329 329 329 329 329 329 329 329 329 329 329 329 329 329 329 329 329 329 329 329 329 329 329 329 329 330 330 330 330 330 330 330 330 330 330 330 330 330 330 330 330 330 330 330 330 330 330 330 330 330 330 330 330 330 330 330 330 330 330 330 330 330 330 330 330 330 330 330 330 330 330 330 330 330 330 330 330 330 331 331 331 331 331 331 331 331 331 331 331 331 330 330 330 330 330 330 330 330 330 330 330 330 330 330 330 330 330 330 330 330 330 330 330 329 329 329 329 329 329 329 329 329 329 329 329 329 329 328 328 328 328 328 328 328 328 328 328 328 328 327 327 327 327 327 327 326 326 326 326 326 326 326 326 326 326 326 326 326 325 325 325 326 326 326 325 325 325 325 325 325 325 NA NA NA NA NA NA NA NA NA NA NA NA NA NA NA NA NA NA NA NA NA NA NA NA NA NA NA NA NA NA NA NA NA NA NA NA NA NA NA NA NA NA NA NA NA NA NA NA NA NA NA NA NA NA NA NA NA NA NA NA NA NA NA NA NA NA NA NA NA NA NA NA NA NA NA NA NA NA NA NA NA NA NA NA NA NA NA NA NA NA NA NA NA NA NA NA NA NA NA NA NA NA NA NA NA NA NA NA NA NA NA NA NA NA NA NA NA NA NA NA NA NA NA NA NA NA NA NA NA NA NA NA NA NA NA NA NA NA NA NA NA NA NA NA NA NA NA NA NA NA NA NA NA NA NA NA NA NA NA NA NA NA NA NA NA NA NA NA
NA NA NA NA NA NA NA NA NA NA NA NA NA NA NA NA NA NA NA NA NA NA NA NA NA NA NA NA NA NA NA NA NA NA NA NA NA NA NA NA NA NA NA NA NA NA NA NA NA NA NA NA NA NA NA NA NA NA 320 320 320 320 321 321 321 321 321 321 321 321 321 321 322 322 322 322 322 322 322 322 322 322 322 323 323 323 323 323 323 323 323 323 323 324 324 324 324 324 324 324 324 324 324 324 324 325 325 325 325 325 325 325 325 325 325 325 325 325 325 326 326 326 326 326 326 326 326 326 326 326 327 327 327 327 327 327 327 327 327 327 327 327 328 328 328 328 328 328 328 328 328 328 328 328 328 328 328 328 328 328 328 329 329 329 329 329 329 329 329 329 329 329 329 329 329 329 329 329 329 329 329 329 329 329 329 329 329 329 329 330 330 330 330 330 330 330 330 330 330 330 330 330 330 330 330 330 330 330 330 330 330 330 330 330 330 330 330 330 330 330 330 330 330 330 330 330 330 330 330 330 330 330 330 330 330 330 330 330 330 330 330 330 331 331 331 331 331 331 331 331 331 331 331 331 330 330 330 330 330 330 330 330 330 330 330 330 330 330 330 330 330 330 330 330 330 330 330 330 329 329 329 329 329 329 329 329 329 329 329 329 328 328 328 328 328 328 328 328 328 328 328 328 328 327 327 327 327 327 327 327 327 327 327 326 326 326 326 326 326 326 326 326 326 325 325 325 326 326 325 325 325 325 325 325 325 325 NA NA NA NA NA NA NA NA NA NA NA NA NA NA NA NA NA NA NA NA NA NA NA NA NA NA NA NA NA NA NA NA NA NA NA NA NA NA NA NA NA NA NA NA NA NA NA NA NA NA NA NA NA NA NA NA NA NA NA NA NA NA NA NA NA NA NA NA NA NA NA NA NA NA NA NA NA NA NA NA NA NA NA NA NA NA NA NA NA NA NA NA NA NA NA NA NA NA NA 313 313 313 313 NA NA NA NA NA NA NA NA NA NA NA NA NA NA NA NA NA NA NA NA NA NA NA NA NA NA NA NA NA NA NA NA NA NA NA NA NA NA NA NA NA NA NA NA NA NA NA NA NA NA NA NA NA NA NA NA NA NA NA NA NA NA NA NA
NA NA NA NA NA NA NA NA NA NA NA NA NA NA NA NA NA NA NA NA NA NA NA NA NA NA NA NA NA NA NA NA NA NA NA NA NA NA NA NA NA NA NA NA NA NA NA NA NA NA NA NA NA NA NA NA NA NA NA 320 320 320 320 321 321 321 321 321 321 321 321 321 322 322 322 322 322 322 322 322 322 322 322 323 323 323 323 323 323 323 323 323 323 323 324 324 324 324 324 324 324 324 324 324 324 325 325 325 325 325 325 325 325 325 325 325 325 325 325 325 325 326 326 326 326 326 326 326 326 326 326 327 327 327 327 327 327 327 327 327 327 327 328 328 328 328 328 328 328 328 328 328 328 328 328 328 328 328 328 328 328 328 329 329 329 329 329 329 329 329 329 329 329 329 329 329 329 329 329 329 329 329 329 329 330 330 330 330 329 330 330 330 330 330 330 330 330 330 330 330 330 330 330 330 330 330 330 330 330 330 330 330 330 330 330 330 330 330 330 330 330 331 330 330 330 330 330 330 330 330 330 330 330 330 330 330 330 330 330 330 330 330 331 331 331 331 331 331 331 331 331 331 331 331 330 330 330 330 330 330 330 330 330 330 330 330 330 330 330 330 330 330 330 330 330 330 330 330 329 329 329 329 329 329 329 329 329 329 328 329 329 328 328 328 328 328 328 328 328 328 328 328 328 328 327 327 327 327 327 327 327 327 327 327 327 327 326 327 327 326 326 326 326 326 325 325 326 325 325 325 325 325 325 325 325 325 NA NA NA NA NA NA NA NA NA NA NA NA NA NA NA NA NA NA NA NA NA NA NA NA NA NA NA NA NA NA NA NA NA NA NA NA NA NA NA NA NA NA NA NA NA NA NA NA NA NA NA NA NA NA NA NA NA NA NA NA NA NA NA NA NA NA NA NA NA NA NA NA NA NA NA NA NA NA NA NA NA NA NA NA NA NA NA NA NA NA NA NA NA NA NA NA 314 314 314 314 314 313 313 313 NA NA NA NA NA NA NA NA NA NA NA NA NA NA NA NA NA NA NA NA NA NA NA NA NA NA NA NA NA NA NA NA NA NA NA NA NA NA NA NA NA NA NA NA NA NA NA NA NA NA NA NA NA NA NA NA NA NA NA NA NA NA NA
NA NA NA NA NA NA NA NA NA NA NA NA NA NA NA NA NA NA NA NA NA NA NA NA NA NA NA NA NA NA NA NA NA NA NA NA NA NA NA NA NA NA NA NA NA NA NA NA NA NA NA NA NA NA NA NA NA NA 320 320 320 320 320 321 321 321 321 321 321 321 321 321 321 322 322 322 322 322 322 322 322 322 322 322 323 323 323 323 323 323 323 323 323 323 323 324 324 324 324 324 324 324 324 324 324 324 325 325 325 325 325 325 325 325 325 325 325 325 325 326 326 326 326 326 326 326 326 326 326 326 326 326 327 327 327 327 327 327 327 327 327 327 327 328 328 328 328 328 328 328 328 328 328 328 328 328 328 328 328 328 328 328 329 329 329 329 329 329 329 329 329 329 329 329 329 329 329 329 329 329 329 329 329 329 329 330 330 330 330 330 330 330 330 330 330 330 330 330 330 330 330 330 330 330 330 330 330 330 330 330 330 330 330 330 330 330 330 330 331 330 330 330 330 330 330 330 330 330 330 330 330 330 330 330 330 330 330 330 330 330 330 330 331 331 331 331 331 331 331 331 331 331 331 331 331 331 331 330 330 330 330 330 330 330 330 330 330 330 330 330 330 330 330 330 330 330 330 330 330 330 329 329 329 329 329 329 329 329 329 329 329 329 328 328 328 328 328 328 328 328 328 328 328 328 328 327 328 327 327 327 327 327 327 327 327 327 327 327 327 326 326 326 326 325 325 325 325 325 325 325 325 325 325 325 325 NA NA NA NA NA NA NA NA NA NA NA NA NA NA NA NA NA NA NA NA NA NA NA NA NA NA NA NA NA NA NA NA NA NA NA NA NA NA NA NA NA NA NA NA NA NA NA NA NA NA NA NA NA NA NA NA NA NA NA NA NA NA NA NA NA NA NA NA NA NA NA NA NA NA NA NA NA NA NA NA NA NA NA NA NA NA NA NA NA NA NA NA NA NA NA NA 314 314 314 314 314 314 314 314 313 312 NA NA NA NA NA NA NA NA NA NA NA NA NA NA NA NA NA NA NA NA NA NA NA NA NA NA NA NA NA NA NA NA NA NA NA NA NA NA NA NA NA NA NA NA NA NA NA NA NA NA NA NA NA NA NA NA NA NA NA NA NA NA
NA NA NA NA NA NA NA NA NA NA NA NA NA NA NA NA NA NA NA NA NA NA NA NA NA NA NA NA NA NA NA NA NA NA NA NA NA NA NA NA NA NA NA NA NA NA NA NA NA NA NA NA NA NA NA NA 320 320 320 320 320 320 320 321 321 321 321 321 321 321 321 321 321 321 322 322 322 322 322 322 322 322 322 322 323 323 323 323 323 323 323 323 323 323 323 324 324 324 324 324 324 324 324 324 324 325 325 325 325 325 325 325 325 325 325 325 325 325 325 325 326 326 326 326 326 326 326 326 326 326 326 326 326 327 327 327 327 327 327 327 327 327 327 328 328 328 328 328 328 328 328 328 328 328 328 328 328 328 328 328 328 329 329 329 329 329 329 329 329 329 329 329 329 329 329 329 329 329 329 329 329 329 329 329 329 330 330 330 330 330 330 330 330 330 330 330 330 330 330 330 330 330 330 330 330 330 330 330 330 330 330 330 330 330 330 330 330 331 330 330 330 330 330 330 330 330 330 330 330 330 330 330 330 330 330 330 330 330 330 330 330 330 331 331 331 331 331 331 331 331 331 331 331 331 331 331 331 331 330 330 330 330 330 330 330 330 330 330 330 330 330 330 330 330 330 330 330 330 330 330 329 329 329 329 329 329 329 329 329 329 329 329 328 328 328 328 328 328 328 328 328 328 328 328 328 328 327 327 327 327 327 327 327 327 327 327 327 327 327 326 326 326 326 326 326 325 325 325 326 325 325 325 325 325 325 NA NA NA NA NA NA NA NA NA NA NA NA NA NA NA NA NA NA NA NA NA NA NA NA NA NA NA NA NA NA NA NA NA NA NA NA NA NA NA NA NA NA NA NA NA NA NA NA NA NA NA NA NA NA NA NA NA NA NA NA NA NA NA NA NA NA NA NA NA NA NA NA NA NA NA NA NA NA NA NA NA NA NA NA NA NA NA NA NA NA NA NA NA NA NA 314 314 314 314 314 315 315 314 314 313 313 312 312 NA NA NA NA NA NA NA NA NA NA NA NA NA NA NA NA NA NA NA NA NA NA NA NA NA NA NA NA NA NA NA NA NA NA NA NA NA NA NA NA NA NA NA NA NA NA NA NA NA NA NA NA NA NA NA NA NA NA NA NA
NA NA NA NA NA NA NA NA NA NA NA NA NA NA NA NA NA NA NA NA NA NA NA NA NA NA NA NA NA NA NA NA NA NA NA NA NA NA NA NA NA NA NA NA NA NA NA NA NA NA NA NA NA NA NA NA 320 320 320 320 320 320 320 320 320 321 321 321 321 321 321 321 321 321 321 321 322 322 322 322 322 322 322 322 322 323 323 323 323 323 323 323 323 323 324 324 324 324 324 324 324 324 324 324 324 325 325 325 325 325 325 325 325 325 325 325 325 325 325 326 326 326 326 326 326 326 326 326 326 326 326 326 326 327 327 327 327 327 327 327 327 327 327 328 328 328 328 328 328 328 328 328 328 328 328 328 328 328 328 328 329 329 329 329 329 329 329 329 329 329 329 329 329 329 329 329 329 329 329 329 329 329 329 330 330 330 330 330 330 330 330 330 330 330 330 330 330 330 330 330 330 330 330 330 330 330 330 330 330 330 330 330 330 330 330 330 330 330 330 330 330 330 330 330 330 330 330 330 330 330 330 330 330 330 330 330 330 330 330 330 330 330 331 331 331 331 331 331 331 331 331 331 331 331 330 331 331 330 331 330 330 330 330 330 330 330 330 330 330 330 330 330 330 330 330 330 330 330 330 330 329 329 329 329 329 329 329 329 329 329 329 329 328 328 328 328 328 328 328 328 328 328 328 328 328 328 327 327 327 327 327 327 327 327 327 327 327 327 327 326 326 326 326 326 326 326 326 326 326 326 325 325 325 325 325 325 NA NA NA NA NA NA NA NA NA NA NA NA NA NA NA NA NA NA NA NA NA NA NA NA NA NA NA NA NA NA NA NA NA NA NA NA NA NA NA NA NA NA NA NA NA NA NA NA NA NA NA NA NA NA NA NA NA NA NA NA NA NA NA NA NA NA NA NA NA NA NA NA NA NA NA NA NA NA NA NA NA NA NA NA NA NA NA NA NA NA NA NA NA 315 314 315 315 315 315 315 315 314 314 314 314 313 312 312 NA NA NA NA NA NA NA NA NA NA NA NA NA NA NA NA NA NA NA NA NA NA NA NA NA NA NA NA NA NA NA NA NA NA NA NA NA NA NA NA NA NA NA NA NA NA NA NA NA NA NA NA NA NA NA NA NA NA NA
NA NA NA NA NA NA NA NA NA NA NA NA NA NA NA NA NA NA NA NA NA NA NA NA NA NA NA NA NA NA NA NA NA NA NA NA NA NA NA NA NA NA NA NA NA NA NA NA NA NA NA NA NA NA NA 320 320 320 320 320 320 320 320 320 320 320 321 321 321 321 321 321 321 321 321 321 321 322 322 322 322 322 322 322 322 322 323 323 323 323 323 323 323 323 324 324 324 324 324 324 324 324 324 324 324 325 325 325 325 325 325 325 325 325 325 325 325 325 326 326 326 326 326 326 326 326 326 326 326 326 326 326 326 327 327 327 327 327 327 327 327 327 327 328 328 328 328 328 328 328 328 328 328 328 328 328 328 328 328 328 328 329 329 329 329 329 329 329 329 329 329 329 329 329 329 329 329 329 329 329 329 329 329 330 330 330 330 330 330 330 330 330 330 330 330 330 330 330 330 330 330 330 330 330 330 330 330 330 330 330 330 330 330 330 330 330 330 330 330 330 330 330 330 330 330 330 330 330 330 330 330 330 330 330 330 330 330 330 330 330 330 330 331 331 331 331 331 331 331 331 331 330 330 330 330 330 330 330 330 331 330 330 330 330 330 330 330 330 330 330 330 330 330 330 330 330 330 330 330 330 329 329 329 329 329 329 329 329 329 329 329 329 328 328 328 328 328 328 328 328 328 328 328 328 328 328 328 327 327 327 327 327 327 327 327 327 327 327 327 326 326 326 326 326 326 326 326 326 326 326 326 325 325 325 325 325 325 NA NA NA NA NA NA NA NA NA NA NA NA NA NA NA NA NA NA NA NA NA NA NA NA NA NA NA NA NA NA NA NA NA NA NA NA NA NA NA NA NA NA NA NA NA NA NA NA NA NA NA NA NA NA NA NA NA NA NA NA NA NA NA NA NA NA NA NA NA NA NA NA NA NA NA NA NA NA NA NA NA NA NA NA NA 315 315 315 315 315 315 315 315 315 315 315 315 315 315 315 315 315 315 314 313 313 313 312 NA NA NA NA NA NA NA NA NA NA NA NA NA NA NA NA NA NA NA NA NA NA NA NA NA NA NA NA NA NA NA NA NA NA NA NA NA NA NA NA NA NA NA NA NA NA NA NA NA NA NA NA NA NA NA NA NA NA
NA NA NA NA NA NA NA NA NA NA NA NA NA NA NA NA NA NA NA NA NA NA NA NA NA NA NA NA NA NA NA NA NA NA NA NA NA NA NA NA NA NA NA NA NA NA NA NA NA NA NA NA NA NA NA NA 320 320 320 320 320 320 320 320 320 320 321 321 321 321 321 321 321 321 321 321 321 322 322 322 322 322 322 322 322 323 323 323 323 323 323 323 323 324 324 324 324 324 324 324 324 324 324 324 324 325 325 325 325 325 325 325 325 325 325 325 325 325 325 326 326 326 326 326 326 326 326 326 326 326 326 326 326 327 327 327 327 327 327 327 327 327 327 328 328 328 328 328 328 328 328 328 328 328 328 328 328 328 328 328 328 329 329 329 329 329 329 329 329 329 329 329 329 329 329 329 329 329 329 329 329 329 329 329 330 330 330 330 330 330 330 330 330 330 330 330 330 330 330 330 330 330 330 330 330 330 330 330 330 330 330 330 330 330 330 330 330 330 331 330 330 330 330 330 330 330 330 330 330 330 330 330 330 330 330 330 330 330 330 330 330 330 331 331 331 330 330 330 330 330 330 330 330 330 330 330 330 330 331 330 331 330 330 330 330 330 330 330 330 330 330 330 330 330 330 330 330 330 330 330 330 329 329 329 329 329 329 329 329 329 329 329 328 328 328 328 328 328 328 328 328 328 328 328 328 328 328 328 327 327 327 327 327 327 327 327 327 327 327 326 326 326 326 326 326 326 326 326 326 326 325 326 325 325 325 325 325 325 325 NA 324 324 324 324 323 323 NA NA NA NA NA NA NA NA NA NA NA NA NA NA NA NA NA NA NA NA NA NA NA NA NA NA NA NA NA NA NA NA NA NA NA NA NA NA NA NA NA NA NA NA NA NA NA NA NA NA NA NA NA NA NA NA NA NA NA NA NA NA NA NA NA NA NA NA NA NA NA NA NA 316 316 316 316 316 316 315 315 315 315 315 315 315 315 315 315 315 315 315 315 315 314 313 313 313 313 313 313 NA NA NA NA NA NA NA NA NA NA NA NA NA NA NA NA NA NA NA NA NA NA NA NA NA NA NA NA NA NA NA NA NA NA NA NA NA NA NA NA NA NA NA NA NA NA NA NA NA NA NA NA NA NA NA NA
NA NA NA NA NA NA NA NA NA NA NA NA NA NA NA NA NA NA NA NA NA NA NA NA NA NA NA NA NA NA NA NA NA NA NA NA NA NA NA NA NA NA NA NA NA NA NA NA NA NA NA NA NA 320 320 320 320 320 320 320 320 320 320 320 320 320 321 321 321 321 321 321 321 321 321 321 321 321 322 322 322 322 322 322 323 323 323 323 323 323 323 323 323 323 323 324 324 324 324 324 324 324 324 324 324 324 325 325 325 325 325 325 325 325 325 325 325 325 325 326 326 326 326 326 326 326 326 326 326 326 326 326 326 327 327 327 327 327 327 327 327 327 327 328 328 328 328 328 328 328 328 328 328 328 328 328 328 328 328 328 328 329 329 329 329 329 329 329 329 329 329 329 329 329 329 329 329 329 329 329 329 329 329 329 329 330 330 330 330 330 330 330 330 330 330 330 330 330 330 330 330 330 330 330 330 330 330 330 330 330 330 330 330 330 330 330 330 330 330 330 330 330 330 330 330 330 330 330 331 330 330 330 330 330 330 330 330 330 330 330 330 330 331 331 331 331 331 330 331 331 331 330 330 330 330 330 330 330 330 331 331 331 330 330 330 330 330 330 330 330 330 330 330 330 330 330 330 330 330 330 330 330 330 329 329 329 329 329 329 329 329 329 329 328 328 328 328 328 328 328 328 328 328 328 328 328 328 328 328 327 327 327 327 327 327 327 327 327 327 326 326 326 326 326 326 326 326 326 326 326 326 326 325 325 325 325 325 325 325 324 324 324 324 324 324 324 323 323 323 NA 323 323 323 323 323 323 323 322 322 NA NA 322 322 322 NA NA NA NA NA NA NA NA NA NA NA NA NA NA NA NA NA NA NA NA NA NA NA NA NA NA NA NA NA NA NA NA NA NA NA NA NA NA NA NA NA NA NA NA NA NA NA NA NA NA NA NA NA NA NA 316 316 317 316 316 316 316 316 316 316 315 315 316 316 315 316 316 316 316 315 315 315 314 314 314 313 313 313 313 NA NA NA NA NA NA NA NA NA NA NA NA NA NA NA NA NA NA NA NA NA NA NA NA NA NA NA NA NA NA NA NA NA NA NA NA NA NA NA NA NA NA NA NA NA NA NA NA NA NA NA NA NA NA NA
NA NA NA NA NA NA NA NA NA NA NA NA NA NA NA NA NA NA NA NA NA NA NA NA NA NA NA NA NA NA NA NA NA NA NA NA NA NA NA NA NA NA NA NA NA NA NA NA NA NA NA NA NA NA 320 320 320 320 320 320 320 320 320 320 320 320 321 321 321 321 321 321 321 321 321 321 321 321 322 322 322 322 322 322 323 323 323 323 323 323 323 323 323 324 324 324 324 324 324 324 324 324 324 324 324 324 324 325 325 325 325 325 325 325 325 325 325 325 325 326 326 326 326 326 326 326 326 326 326 326 326 326 326 327 327 327 327 327 327 327 327 327 327 328 328 328 328 328 328 328 328 328 328 328 328 328 328 328 328 328 329 329 329 329 329 329 329 329 329 328 329 329 329 329 329 329 329 329 329 329 329 329 329 329 329 329 330 330 330 330 330 330 330 330 330 330 330 330 330 330 330 330 330 330 330 330 330 330 330 330 330 330 330 330 330 330 330 330 330 330 330 330 331 331 330 330 330 330 330 330 330 330 330 330 330 330 330 330 330 330 330 330 331 331 331 331 331 331 331 331 331 331 331 331 331 330 330 330 330 330 331 331 331 330 330 330 330 330 330 330 330 330 330 330 330 330 330 330 330 330 330 330 330 329 329 329 329 329 329 329 329 329 329 329 329 328 328 328 328 328 328 328 328 328 328 328 328 328 328 328 328 328 327 327 327 327 327 327 327 326 326 326 326 326 326 326 326 326 326 326 326 326 326 325 325 325 325 325 325 325 325 324 324 324 324 324 324 324 324 324 324 324 323 323 323 323 323 323 323 322 322 322 322 322 322 322 322 322 321 321 NA NA NA NA NA NA NA NA NA NA NA NA NA NA NA NA NA NA NA NA NA NA NA NA NA NA NA NA NA NA NA NA NA NA NA NA NA NA NA NA NA NA NA NA NA NA NA NA 316 317 317 317 317 317 317 317 317 317 316 316 316 316 316 316 316 316 316 315 315 315 315 314 315 314 314 313 313 313 313 NA NA NA NA NA NA NA NA NA NA NA NA NA NA NA NA NA NA NA NA NA NA NA NA NA NA NA NA NA NA NA NA NA NA NA NA NA NA NA NA NA NA NA NA NA NA NA NA NA NA NA NA NA NA
NA NA NA NA NA NA NA NA NA NA NA NA NA NA NA NA NA NA NA NA NA NA NA NA NA NA NA NA NA NA NA NA NA NA NA NA NA NA NA NA NA NA NA NA NA NA NA NA NA NA NA NA NA 320 320 320 320 320 320 320 320 320 320 320 320 321 321 320 321 321 321 321 321 321 322 322 321 321 322 322 322 322 322 322 323 323 323 323 323 323 323 323 323 324 324 324 324 324 324 324 324 324 324 324 324 325 325 325 325 325 325 325 325 325 325 325 325 325 325 326 326 326 326 326 326 326 326 326 326 326 326 326 326 326 327 327 327 327 327 327 327 327 327 328 328 328 328 328 328 328 328 328 328 328 328 328 328 328 328 328 329 329 329 329 329 329 329 328 329 329 329 329 329 329 329 329 329 329 329 329 329 329 329 329 330 330 330 330 330 330 330 330 330 330 330 330 330 330 330 330 330 330 330 330 330 330 330 330 330 330 330 330 330 330 330 330 330 330 331 331 330 330 331 330 330 330 330 330 330 330 330 330 331 330 330 330 330 330 330 330 330 330 331 331 331 331 331 331 331 331 331 331 331 331 330 330 330 330 330 330 331 331 331 331 330 330 330 330 330 330 330 330 330 330 330 330 330 330 330 330 330 330 330 329 329 329 329 329 329 329 329 329 329 329 329 328 328 328 328 328 328 328 328 328 328 328 328 328 328 328 327 328 327 327 327 327 327 327 327 326 326 326 326 326 326 326 326 326 326 326 326 326 325 325 325 325 325 325 325 325 325 325 325 325 325 325 325 324 324 324 324 323 323 323 323 323 323 323 323 323 323 323 322 322 322 322 322 322 322 322 321 321 321 321 321 321 NA NA NA NA NA NA NA NA NA NA NA NA NA NA NA NA NA NA NA NA NA NA NA NA NA NA NA NA NA NA NA NA NA NA NA NA NA NA NA NA NA NA 316 317 317 317 317 317 317 317 317 317 317 317 316 316 316 316 316 316 316 316 315 315 315 315 315 314 314 313 313 313 313 313 313 NA NA NA NA NA NA NA NA NA NA NA NA NA NA NA NA NA NA NA NA NA NA NA NA NA NA NA NA NA NA NA NA NA NA NA NA NA NA NA NA NA NA NA NA NA NA NA NA NA NA NA NA
NA NA NA NA NA NA NA NA NA NA NA NA NA NA NA NA NA NA NA NA NA NA NA NA NA NA NA NA NA NA NA NA NA NA NA NA NA NA NA NA NA NA NA NA NA NA NA NA NA NA NA 319 319 320 320 320 320 320 320 320 320 320 320 321 321 321 321 320 321 321 321 321 321 322 322 321 321 321 322 322 322 322 322 322 322 323 323 323 323 323 323 323 323 324 324 324 324 324 324 324 324 324 324 324 324 324 325 325 325 325 325 325 325 325 325 325 325 325 325 326 326 326 326 326 326 326 326 326 326 326 326 327 327 326 327 327 327 327 327 327 327 327 327 328 328 328 328 328 328 328 328 328 328 328 328 328 328 328 328 328 329 329 329 329 329 329 329 329 329 329 329 329 329 329 329 329 329 329 329 329 329 329 329 329 329 329 329 330 330 330 330 330 330 330 330 330 330 330 330 330 330 330 330 330 330 330 330 330 330 330 330 330 330 330 330 331 331 331 331 330 330 330 330 330 330 330 330 330 330 331 330 331 331 331 331 331 331 330 330 331 330 330 331 331 331 331 331 331 331 331 331 331 331 331 331 331 330 330 330 330 331 331 331 331 330 330 330 330 330 330 330 330 330 330 330 330 330 330 330 330 330 330 330 330 329 329 329 329 329 329 329 329 329 329 329 329 329 328 328 328 328 328 328 328 328 328 328 328 328 328 328 327 327 327 327 327 327 327 327 327 326 326 326 326 326 326 326 326 326 326 326 325 325 325 325 325 325 325 325 325 325 325 325 325 325 325 325 324 324 324 324 324 323 323 323 323 323 323 323 323 323 322 322 323 323 322 323 322 322 322 322 322 322 322 321 321 321 321 321 321 320 320 NA NA NA NA NA NA NA NA NA NA NA NA NA NA NA NA NA NA NA NA NA NA NA NA NA NA NA NA NA NA NA NA NA NA 316 317 317 317 317 317 317 317 317 317 317 317 317 316 316 316 316 316 316 316 316 315 315 315 315 315 314 314 314 314 314 314 313 313 313 313 313 NA NA NA NA NA NA NA NA NA NA NA NA NA NA NA NA NA NA NA NA NA NA NA NA NA NA NA NA NA NA NA NA NA NA NA NA NA NA NA NA NA NA NA NA NA NA NA NA NA NA
NA NA NA NA NA NA NA NA NA NA NA NA NA NA NA NA NA NA NA NA NA NA NA NA NA NA NA NA NA NA NA NA NA NA NA NA NA NA NA NA NA NA NA NA NA NA NA NA NA 319 319 319 319 320 320 320 320 320 320 320 320 320 320 320 321 321 321 321 321 321 321 322 322 322 322 322 322 322 322 322 322 322 322 322 322 322 323 323 323 323 323 323 323 323 323 323 323 324 324 324 324 324 324 324 324 325 325 325 325 325 325 325 325 325 325 325 325 325 325 325 325 326 326 326 326 326 326 326 326 327 327 327 327 327 327 327 327 327 327 327 327 327 327 328 328 328 328 328 328 328 328 328 328 328 328 328 328 328 328 328 328 329 329 329 329 329 329 329 329 329 329 329 329 329 329 329 329 329 329 329 329 329 329 329 329 330 330 330 329 330 330 330 330 330 330 330 330 330 330 330 330 330 330 330 330 330 330 330 330 330 330 330 330 330 330 331 330 331 330 330 330 330 330 330 330 330 330 330 331 331 331 331 331 331 331 331 331 331 331 331 331 331 331 331 331 331 331 331 331 331 331 331 331 331 331 331 330 330 330 330 331 331 331 331 331 331 330 330 330 330 330 330 330 330 330 330 330 330 330 330 330 330 330 330 329 329 329 329 329 329 329 329 329 329 329 329 329 329 329 328 328 328 328 328 328 328 328 328 328 328 328 327 327 327 327 327 327 327 327 327 326 326 326 326 326 326 326 326 326 326 326 325 325 325 325 325 325 325 325 325 325 325 325 325 325 325 325 324 324 325 325 324 324 324 324 324 324 324 323 323 323 322 323 323 323 323 323 323 322 322 321 322 322 322 321 322 321 320 321 322 321 320 NA NA NA NA NA NA NA NA NA NA NA NA NA NA NA NA NA NA NA NA NA NA NA NA NA NA NA NA NA NA NA NA NA 317 317 317 317 317 317 317 317 317 317 317 317 317 317 316 316 316 316 316 316 316 316 316 316 315 315 314 314 314 314 314 314 314 314 314 313 313 313 313 313 NA NA NA NA NA NA NA NA NA NA NA NA NA NA NA NA NA NA NA NA NA NA NA NA NA NA NA NA NA NA NA NA NA NA NA NA NA NA NA NA NA NA NA NA NA NA NA NA
NA NA NA NA NA NA NA NA NA NA NA NA NA NA NA NA NA NA NA NA NA NA NA NA NA NA NA NA NA NA NA NA NA NA NA NA NA NA NA NA NA NA NA NA NA NA NA NA NA 319 319 319 319 320 320 320 320 320 320 320 320 320 320 320 321 320 320 321 321 321 321 321 321 322 322 322 322 322 322 322 323 322 322 322 322 322 322 323 323 323 323 323 323 324 324 324 324 324 324 324 324 324 324 324 324 324 325 325 325 325 325 325 325 325 325 325 325 325 325 326 326 326 326 326 326 326 326 326 326 326 327 326 327 327 327 327 327 327 327 327 327 327 327 327 328 328 328 328 328 328 328 328 328 328 328 328 328 328 328 328 328 329 329 329 329 329 328 329 329 329 329 329 329 329 329 329 329 329 329 329 329 329 329 329 329 330 329 329 329 329 330 330 330 330 330 330 330 330 330 330 330 330 330 330 330 330 330 330 330 330 330 330 330 331 331 331 330 330 330 330 331 331 331 331 330 330 330 331 331 331 331 330 330 330 330 331 331 331 331 331 330 330 331 331 331 331 331 331 331 331 331 331 331 331 331 330 330 330 330 330 331 331 331 331 331 331 330 330 330 330 330 330 330 330 330 330 330 330 330 330 330 330 330 330 329 329 329 329 329 329 329 329 329 329 329 329 329 329 329 329 328 328 328 328 328 328 328 328 328 328 328 328 327 327 327 327 327 327 327 327 327 326 326 326 326 326 326 326 326 326 326 326 325 325 325 325 325 325 325 325 325 325 325 325 325 324 324 324 324 325 325 325 325 325 325 325 324 325 324 324 323 323 323 323 324 323 323 323 322 322 322 322 322 322 322 322 321 321 321 321 321 320 NA NA NA NA NA NA NA NA NA NA NA NA NA NA NA NA NA NA NA NA NA NA NA NA NA NA NA NA NA NA NA NA NA 317 317 317 317 318 317 317 317 317 317 317 317 317 317 317 316 316 316 316 316 316 316 316 315 315 315 314 314 314 314 314 314 314 314 314 314 313 313 313 313 313 313 313 313 313 313 312 312 312 NA NA NA NA NA NA NA NA NA NA NA NA NA NA NA NA NA NA NA NA NA NA NA NA NA NA NA NA NA NA NA NA NA NA NA NA NA NA NA
NA NA NA NA NA NA NA NA NA NA NA NA NA NA NA NA NA NA NA NA NA NA NA NA NA NA NA NA NA NA NA NA NA NA NA NA NA NA NA NA NA NA NA NA NA NA NA NA NA 319 319 319 319 320 320 320 320 320 320 320 320 320 320 320 320 320 320 321 321 321 321 321 321 321 321 321 321 321 322 322 323 323 323 322 322 322 322 323 323 323 323 323 324 324 324 324 324 324 324 324 324 324 324 324 324 324 324 324 324 325 325 325 325 325 325 325 325 325 326 326 326 326 326 326 326 326 326 326 326 326 326 326 327 327 327 327 327 327 327 327 327 327 327 327 327 328 328 328 328 328 328 328 328 328 328 328 328 328 328 328 328 329 329 329 329 329 329 328 329 329 329 329 329 329 329 329 329 329 329 329 329 329 329 330 330 330 330 329 329 330 330 330 330 330 330 330 330 330 330 330 331 331 330 330 330 330 330 330 330 330 330 330 330 330 330 330 330 330 330 330 330 331 330 330 330 330 330 331 331 331 331 331 331 330 330 330 330 330 330 330 330 330 331 331 331 331 331 331 331 331 331 331 331 331 331 331 331 330 331 331 331 331 331 331 331 331 331 331 330 330 330 330 330 330 330 330 330 330 330 330 330 330 330 330 329 329 329 329 329 329 329 329 329 329 329 329 329 329 329 329 328 328 328 328 328 328 328 328 328 328 328 328 327 327 327 327 327 327 327 327 327 327 326 326 326 326 326 326 326 326 326 326 326 326 326 325 325 325 325 325 325 325 325 325 325 325 325 325 325 324 324 325 325 324 325 325 324 325 324 324 323 323 323 324 323 323 322 322 322 322 322 322 322 322 322 322 321 321 321 321 321 321 320 NA NA NA NA NA NA NA NA NA NA NA NA NA NA NA NA NA NA NA NA NA NA NA NA NA NA NA NA NA NA NA 316 317 317 318 318 318 318 317 317 317 317 317 317 317 317 317 317 316 316 316 316 316 316 315 315 315 315 314 314 314 315 314 314 314 314 314 314 314 313 313 313 313 313 313 313 313 313 312 312 312 312 312 NA NA NA NA NA NA NA NA NA NA NA NA NA NA NA NA NA NA NA NA NA NA NA NA NA NA NA NA NA NA NA NA NA NA NA NA NA
NA NA NA NA NA NA NA NA NA NA NA NA NA NA NA NA NA NA NA NA NA NA NA NA NA NA NA NA NA NA NA NA NA NA NA NA NA NA NA NA NA NA NA NA NA NA NA NA 319 319 319 319 319 320 320 320 320 320 320 320 320 320 320 320 320 321 321 321 321 321 321 321 321 321 321 322 321 321 321 322 322 322 323 323 322 322 322 323 323 323 323 323 323 324 323 324 323 324 324 324 324 324 324 324 324 324 324 324 325 325 325 325 325 325 325 325 325 325 326 326 326 326 326 326 326 326 326 326 326 326 326 327 327 327 327 327 327 327 327 327 327 327 327 327 327 328 328 328 328 328 328 328 328 328 328 328 328 328 328 328 328 328 329 329 329 329 329 329 329 329 329 329 329 329 329 329 329 329 329 329 329 330 330 330 330 329 330 330 329 329 329 330 330 330 330 330 330 330 330 330 330 331 330 330 330 330 330 330 330 331 330 330 330 330 330 330 330 330 330 330 330 330 330 330 330 330 330 330 330 330 330 330 330 330 330 330 330 330 330 330 330 330 331 331 331 331 331 331 331 331 331 331 331 331 331 331 331 331 331 331 331 331 331 331 331 331 331 331 330 330 330 330 330 330 330 330 330 330 330 330 330 330 330 330 330 329 329 329 329 329 329 329 329 329 329 329 329 329 329 329 329 328 328 328 328 328 328 328 328 328 328 328 328 328 328 327 327 327 327 327 327 327 326 326 326 326 326 326 326 326 326 326 326 326 326 326 325 325 325 325 325 325 325 325 325 325 325 325 325 325 325 325 325 325 324 324 324 324 324 323 323 324 324 323 323 323 323 322 323 323 322 322 322 323 322 322 322 321 321 321 322 322 320 320 NA NA NA NA NA NA NA NA NA NA NA NA NA NA NA NA NA NA NA NA NA NA NA NA NA NA NA NA NA NA 316 317 318 318 318 318 318 317 317 317 317 317 317 317 316 316 316 316 316 316 316 316 316 316 315 315 315 315 315 315 315 315 315 315 314 314 314 314 314 313 313 313 313 313 313 313 313 313 313 312 312 312 312 312 NA NA NA NA NA NA NA NA NA NA NA NA NA NA NA NA NA NA NA NA NA NA NA NA NA NA NA NA NA NA NA NA NA NA NA
NA NA NA NA NA NA NA NA NA NA NA NA NA NA NA NA NA NA NA NA NA NA NA NA NA NA NA NA NA NA NA NA NA NA NA NA NA NA NA NA NA NA NA NA NA NA NA 319 319 319 319 319 319 320 320 320 320 320 320 320 320 320 320 320 320 320 320 321 321 321 321 321 321 321 321 321 322 321 322 322 322 322 322 322 323 323 322 322 323 323 323 323 323 323 323 323 323 324 324 324 324 324 324 324 324 324 324 324 325 325 325 325 325 325 325 325 325 325 326 325 326 326 326 326 326 326 326 326 326 326 327 327 327 327 327 327 327 327 327 327 327 327 327 327 327 328 328 328 328 328 328 328 328 328 328 328 328 328 328 328 328 328 329 329 329 329 329 329 329 329 329 329 329 329 329 329 329 329 329 329 329 329 330 330 329 330 330 330 329 329 329 330 330 330 330 330 330 330 330 330 330 331 330 330 330 330 330 330 330 330 330 330 330 330 330 330 330 330 330 330 331 330 330 330 330 330 330 330 330 330 330 330 330 330 330 330 330 330 330 330 330 330 331 331 331 331 331 331 331 331 331 331 331 331 331 331 330 330 330 331 331 331 331 331 331 331 331 331 331 330 330 330 330 330 330 330 330 330 330 330 330 330 330 330 330 329 329 329 329 329 329 329 329 329 329 329 329 329 329 329 329 329 328 328 328 328 328 328 328 328 328 328 328 328 327 327 327 327 327 327 327 327 326 326 326 326 326 326 326 326 326 326 326 326 326 326 326 325 325 325 325 325 325 325 325 325 325 325 325 324 324 325 325 325 324 324 324 324 324 324 324 324 324 324 323 324 323 323 323 323 322 322 322 323 323 323 322 322 321 321 322 321 321 321 320 NA NA NA NA NA NA NA NA NA NA NA NA NA NA NA NA NA NA NA NA NA NA NA NA NA NA NA NA 317 317 318 318 318 317 317 317 317 317 317 318 317 317 317 317 316 316 316 316 316 316 316 316 316 315 315 315 315 315 315 315 315 315 315 314 314 314 314 314 314 314 313 313 313 313 313 313 313 313 313 313 312 312 312 312 NA NA NA NA NA NA NA NA NA NA NA NA NA NA NA NA NA NA NA NA NA NA NA NA NA NA NA NA NA NA NA NA NA NA
NA NA NA NA NA NA NA NA NA NA NA NA NA NA NA NA NA NA NA NA NA NA NA NA NA NA NA NA NA NA NA NA NA NA NA NA NA NA NA NA NA NA NA NA NA NA NA 319 320 320 320 320 320 320 320 320 320 320 320 321 320 321 321 321 321 321 321 321 321 321 321 321 321 321 321 322 322 322 322 322 322 322 322 323 323 323 323 323 323 323 323 324 324 324 324 324 324 324 324 324 324 324 325 325 325 325 325 325 325 325 325 325 325 326 326 326 326 326 326 326 326 326 326 326 327 327 327 327 327 327 327 327 327 327 327 327 327 327 327 327 328 328 328 328 328 328 328 328 328 328 328 328 328 329 329 329 329 329 329 329 329 329 329 329 329 329 329 329 329 329 329 329 329 329 329 330 329 329 330 330 330 330 330 330 330 330 330 330 330 330 330 330 330 330 330 330 330 330 330 330 330 331 331 331 330 330 330 330 330 330 330 330 330 330 330 330 330 330 330 330 330 330 330 330 330 330 330 330 330 330 330 330 330 330 330 330 330 330 330 330 330 330 331 331 331 331 331 331 331 331 331 331 331 331 331 331 331 331 331 330 330 331 331 331 331 331 331 331 330 330 330 330 330 330 330 330 330 330 330 330 330 330 330 330 330 329 329 329 329 329 329 329 329 329 329 329 329 329 329 329 329 329 328 328 328 328 328 328 328 328 328 328 328 328 328 327 327 327 327 327 327 327 327 326 326 326 326 326 326 326 326 326 326 326 326 326 326 326 325 325 325 325 325 325 325 325 325 325 325 325 324 324 325 324 324 324 324 324 324 324 324 324 324 324 324 324 323 323 323 322 322 322 322 322 322 323 322 321 321 322 321 322 321 321 319 NA NA NA NA NA NA NA NA NA NA NA NA NA NA NA NA NA NA NA NA NA NA NA NA NA NA NA 317 317 318 318 318 318 318 317 317 317 318 318 318 317 317 317 317 316 316 316 316 316 316 316 316 316 315 315 315 315 314 314 314 314 314 314 314 314 314 314 314 314 313 313 313 313 313 313 313 313 313 313 312 312 312 312 312 311 311 NA NA NA NA NA NA NA NA NA NA NA NA NA NA NA NA NA NA NA NA NA NA NA NA NA NA NA NA NA NA NA NA
NA NA NA NA NA NA NA NA NA NA NA NA NA NA NA NA NA NA NA NA NA NA NA NA NA NA NA NA NA NA NA NA NA NA NA NA NA NA NA NA NA NA NA NA 319 319 319 320 320 320 320 320 320 320 320 320 320 320 320 321 321 321 321 321 321 321 321 321 321 321 322 322 322 322 322 322 322 322 322 322 322 322 322 323 323 323 323 323 323 323 323 323 323 323 324 324 324 324 324 324 324 325 325 325 325 325 325 325 325 325 325 325 325 326 326 326 326 326 326 326 326 326 326 326 327 327 327 327 327 327 327 327 327 327 327 327 327 327 327 328 328 328 328 328 328 328 328 328 328 328 328 328 329 329 329 329 329 329 329 329 329 329 329 329 329 329 329 329 329 329 329 329 329 329 329 329 329 330 330 330 330 330 330 330 330 330 330 330 330 330 330 330 330 330 330 330 330 330 330 330 330 331 331 330 330 330 330 330 330 330 330 330 330 330 330 330 330 330 330 330 330 330 330 330 330 330 330 330 330 330 330 330 330 330 330 330 330 330 330 330 330 330 331 331 331 331 331 331 331 331 331 331 331 331 331 331 331 331 331 330 330 331 331 331 331 331 331 331 331 330 330 330 330 330 330 330 330 330 330 330 330 330 330 330 330 329 329 329 329 329 329 329 329 329 329 329 329 329 329 329 329 329 329 328 328 328 328 328 328 328 328 328 328 328 328 328 328 327 327 327 327 327 327 327 326 326 326 326 326 326 326 326 326 326 326 326 326 326 326 326 326 325 325 325 324 325 325 325 325 325 324 324 324 325 325 324 324 324 324 324 324 324 324 324 324 324 324 324 323 323 322 322 322 322 323 323 323 322 322 322 321 322 321 320 319 NA NA NA NA NA NA NA NA NA NA NA NA NA NA NA NA NA NA NA NA NA NA NA NA NA NA 317 317 318 317 318 318 318 318 318 318 318 318 318 318 318 317 317 317 316 316 316 316 316 316 315 316 316 315 315 315 315 314 314 314 314 314 314 314 314 314 314 314 313 313 313 313 313 313 313 313 313 313 312 312 312 312 312 312 312 312 311 NA NA NA NA NA NA NA NA NA NA NA NA NA NA NA NA NA NA NA NA NA NA NA NA NA NA NA NA NA NA NA
NA NA NA NA NA NA NA NA NA NA NA NA NA NA NA NA NA NA NA NA NA NA NA NA NA NA NA NA NA NA NA NA NA NA NA NA NA NA NA NA NA NA NA NA 319 319 319 320 320 320 320 320 320 320 320 320 320 320 320 320 321 321 321 321 321 321 321 321 321 322 322 322 322 322 322 322 323 323 323 322 322 322 323 323 323 323 323 323 323 323 323 324 324 324 324 324 324 324 324 324 324 324 325 325 325 325 325 325 325 325 325 325 325 326 326 326 326 326 326 326 326 326 326 326 327 327 327 327 327 327 327 327 327 327 327 327 327 327 328 328 328 328 328 328 328 328 328 328 328 328 328 328 329 329 329 329 329 329 329 329 329 329 329 329 329 329 329 329 329 329 329 329 329 329 329 329 329 330 330 330 330 330 330 330 330 330 330 330 330 330 330 330 330 330 330 330 330 330 330 330 330 330 331 330 330 330 330 330 330 330 330 330 330 330 330 330 330 330 330 330 330 330 330 330 330 330 330 330 330 330 330 330 330 330 330 330 330 330 330 330 330 330 331 331 331 331 331 331 331 331 331 331 331 331 331 331 331 331 331 331 331 331 331 331 331 331 331 331 331 331 330 330 330 330 330 330 330 330 330 330 330 330 330 330 330 329 329 329 330 330 329 329 329 329 329 329 329 329 329 329 329 329 329 329 328 328 328 328 328 328 328 328 328 328 328 328 328 328 328 327 327 327 327 327 327 326 326 326 326 326 326 326 326 326 326 326 326 326 325 326 325 325 324 324 324 325 325 325 325 325 325 325 325 325 324 324 324 324 324 324 325 324 324 324 324 324 324 323 323 323 323 323 322 322 323 323 323 323 322 322 321 321 321 321 320 319 NA NA NA NA NA NA NA NA NA NA NA NA NA NA NA NA NA NA NA NA NA NA NA NA 317 317 318 318 318 318 318 318 318 318 318 318 318 318 318 318 317 317 317 317 316 316 316 316 316 315 315 315 315 315 315 315 315 315 315 315 314 314 314 314 314 314 314 313 313 313 313 313 313 313 313 313 313 312 312 312 312 312 312 312 312 311 311 NA NA NA NA NA NA NA NA NA NA NA NA NA NA NA NA NA NA NA NA NA NA NA NA NA NA NA NA NA NA
NA NA NA NA NA NA NA NA NA NA NA NA NA NA NA NA NA NA NA NA NA NA NA NA NA NA NA NA NA NA NA NA NA NA NA NA NA NA NA NA NA NA NA NA NA 319 319 319 320 320 320 320 320 320 320 320 320 320 320 320 320 321 321 321 321 321 321 321 321 321 321 322 322 322 322 322 322 322 322 323 322 322 323 323 323 323 323 323 323 323 324 324 324 324 324 324 324 324 324 324 324 325 325 325 325 325 325 325 325 325 325 325 325 326 326 326 326 326 326 326 326 326 326 326 326 326 326 326 327 327 327 327 327 327 327 327 327 327 328 328 328 328 328 328 328 328 328 328 328 328 328 328 328 329 329 329 329 329 329 329 329 329 329 329 329 329 329 329 329 329 329 329 329 329 329 329 329 330 330 330 330 330 330 330 330 330 330 330 330 330 330 330 330 330 330 330 330 330 330 330 330 330 331 331 330 331 331 330 330 330 330 330 330 330 330 330 330 330 330 330 330 330 330 330 330 330 330 330 330 330 330 330 330 330 330 330 331 331 331 331 330 331 331 331 331 331 331 331 331 331 331 331 331 331 331 331 331 331 331 331 331 331 331 331 331 331 331 331 331 331 331 330 330 330 330 330 330 330 330 330 330 330 330 330 330 329 329 330 330 330 329 329 329 329 329 329 329 329 329 329 329 329 329 329 329 328 328 328 328 328 328 328 328 328 328 328 328 328 328 328 327 327 327 327 327 327 326 326 326 326 326 326 326 326 326 326 326 325 325 325 325 325 324 324 325 325 325 325 325 325 325 325 325 325 324 324 324 324 324 324 324 324 324 324 324 324 324 323 323 323 323 323 323 322 322 323 323 323 322 322 321 321 320 320 321 320 NA NA NA NA NA NA NA NA NA NA NA NA NA NA NA NA NA NA NA NA NA NA NA 317 317 318 318 318 318 318 318 318 318 318 318 318 318 318 317 318 317 317 317 317 317 317 317 316 316 316 315 315 315 315 315 315 315 315 315 315 314 314 314 314 314 314 313 313 313 313 313 313 313 313 313 313 312 312 312 312 312 312 312 312 312 312 311 NA NA NA NA NA NA NA NA NA NA NA NA NA NA NA NA NA NA NA NA NA NA NA NA NA NA NA NA NA NA
NA NA NA NA NA NA NA NA NA NA NA NA NA NA NA NA NA NA NA NA NA NA NA NA NA NA NA NA NA NA NA NA NA NA NA NA NA NA NA NA NA NA NA NA NA 319 319 319 320 320 320 320 320 320 320 320 320 320 320 320 320 320 321 321 321 321 321 321 321 321 322 322 322 322 322 322 322 322 322 323 323 322 323 323 323 323 323 323 323 323 323 324 324 324 324 324 324 324 324 324 324 324 325 325 325 325 325 325 325 325 325 326 326 325 325 326 326 326 326 326 326 326 326 326 326 326 326 327 327 327 327 327 327 327 327 327 327 327 328 328 328 328 328 328 328 328 328 328 328 328 328 328 328 329 329 329 329 329 329 329 329 329 329 329 329 329 329 329 329 329 329 329 329 329 329 329 329 330 330 330 330 330 330 330 330 330 330 330 330 330 330 330 330 330 330 330 330 330 330 330 330 330 331 331 331 331 331 330 330 330 330 330 330 330 330 330 330 330 330 331 330 330 330 330 330 330 330 330 330 330 330 330 330 330 331 331 331 331 331 331 331 331 331 331 331 331 331 331 331 331 331 331 331 331 331 331 331 331 331 331 331 331 331 331 331 331 331 331 331 331 331 331 331 330 330 330 330 330 330 330 330 330 330 330 330 329 329 330 330 330 330 330 329 329 329 329 329 329 329 329 329 329 329 329 329 328 328 328 328 328 328 328 328 328 328 328 328 328 328 328 328 327 327 327 327 327 327 326 326 326 326 326 326 326 326 326 326 326 326 325 325 325 324 324 325 325 325 325 325 325 325 325 324 324 324 324 324 324 324 324 325 324 324 324 324 323 324 323 323 323 324 323 324 323 323 323 323 323 323 322 321 321 321 320 320 320 320 NA NA NA NA NA NA NA NA NA NA NA NA NA NA NA NA NA NA NA NA NA NA 317 318 318 318 318 318 318 318 319 319 318 319 318 318 317 317 318 317 317 317 317 317 317 316 316 316 316 315 315 315 315 315 315 315 315 315 315 315 314 314 314 314 NA NA NA NA NA NA NA NA 313 313 313 313 312 312 312 312 312 312 312 312 312 312 311 NA NA NA NA NA NA NA NA NA NA NA NA NA NA NA NA NA NA NA NA NA NA NA NA NA NA NA NA NA
NA NA NA NA NA NA NA NA NA NA NA NA NA NA NA NA NA NA NA NA NA NA NA NA NA NA NA NA NA NA NA NA NA NA NA NA NA NA NA NA NA NA NA 319 319 319 319 319 319 319 320 320 320 320 320 320 320 320 320 321 321 321 321 321 321 321 321 321 321 321 322 322 322 322 322 322 322 322 322 322 323 323 323 323 323 323 323 323 323 323 323 323 323 324 324 324 324 324 324 325 325 324 325 325 325 325 325 325 325 325 325 325 326 326 326 326 326 326 326 326 326 326 326 326 326 327 327 327 327 327 327 327 327 327 327 327 327 328 328 328 328 328 328 328 328 328 328 328 328 328 328 328 329 328 329 329 329 329 329 329 329 329 329 329 329 329 329 329 329 329 329 329 329 329 329 329 329 330 330 330 330 330 330 330 330 330 330 330 330 330 330 330 330 330 330 330 330 330 330 330 330 330 331 331 330 331 331 331 330 330 330 330 330 330 330 330 330 330 330 330 330 330 330 330 330 330 330 330 330 330 330 330 331 330 331 330 330 331 331 331 331 331 331 331 331 331 331 331 331 331 331 331 331 331 331 331 331 331 331 331 331 331 331 331 331 331 331 331 331 331 331 331 331 331 330 330 330 330 330 330 330 330 330 330 330 330 330 330 330 330 330 330 329 329 329 329 329 329 329 329 329 329 329 329 329 329 328 328 328 328 328 328 328 328 328 328 328 328 328 328 328 328 328 327 327 327 327 326 326 326 326 326 326 326 326 326 326 325 325 325 325 325 325 325 325 325 325 325 325 325 325 325 324 324 324 324 324 324 324 324 325 324 324 324 323 324 323 323 323 323 323 323 323 323 323 323 323 322 323 323 322 321 321 321 320 320 320 320 NA NA NA NA NA NA NA NA NA NA NA NA NA NA NA NA NA NA NA NA 318 318 318 318 319 319 318 319 319 319 319 318 318 318 318 318 318 318 317 317 317 317 317 317 317 317 316 316 316 315 315 315 315 315 315 315 315 315 314 314 314 314 NA NA NA NA NA NA NA NA NA NA 313 313 313 313 313 312 312 312 312 312 312 312 312 NA NA NA NA NA NA NA NA NA NA NA NA NA NA NA NA NA NA NA NA NA NA NA NA NA NA NA NA NA NA
NA NA NA NA NA NA NA NA NA NA NA NA NA NA NA NA NA NA NA NA NA NA NA NA NA NA NA NA NA NA NA NA NA NA NA NA NA NA NA NA NA NA NA 319 319 319 319 319 319 319 320 320 320 320 320 320 320 321 320 321 321 321 321 321 321 321 321 321 321 321 322 322 322 322 322 322 322 322 322 322 323 323 323 323 323 323 323 323 323 324 324 324 324 324 324 324 324 324 324 324 324 325 325 325 325 325 325 325 325 325 325 326 326 326 326 326 326 326 326 326 326 326 326 327 327 327 327 327 327 327 327 327 327 327 327 327 327 328 328 328 328 328 328 328 328 328 328 328 328 328 328 328 328 328 329 329 329 329 329 329 329 329 329 329 329 329 329 329 329 329 329 329 329 329 329 329 329 330 330 330 330 330 330 330 330 330 330 330 330 330 330 330 330 330 330 330 330 330 330 330 330 330 330 331 330 331 331 331 330 330 330 330 330 330 330 330 330 330 330 330 330 330 330 330 331 330 330 330 330 330 330 331 331 330 331 331 331 330 331 331 331 331 331 331 331 331 331 331 331 331 331 331 331 331 331 331 331 331 331 331 331 331 331 331 331 331 331 331 331 331 331 331 331 331 331 330 330 330 330 330 330 330 330 330 330 330 329 330 330 330 330 330 329 329 329 329 329 329 329 329 329 329 329 329 329 329 329 329 329 329 328 328 328 328 328 328 328 328 328 328 328 328 328 328 327 327 327 327 327 326 326 326 326 325 326 326 325 325 325 325 325 325 324 325 325 326 325 325 325 324 325 325 325 324 324 324 324 324 324 325 325 324 324 324 323 323 323 324 324 323 323 323 323 323 323 323 322 322 322 322 322 322 322 321 321 321 321 321 321 320 NA NA NA NA NA NA NA NA NA NA NA NA NA NA NA NA NA NA 318 318 318 319 319 319 319 319 319 319 319 318 318 318 318 318 318 317 317 317 317 317 316 317 317 317 316 316 316 315 315 315 315 315 315 315 315 315 315 315 314 314 NA NA NA NA NA NA NA NA NA NA NA NA 313 313 313 312 312 312 312 312 312 NA NA NA NA NA NA NA NA NA NA NA NA NA NA NA NA NA NA NA NA NA NA NA NA NA NA NA NA NA NA NA NA
NA NA NA NA NA NA NA NA NA NA NA NA NA NA NA NA NA NA NA NA NA NA NA NA NA NA NA NA NA NA NA NA NA NA NA NA NA 318 318 318 318 318 318 318 318 319 319 319 319 319 319 320 320 320 320 320 320 321 321 321 321 321 321 321 321 321 321 321 321 321 322 322 322 322 322 322 322 322 322 323 323 323 323 323 323 323 323 323 323 324 324 324 324 324 324 324 324 324 325 325 325 325 325 325 325 325 325 325 325 325 325 325 326 326 326 326 326 326 326 326 326 326 326 326 326 327 327 327 327 327 327 327 327 327 327 327 327 328 328 328 328 328 328 328 328 328 328 328 328 328 328 328 328 328 329 329 329 329 329 329 329 329 329 329 329 329 329 329 329 329 329 329 329 329 329 329 329 330 330 330 330 330 330 330 330 330 330 330 330 330 330 330 330 330 330 330 330 330 330 330 330 330 331 331 331 331 331 330 330 330 330 330 330 330 330 330 330 330 330 330 330 330 330 330 330 330 331 330 330 330 331 331 331 331 331 331 331 331 331 331 331 331 331 331 331 331 331 331 331 331 331 331 331 331 331 331 331 331 331 331 331 331 331 331 331 331 331 331 331 331 331 331 331 331 331 331 330 330 330 330 330 330 330 330 330 330 330 329 330 330 330 330 329 329 329 329 329 329 329 329 329 329 329 329 329 329 328 328 328 328 328 328 328 328 328 328 328 328 328 328 328 328 328 328 327 327 327 327 327 327 326 326 326 326 325 325 326 325 325 325 325 325 325 325 325 325 325 325 325 325 325 325 325 325 325 325 324 325 325 325 324 324 324 324 323 324 324 324 324 323 323 323 323 323 323 323 323 322 322 322 322 322 322 321 321 321 321 321 321 320 320 NA NA NA NA NA NA NA NA NA NA NA NA NA NA NA NA 318 319 318 318 319 319 319 319 319 319 319 319 319 318 318 318 318 317 317 317 317 317 316 316 317 317 316 316 316 316 315 315 315 315 315 315 315 315 315 315 315 315 NA NA NA NA NA NA NA NA NA NA NA NA NA NA NA 312 312 312 312 NA NA NA NA NA NA NA NA NA NA NA NA NA NA NA NA NA NA NA NA NA NA NA NA NA NA NA NA NA NA NA NA NA NA NA
NA NA NA NA NA NA NA NA NA NA NA NA NA NA NA NA NA NA NA NA NA NA NA NA NA NA NA NA NA NA NA NA NA NA NA NA NA 318 318 318 318 318 318 318 319 318 319 319 319 319 320 320 320 320 320 320 320 320 321 321 321 321 321 321 321 321 321 321 321 321 321 322 322 322 322 322 322 322 322 323 322 323 323 323 323 323 323 323 323 324 324 324 324 324 324 324 324 324 324 325 325 325 325 325 325 325 325 325 325 325 326 326 326 326 326 326 326 326 326 326 326 326 326 326 326 327 327 327 327 327 327 327 327 327 327 327 327 328 328 328 328 328 328 328 328 328 328 328 328 328 328 328 328 328 329 329 329 329 329 329 329 329 329 329 329 329 329 329 329 329 329 329 329 329 329 329 330 330 330 330 330 330 330 330 330 330 330 330 330 330 330 330 330 330 330 330 330 330 330 330 330 330 330 330 330 330 330 330 330 330 330 330 330 330 330 330 330 330 330 330 330 330 330 330 330 330 331 330 330 331 331 331 331 331 331 331 331 331 331 331 331 331 331 331 331 331 331 331 331 331 331 331 331 331 331 331 331 331 331 331 331 331 331 331 331 331 331 331 331 331 331 331 331 331 331 331 331 330 330 330 330 330 330 330 330 330 330 330 330 330 330 330 329 329 329 329 329 329 329 329 329 329 329 329 329 328 328 328 328 328 328 328 328 328 328 328 328 328 328 328 328 328 328 328 328 328 327 327 327 327 327 327 326 326 326 326 326 325 325 325 325 326 326 326 325 325 325 325 325 325 325 325 325 325 325 325 324 324 325 325 324 324 324 324 324 324 324 324 324 324 324 324 324 323 324 323 323 322 322 322 322 322 322 321 322 322 321 321 320 320 320 NA NA NA NA NA NA NA NA NA NA NA NA NA NA NA 318 318 319 319 318 319 319 319 319 319 319 319 319 319 318 318 318 318 317 317 317 317 317 316 316 316 317 316 316 316 316 316 315 315 315 315 315 315 315 315 315 315 315 NA NA NA NA NA NA NA NA NA NA NA NA NA NA NA NA NA NA NA NA NA NA NA NA NA NA NA NA NA NA NA NA NA NA NA NA NA NA NA NA NA NA NA NA NA NA NA NA NA NA NA NA NA NA
NA NA NA NA NA NA NA NA NA NA NA NA NA NA NA NA NA NA NA NA NA NA NA NA NA NA NA NA NA NA NA NA NA NA NA NA NA 318 318 318 318 318 318 318 318 318 319 319 319 319 319 320 320 320 320 320 320 320 321 321 321 321 321 321 321 321 321 321 321 321 321 321 321 322 322 322 322 322 322 323 322 322 323 323 323 323 323 323 323 324 324 324 324 324 324 324 324 324 324 325 325 325 325 325 325 325 325 325 325 325 325 325 325 326 326 326 326 326 326 326 326 326 326 326 326 326 327 327 327 327 327 327 327 327 327 327 327 328 328 328 328 328 328 328 328 328 328 328 328 328 328 328 328 329 329 329 329 329 329 329 329 329 329 329 329 329 329 329 329 329 329 329 329 330 330 330 330 330 330 330 330 330 330 330 330 330 330 330 330 330 330 330 330 330 330 330 330 330 330 330 330 330 330 330 330 330 330 330 330 330 330 330 330 330 330 330 330 330 330 330 330 330 330 330 330 330 331 331 331 331 331 331 331 331 331 331 331 331 331 331 331 331 332 331 331 331 331 331 331 331 331 331 331 331 331 331 331 331 331 331 331 331 331 331 331 331 331 331 331 331 331 331 331 331 331 331 331 331 330 330 330 330 330 330 330 330 330 330 329 330 330 330 330 329 329 329 329 329 329 329 329 329 329 329 329 329 329 329 329 329 328 328 328 328 328 328 328 328 328 328 328 328 328 328 328 327 327 327 327 327 327 327 327 326 327 326 325 325 325 326 326 326 326 325 325 325 325 325 325 325 325 325 325 325 325 325 325 324 325 324 324 324 324 325 325 325 325 324 324 324 324 324 324 324 324 323 322 322 323 322 322 322 322 322 322 322 321 321 321 320 320 NA NA NA NA NA NA NA NA NA NA NA NA NA NA NA 318 319 319 319 319 319 320 319 319 319 319 319 319 319 319 318 318 318 317 317 317 317 317 316 316 316 317 316 316 316 316 315 315 315 315 316 315 315 315 315 315 315 315 NA NA NA NA NA NA NA NA NA NA NA NA NA NA NA NA NA NA NA NA NA NA NA NA NA NA NA NA NA NA NA NA NA NA NA NA NA NA NA NA NA NA NA NA NA NA NA NA NA NA NA NA NA NA
NA NA NA NA NA NA NA NA NA NA NA NA NA NA NA NA NA NA NA NA NA NA NA NA NA NA NA NA NA NA NA NA NA NA NA NA NA 317 317 318 318 318 318 319 318 318 319 319 319 320 320 320 320 320 320 320 320 320 320 321 321 321 321 321 321 321 321 321 321 321 321 321 321 321 322 322 322 322 322 322 322 323 322 323 323 323 323 323 323 324 324 324 324 324 324 324 324 324 324 324 324 325 325 325 325 325 325 325 325 325 325 325 326 326 326 326 326 326 326 326 326 326 326 326 326 326 326 326 327 327 327 327 327 327 327 327 327 328 328 328 328 328 328 328 328 328 328 328 328 328 328 328 328 329 329 329 329 329 329 329 329 329 329 329 329 329 329 329 329 329 329 330 330 330 330 330 330 330 330 330 330 330 330 330 330 330 330 330 330 330 330 330 330 330 330 330 330 330 330 330 330 330 330 330 330 330 330 330 330 330 330 330 330 330 330 330 330 330 330 330 330 330 330 330 330 330 330 331 331 331 331 331 331 331 331 331 331 331 331 331 331 331 332 332 331 331 331 331 331 331 331 331 331 331 331 331 331 331 331 331 331 331 331 331 331 331 331 331 331 331 331 331 331 331 331 331 331 331 331 330 330 330 330 330 330 330 330 330 330 330 330 330 330 330 329 329 329 329 329 329 329 329 329 329 329 329 329 329 329 329 328 328 329 328 328 328 328 328 328 328 328 327 327 328 327 327 328 327 327 327 327 327 327 327 326 326 325 325 326 326 326 326 325 325 325 325 325 326 325 325 325 325 325 325 325 325 325 325 324 324 324 324 325 325 324 325 325 325 324 324 324 324 324 324 324 323 322 323 323 322 322 322 322 322 322 322 321 322 321 320 320 320 320 NA NA NA NA NA NA NA NA NA NA NA NA 318 318 318 318 319 319 319 320 320 319 319 319 319 319 319 319 319 318 318 318 317 317 317 317 317 317 316 316 316 316 316 316 316 316 316 316 316 316 315 315 315 315 315 315 NA NA NA NA NA NA NA NA NA NA NA NA NA NA NA NA NA NA NA NA NA NA NA NA NA NA NA NA NA NA NA NA NA NA NA NA NA NA NA NA NA NA NA NA NA NA NA NA NA NA NA NA NA NA
NA NA NA NA NA NA NA NA NA NA NA NA NA NA NA NA NA NA NA NA NA NA NA NA NA NA NA NA NA NA NA NA NA NA NA NA NA NA 317 318 318 319 319 320 319 319 319 319 319 319 319 320 320 320 320 320 320 320 320 321 321 321 321 321 321 321 321 321 321 321 321 321 322 322 322 322 322 322 322 322 322 323 323 323 323 323 323 323 324 324 323 323 323 324 324 324 324 324 324 324 324 324 324 325 325 325 325 325 325 325 325 325 325 325 326 326 326 326 326 326 326 326 326 326 326 326 326 326 326 327 327 327 327 327 327 327 327 328 328 328 328 328 328 328 328 328 328 328 328 328 328 328 329 329 329 328 329 329 329 329 329 329 329 329 329 329 329 329 329 329 329 329 329 330 330 330 330 330 330 330 330 330 330 330 330 330 330 330 330 330 330 330 330 330 330 330 330 330 330 330 330 330 330 330 330 330 330 330 330 330 330 330 330 330 330 330 330 330 330 330 330 330 330 330 330 330 330 331 331 330 330 330 331 331 331 331 331 331 331 331 331 331 332 332 332 331 331 331 331 331 331 331 331 331 331 331 331 331 331 331 331 331 331 331 331 331 331 331 331 331 331 331 331 331 331 331 331 331 331 331 331 330 330 330 330 330 330 330 330 330 330 330 329 329 329 329 329 329 329 329 329 329 329 329 329 329 329 329 328 328 329 329 329 328 328 328 328 328 328 328 328 328 328 328 328 327 327 327 327 327 327 327 327 327 326 326 326 326 326 326 326 326 325 325 326 326 326 326 325 325 325 325 325 325 325 325 324 324 324 324 324 324 324 324 324 325 324 324 324 324 324 324 324 324 323 323 323 323 323 323 323 322 322 322 322 322 322 322 322 321 321 320 320 320 320 NA NA NA NA NA NA NA NA NA 318 318 319 319 319 319 319 320 320 320 320 319 319 319 319 319 319 319 319 318 318 318 318 318 317 317 317 316 316 316 316 316 316 316 316 316 316 316 316 316 315 315 315 315 NA NA NA NA NA NA NA NA NA NA NA NA NA NA NA NA NA NA NA NA NA NA NA NA NA NA NA NA NA NA NA NA NA NA NA NA NA NA NA NA NA NA NA NA NA NA NA NA NA NA NA NA NA NA NA
NA NA NA NA NA NA NA NA NA NA NA NA NA NA NA NA NA NA NA NA NA NA NA NA NA NA NA NA NA NA NA NA NA NA NA NA NA NA 317 318 318 318 318 319 320 320 319 319 319 319 319 320 320 320 320 320 320 320 321 321 321 321 321 321 321 321 321 321 321 321 322 322 321 322 322 322 322 322 322 322 322 323 323 323 323 323 323 324 324 324 324 323 323 323 324 324 324 324 324 324 324 325 324 324 324 324 325 325 325 325 325 325 325 325 325 326 326 326 326 326 326 326 326 326 326 326 327 327 327 327 327 327 327 327 327 327 327 327 328 328 328 328 328 328 328 328 328 328 328 328 328 328 328 328 328 328 329 329 329 329 329 329 329 329 329 329 329 329 329 329 329 329 329 329 330 330 330 330 330 330 330 330 330 330 330 330 330 330 330 330 330 330 330 330 330 330 330 331 330 330 330 330 331 331 331 330 330 330 330 330 331 331 330 330 330 330 330 330 330 330 330 330 330 330 330 330 330 331 331 330 330 331 330 331 331 331 331 331 331 331 331 331 332 332 332 332 331 331 331 331 331 331 331 331 331 331 331 331 331 331 331 331 331 331 331 331 331 331 331 331 331 331 331 331 331 331 331 331 331 331 331 331 330 330 330 330 330 330 330 330 330 330 330 329 329 329 329 329 329 329 329 329 329 329 329 329 329 329 329 329 329 329 329 328 328 328 328 328 328 328 328 328 328 327 328 328 328 328 328 328 327 328 327 327 326 326 326 326 326 326 326 326 325 325 326 326 326 326 325 325 326 325 325 325 325 325 324 324 324 324 324 324 324 324 324 324 324 324 324 324 324 324 324 324 324 323 323 323 324 324 323 322 322 322 322 322 322 322 322 321 321 321 320 320 320 320 NA NA NA NA NA NA NA 319 318 319 319 319 320 320 320 320 320 320 320 320 320 319 319 319 319 319 319 319 318 318 318 318 317 317 317 317 317 316 316 316 316 316 NA NA 316 316 316 315 315 315 315 NA NA NA NA NA NA NA NA NA NA NA NA NA NA NA NA NA NA NA NA NA NA NA NA NA NA NA NA NA NA NA NA NA NA NA NA NA NA NA NA NA NA NA NA NA NA NA NA NA NA NA NA NA NA NA NA
NA NA NA NA NA NA NA NA NA NA NA NA NA NA NA NA NA NA NA NA NA NA NA NA NA NA NA NA NA NA NA NA NA NA NA NA NA NA NA 317 317 318 318 319 319 320 320 320 319 319 319 320 320 320 320 320 320 320 320 320 321 321 321 321 321 321 321 321 321 322 322 322 322 322 322 322 322 322 322 322 323 323 323 323 323 323 323 323 323 324 324 324 324 323 323 324 324 324 324 324 324 325 325 325 324 325 325 325 325 325 325 325 325 325 325 325 325 326 326 326 326 326 326 326 326 327 327 327 327 327 327 327 327 327 327 327 327 327 327 328 328 328 328 328 328 328 328 328 328 328 328 328 328 328 328 329 329 329 329 329 329 329 329 329 329 329 329 329 329 329 329 329 329 329 330 330 330 330 330 330 330 330 330 330 330 330 330 330 330 330 330 330 330 330 330 330 330 330 330 330 331 331 331 331 331 330 330 330 330 331 331 331 330 330 330 330 330 330 330 330 330 330 330 330 330 330 330 331 331 331 330 331 330 331 331 331 331 331 331 331 331 331 332 332 332 332 332 331 331 331 331 331 331 331 331 331 331 331 331 331 331 331 331 331 331 331 331 331 331 331 331 331 331 331 331 331 331 331 331 331 331 331 331 330 330 330 330 330 330 330 330 330 330 330 329 329 329 329 329 329 329 329 329 329 329 329 329 329 329 329 329 329 329 329 328 328 328 328 328 328 328 328 328 328 328 328 328 328 328 328 328 328 327 327 326 326 326 326 327 326 326 326 326 326 326 326 326 325 326 326 325 325 325 325 325 325 325 325 325 325 325 324 324 325 325 324 324 324 324 324 324 324 324 324 324 324 324 324 324 324 323 323 323 323 322 322 322 322 322 321 321 321 321 320 320 320 320 319 319 319 319 319 319 319 319 319 319 319 320 320 320 320 320 320 320 320 320 319 319 319 319 319 319 319 319 318 318 318 318 317 317 317 317 316 316 316 316 NA NA NA NA NA NA NA NA NA NA NA NA NA NA NA NA NA NA NA NA NA NA NA NA NA NA NA NA NA NA NA NA NA NA NA NA NA NA NA NA NA NA NA NA NA NA NA NA NA NA NA NA NA NA NA NA NA NA NA NA NA NA NA NA NA NA
NA NA NA NA NA NA NA NA NA NA NA NA NA NA NA NA NA NA NA NA NA NA NA NA NA NA NA NA NA NA NA NA NA NA NA NA NA NA NA 317 318 318 318 318 318 319 320 320 319 319 319 320 320 320 320 320 320 320 320 320 321 321 321 321 321 321 321 321 321 322 322 322 322 322 322 322 322 322 322 322 323 323 323 323 323 323 323 323 323 323 324 324 324 323 323 323 324 324 324 324 324 325 325 325 325 325 325 325 325 325 325 325 325 325 325 325 325 325 326 326 326 326 326 326 327 327 327 327 327 327 327 327 327 327 327 327 327 328 328 328 328 328 328 328 328 328 328 328 328 328 328 328 328 328 329 329 329 329 329 329 329 329 329 329 329 329 329 329 329 329 329 329 329 329 329 329 329 330 330 330 330 330 330 330 330 330 330 330 330 330 330 330 330 330 330 330 330 330 330 331 330 331 330 331 330 330 330 330 331 331 331 330 331 330 330 330 330 330 330 330 330 330 330 330 330 330 330 330 331 331 331 331 331 331 331 331 331 331 331 331 331 331 332 332 332 332 332 331 331 332 332 332 331 331 331 331 331 331 331 331 331 331 331 331 331 331 331 331 331 331 331 331 331 331 331 331 331 331 331 331 331 331 331 331 330 330 330 330 330 330 330 330 330 330 329 329 329 329 329 329 329 329 329 329 329 329 329 329 329 329 329 329 329 329 329 328 328 328 328 328 328 328 328 328 328 328 328 328 328 328 328 328 327 327 327 327 326 327 326 326 326 326 326 326 326 326 325 326 326 326 325 325 325 325 325 325 325 325 325 325 325 324 324 324 324 324 324 325 324 324 324 324 324 324 324 324 324 324 324 324 324 324 323 323 323 322 322 322 322 321 322 321 320 320 320 320 320 320 320 320 320 320 319 319 319 319 319 320 320 320 320 320 320 320 320 320 320 320 319 319 319 319 319 319 318 318 318 318 318 317 317 317 317 317 316 316 316 NA NA NA NA NA NA NA NA NA NA NA NA NA NA NA NA NA NA NA NA NA NA NA NA NA NA NA NA NA NA NA NA NA NA NA NA NA NA NA NA NA NA NA NA NA NA NA NA NA NA NA NA NA NA NA NA NA NA NA NA NA NA NA NA NA NA
NA NA NA NA NA NA NA NA NA NA NA NA NA NA NA NA NA NA NA NA NA NA NA NA NA NA NA NA NA NA NA NA NA NA NA NA NA NA NA 317 318 318 318 318 318 318 319 319 319 320 320 320 320 320 321 320 320 320 320 321 321 321 321 321 321 321 322 321 322 322 322 322 322 322 322 322 322 322 322 322 322 323 323 323 323 323 323 323 323 323 323 324 324 324 324 324 324 324 324 324 324 324 325 325 325 325 325 325 325 325 325 325 325 325 325 325 325 326 326 326 326 326 326 327 327 327 327 327 327 327 327 327 327 327 327 328 328 328 328 328 328 328 328 328 328 328 328 328 328 328 328 328 328 329 329 329 329 329 329 329 329 329 329 329 329 329 329 329 329 329 329 329 329 329 329 329 329 330 330 330 330 330 330 330 330 330 330 330 330 330 330 330 330 330 330 330 330 330 331 331 330 331 331 330 330 330 330 330 330 331 330 330 331 330 330 330 330 330 330 330 330 330 330 330 330 330 330 330 331 331 331 331 331 331 331 331 331 331 331 331 331 331 332 332 332 332 332 332 332 332 332 332 332 331 331 331 331 331 331 331 331 331 331 331 331 331 331 331 331 331 331 331 331 331 331 331 331 331 331 331 331 331 331 331 330 330 330 330 330 330 330 330 330 330 330 330 329 329 329 329 329 329 329 329 329 329 329 329 329 329 329 329 329 329 329 329 328 328 328 328 328 328 328 328 328 328 328 328 328 328 328 327 327 327 327 327 327 326 326 326 326 326 326 326 325 325 325 325 326 325 325 325 325 325 325 325 325 325 325 325 325 325 324 324 323 324 325 325 325 325 324 324 324 325 324 324 324 324 324 324 324 324 324 324 324 323 322 322 322 321 321 321 321 321 320 320 320 320 320 320 320 320 319 319 320 320 320 320 320 320 320 320 320 320 320 320 319 320 319 319 319 319 319 319 318 318 318 318 318 318 317 317 317 317 317 316 316 316 NA NA NA NA NA NA NA NA NA NA NA NA NA NA NA NA NA NA NA NA NA NA NA NA NA NA NA NA NA NA NA NA NA NA NA NA NA NA NA NA NA NA NA NA NA NA NA NA NA NA NA NA NA NA NA NA NA NA NA NA NA NA NA NA NA
NA NA NA NA NA NA NA NA NA NA NA NA NA NA NA NA NA NA NA NA NA NA NA NA NA NA NA NA NA NA NA NA NA NA NA NA NA NA NA 318 318 318 318 318 318 318 319 319 319 319 320 320 320 320 321 321 321 320 320 321 321 321 321 321 321 322 322 321 322 322 322 322 322 322 322 322 322 322 322 322 322 322 323 323 323 323 323 323 323 323 323 324 324 324 324 324 324 324 324 324 324 324 325 325 325 325 325 325 325 325 325 326 326 326 325 326 326 326 326 326 326 326 327 327 327 327 327 327 327 327 327 327 327 327 327 328 328 328 328 328 328 328 328 328 328 328 328 328 328 328 328 328 329 329 329 329 329 329 329 329 329 329 329 329 329 329 329 329 329 329 329 329 329 330 330 329 330 330 330 330 329 329 330 330 330 330 330 330 330 330 330 330 330 330 330 330 330 330 331 331 330 330 330 330 330 330 330 330 331 331 330 330 330 330 330 330 330 330 330 331 331 330 330 330 330 330 330 331 331 331 331 331 331 331 331 331 331 331 331 331 331 331 332 332 332 332 332 332 332 332 332 332 332 332 331 331 331 331 331 331 331 331 331 331 331 331 331 331 331 331 331 331 331 331 331 331 331 331 331 331 331 331 331 331 331 330 330 330 330 330 330 330 330 330 330 330 330 329 329 329 329 329 329 329 329 329 329 329 329 329 329 329 329 329 329 329 329 328 328 328 328 328 328 328 328 328 328 328 328 327 328 328 327 327 327 327 327 327 326 326 326 326 326 326 326 325 325 325 325 325 325 325 326 325 325 325 325 325 325 325 325 325 324 324 324 324 324 324 325 325 325 325 324 325 324 324 324 324 324 324 324 324 323 323 323 323 322 322 321 321 321 321 321 321 321 320 320 320 320 320 320 320 319 319 319 319 320 320 320 320 320 320 320 320 319 319 319 319 319 319 319 319 319 319 319 318 318 318 318 318 317 317 317 317 317 316 316 316 NA NA NA NA NA NA NA NA NA NA NA NA NA NA NA NA NA NA NA NA NA NA NA NA NA NA NA NA NA NA NA NA NA NA NA NA NA NA NA NA NA NA NA NA NA NA NA NA NA NA NA NA NA NA NA NA NA NA NA NA NA NA NA NA NA
NA NA NA NA NA NA NA NA NA NA NA NA NA NA NA NA NA NA NA NA NA NA NA NA NA NA NA NA NA NA NA NA NA NA NA NA NA NA NA NA 318 318 318 318 318 318 319 319 319 319 320 320 320 320 321 321 321 321 321 321 321 321 321 321 321 321 321 321 322 322 322 322 322 322 322 322 322 322 322 322 322 323 323 323 323 323 323 323 323 323 323 324 324 324 324 324 324 324 324 324 324 324 325 325 325 325 325 325 326 326 326 326 326 326 326 326 326 326 326 326 326 327 327 327 327 327 327 327 327 327 327 327 327 327 327 327 328 328 328 328 328 328 328 328 328 328 328 328 328 328 329 329 329 329 329 329 329 329 329 329 329 329 329 329 329 329 329 329 329 329 329 329 329 330 330 330 330 330 330 329 329 329 329 329 330 330 330 330 330 330 330 330 330 330 330 330 330 330 330 330 330 330 330 330 330 330 330 330 330 330 330 330 330 330 330 330 330 330 330 331 331 331 331 330 330 330 330 330 330 331 331 331 331 331 331 331 331 331 331 331 331 331 331 332 332 332 332 332 332 332 332 332 332 332 331 331 331 332 332 331 331 331 331 331 331 331 331 331 331 331 331 331 331 331 331 331 331 331 331 331 331 331 331 331 331 330 330 330 330 330 330 330 330 330 330 330 330 330 329 329 329 329 329 329 329 329 329 329 329 329 329 329 329 329 329 329 328 328 328 328 328 328 328 328 328 328 328 327 327 328 328 328 328 328 328 327 327 327 327 327 327 326 326 326 326 326 326 326 325 325 325 325 326 325 325 325 325 325 325 325 325 326 325 324 324 324 325 325 324 324 325 325 325 325 324 324 324 324 324 324 324 323 323 323 324 323 322 322 322 322 322 322 322 321 321 321 321 321 320 320 320 320 320 320 320 320 320 320 320 321 320 320 320 320 320 319 319 319 319 319 319 319 319 319 319 318 318 318 318 318 318 317 317 318 317 317 316 316 316 NA NA NA NA NA NA NA NA NA NA NA NA NA NA NA NA NA NA NA NA NA NA NA NA NA NA NA NA NA NA NA NA NA NA NA NA NA NA NA NA NA NA NA NA NA NA NA NA NA NA NA NA NA NA NA NA NA NA NA NA NA NA NA NA
NA NA NA NA NA NA NA NA NA NA NA NA NA NA NA NA NA NA NA NA NA NA NA NA NA NA NA NA NA NA NA NA NA NA NA NA NA NA NA NA 318 318 318 318 318 319 319 319 319 319 319 319 320 320 321 321 321 321 321 321 321 321 322 322 322 322 321 321 322 322 322 322 322 322 322 322 322 322 322 322 323 323 323 323 323 323 323 323 323 324 324 324 324 324 324 324 324 324 324 324 324 324 325 325 325 325 325 326 326 326 326 326 326 326 326 326 326 326 326 326 326 326 327 327 327 327 327 327 327 327 327 327 327 327 327 327 328 328 328 328 328 328 328 328 328 328 328 328 328 328 328 329 329 329 329 329 329 329 329 329 329 329 329 329 329 329 329 329 329 329 329 330 330 330 330 330 330 330 330 329 329 329 329 330 330 330 330 330 330 330 330 330 330 330 330 330 330 330 330 330 330 330 330 330 330 330 330 330 330 330 330 330 330 330 330 331 331 331 331 331 331 331 331 331 330 330 330 331 331 331 331 331 331 331 331 331 331 331 331 331 331 331 331 331 332 332 332 332 332 332 332 332 332 332 331 331 331 332 332 331 331 332 331 331 331 331 331 331 331 331 331 331 331 331 331 331 331 331 331 331 331 331 331 331 331 330 330 330 330 330 330 330 330 330 330 329 330 329 329 329 329 329 329 329 329 329 329 329 329 329 329 329 329 329 329 329 328 328 328 328 328 328 328 328 328 328 328 328 328 328 328 328 328 328 328 328 327 327 327 327 327 327 327 326 326 326 326 326 325 325 326 326 326 326 325 325 325 325 325 325 325 325 325 325 324 324 324 324 324 324 324 325 324 324 324 324 324 325 324 324 323 323 323 323 324 324 323 323 322 322 322 322 322 322 321 321 321 321 321 320 320 320 320 320 320 320 320 320 321 321 321 320 320 320 320 320 319 319 319 319 319 319 319 319 319 318 318 318 318 318 318 318 318 318 317 317 317 316 316 316 NA NA NA NA NA NA NA NA NA NA NA NA NA NA NA NA NA NA NA NA NA NA NA NA NA NA NA NA NA NA NA NA NA NA NA NA NA NA NA NA NA NA NA NA NA NA NA NA NA NA NA NA NA NA NA NA NA NA NA NA NA NA NA
NA NA NA NA NA NA NA NA NA NA NA NA NA NA NA NA NA NA NA NA NA NA NA NA NA NA NA NA NA NA NA NA NA NA NA NA NA NA NA NA 318 318 318 318 319 319 319 319 319 319 320 319 320 320 321 321 321 321 321 321 320 321 321 322 322 321 321 322 322 322 322 322 322 322 322 322 322 322 322 322 323 323 323 323 323 323 323 323 323 323 324 324 324 324 324 324 324 324 324 324 324 324 325 325 325 325 326 326 326 326 326 326 326 326 326 326 326 326 326 326 326 326 326 327 327 327 327 327 327 327 327 327 327 327 327 327 327 327 328 328 328 328 328 328 328 328 328 328 328 328 328 328 329 329 329 329 329 329 329 329 329 329 329 329 329 329 329 329 329 329 329 330 330 330 330 330 330 330 330 330 329 329 329 330 330 330 330 330 330 330 330 330 330 330 330 330 330 330 330 330 330 330 330 330 330 330 330 330 330 330 330 330 330 330 330 331 331 331 331 331 331 331 331 331 331 330 331 331 331 331 331 331 331 331 331 331 331 331 331 331 331 331 331 331 332 332 332 332 332 332 332 332 332 332 331 331 331 331 332 332 332 332 332 331 331 331 331 331 331 331 331 331 331 331 331 331 331 331 331 331 331 331 331 331 331 330 330 330 330 330 330 330 330 330 330 330 330 329 329 329 329 329 329 329 329 329 329 329 329 329 329 329 329 329 329 329 329 328 328 328 328 328 328 328 328 328 328 328 328 328 328 328 328 328 328 328 327 327 327 327 327 327 327 327 326 326 326 326 326 326 326 326 326 326 326 325 325 326 326 325 325 325 325 325 324 324 324 324 324 324 325 325 324 324 324 324 324 324 324 324 323 323 324 323 324 324 323 323 323 322 322 322 322 322 322 322 321 321 321 320 320 320 320 320 320 320 320 320 320 321 321 320 320 320 320 320 320 320 319 319 319 319 319 319 319 319 318 318 318 318 318 318 318 318 317 317 317 317 317 317 316 NA NA NA NA NA NA NA NA NA NA NA NA NA NA NA NA NA NA NA NA NA NA NA NA NA NA NA NA NA NA NA NA NA NA NA NA NA NA NA NA NA NA NA NA NA NA NA NA NA NA NA NA NA NA NA NA NA NA NA NA NA NA
NA NA NA NA NA NA NA NA NA NA NA NA NA NA NA NA NA NA NA NA NA NA NA NA NA NA NA NA NA NA NA NA NA NA NA NA NA NA NA 317 318 318 319 319 319 319 319 319 319 319 320 320 320 320 320 321 321 320 320 320 321 321 322 322 321 321 322 322 322 322 322 322 322 322 322 322 322 322 322 322 323 323 323 323 323 323 323 323 323 323 323 324 324 324 324 324 324 324 324 324 324 324 324 325 325 325 325 325 325 326 326 326 326 326 326 326 326 326 326 327 326 326 326 326 326 327 327 327 327 327 327 327 327 327 327 328 327 327 328 328 328 328 328 328 328 328 328 328 328 328 328 328 329 329 329 329 329 329 329 329 329 329 329 329 329 329 329 329 329 329 330 330 330 330 330 330 330 330 330 330 330 329 330 330 330 330 330 330 330 330 330 330 330 330 330 330 330 330 330 330 330 330 330 330 330 330 330 331 331 330 330 330 330 331 331 331 331 331 331 331 331 331 331 331 331 331 331 331 331 331 331 331 331 331 331 331 331 331 331 331 331 331 332 331 332 332 332 332 332 332 332 332 332 332 332 331 331 332 332 332 332 332 332 332 331 331 331 331 331 331 331 331 331 331 331 331 331 331 331 331 331 331 331 331 331 331 330 330 330 330 330 330 330 330 330 330 330 329 329 330 329 329 329 329 329 329 329 329 329 329 329 329 329 329 329 329 329 329 328 328 328 328 328 328 328 328 328 328 328 328 328 328 328 328 328 328 327 327 327 327 327 327 327 327 327 326 326 326 326 326 326 326 326 326 326 325 325 325 326 325 325 325 325 325 324 324 324 324 324 325 325 324 324 323 324 324 324 324 324 324 323 324 324 324 324 324 324 323 323 323 323 322 322 322 322 322 322 321 321 321 320 320 320 320 320 320 320 320 320 321 321 321 320 320 320 320 320 320 319 319 319 319 319 319 318 318 318 318 318 318 318 318 318 318 317 317 317 317 317 317 317 316 NA NA NA NA NA NA NA NA NA NA NA NA NA NA NA NA NA NA NA NA NA NA NA NA NA NA NA NA NA NA NA NA NA NA NA NA NA NA NA NA NA NA NA NA NA NA NA NA NA NA NA NA NA NA NA NA NA NA NA NA NA
NA NA NA NA NA NA NA NA NA NA NA NA NA NA NA NA NA NA NA NA NA NA NA NA NA NA NA NA NA NA NA NA NA NA NA NA NA 317 317 317 317 318 318 318 318 319 319 319 319 319 319 319 320 320 320 321 321 321 321 321 321 321 322 322 322 322 322 322 322 322 322 322 322 322 322 322 322 322 322 322 323 323 323 323 323 323 323 323 323 323 323 324 324 324 324 324 324 324 325 325 325 325 325 325 325 325 325 325 326 326 326 326 326 326 326 326 326 326 326 327 326 326 326 326 326 326 326 327 327 327 327 327 327 327 327 327 327 327 328 328 328 328 328 328 328 328 328 328 328 328 328 328 329 329 329 329 329 329 329 329 329 329 329 329 329 329 329 329 329 329 330 330 330 330 330 330 330 330 329 329 329 329 329 329 330 330 330 329 330 330 330 330 330 330 330 330 330 330 330 330 330 330 330 330 330 330 330 331 330 330 330 330 330 330 331 331 331 331 331 331 331 331 331 331 331 331 331 331 331 331 331 331 331 331 331 331 331 331 331 331 331 331 332 332 332 332 332 332 332 332 332 332 332 332 331 331 331 332 332 332 332 332 332 332 332 331 331 331 331 331 331 331 331 331 331 331 331 331 331 331 331 331 331 331 331 331 330 330 330 330 330 330 330 330 330 330 330 330 330 330 330 329 329 329 329 329 329 329 329 329 329 329 329 329 329 329 329 329 328 328 328 328 328 328 328 328 328 328 328 328 328 328 328 328 328 328 328 327 327 327 327 327 327 327 326 326 326 326 326 326 326 326 326 326 326 326 325 326 325 326 325 326 326 325 325 325 324 324 324 324 325 324 324 324 324 325 324 324 324 324 324 324 324 324 324 324 324 323 323 323 323 323 322 322 322 321 321 321 321 321 321 321 320 320 321 320 320 321 321 321 321 321 321 321 320 320 320 320 320 320 319 319 319 319 319 319 318 318 318 318 318 318 317 317 317 317 317 317 317 317 317 316 NA NA NA NA NA NA NA NA NA NA NA NA NA NA NA NA NA NA NA NA NA NA NA NA NA NA NA NA NA NA NA NA NA NA NA NA NA NA NA NA NA NA NA NA NA NA NA NA NA NA NA NA NA NA NA NA NA NA NA NA NA
NA NA NA NA NA NA NA NA NA NA NA NA NA NA NA NA NA NA NA NA NA NA NA NA NA NA NA NA NA NA NA NA NA NA NA 317 317 317 317 317 317 318 318 318 318 319 319 319 319 319 319 319 320 320 321 321 321 321 321 321 321 321 321 322 322 322 322 322 322 322 322 322 322 322 322 322 322 322 322 322 322 323 323 323 323 323 323 323 323 323 323 324 324 324 324 324 324 324 325 325 325 325 325 325 325 325 326 326 326 326 326 326 326 326 326 326 326 326 326 326 326 326 326 326 326 327 327 327 327 327 327 327 327 327 327 327 327 327 328 328 328 328 328 328 328 328 328 328 328 328 328 328 329 329 329 329 329 329 329 329 329 329 329 329 329 329 329 329 329 329 330 329 329 330 330 330 330 330 330 330 330 330 330 330 329 329 329 329 330 330 330 330 330 330 330 330 330 330 330 330 330 330 330 330 330 330 330 331 331 330 330 330 330 331 331 331 331 331 331 331 331 331 331 331 331 331 331 331 331 331 331 331 331 331 331 331 331 331 331 331 331 331 332 332 332 332 332 332 332 332 332 332 332 332 332 331 331 331 332 331 332 332 332 332 332 331 331 331 331 331 331 331 331 331 331 331 331 331 331 331 331 331 331 331 331 331 330 330 330 331 330 330 330 330 330 330 329 330 330 330 330 330 329 329 329 329 329 329 329 329 329 329 329 329 329 329 329 329 328 328 328 328 328 328 328 328 328 328 328 328 328 328 328 328 328 328 328 327 327 327 327 327 327 327 327 326 326 326 326 326 326 325 325 326 326 326 326 326 325 325 326 326 326 325 325 325 324 324 324 325 325 324 325 325 325 324 324 324 324 324 324 324 324 324 324 324 323 323 323 323 323 323 322 322 322 322 321 321 321 321 321 320 320 320 320 320 320 321 321 321 321 321 321 321 320 320 320 320 320 320 320 320 319 319 319 319 318 318 319 318 318 318 318 318 318 317 317 317 317 317 317 317 NA NA NA NA NA NA NA NA NA NA NA NA NA NA NA NA NA NA NA NA NA NA NA NA NA NA NA NA NA NA NA NA NA NA NA NA NA NA NA NA NA NA NA NA NA NA NA NA NA NA NA NA NA NA NA NA NA NA NA NA NA
NA NA NA NA NA NA NA NA NA NA NA NA NA NA NA NA NA NA NA NA NA NA NA NA NA NA NA NA NA NA NA NA NA NA NA 317 317 317 317 317 318 318 318 318 318 318 319 319 319 320 319 320 320 320 321 321 321 320 321 321 321 321 321 321 321 322 322 322 322 322 322 322 322 321 322 322 322 322 322 322 322 323 323 323 323 323 323 323 323 323 323 324 324 324 324 324 324 324 325 325 325 325 325 325 325 325 326 326 326 326 326 326 326 326 326 326 326 326 326 326 326 326 326 327 327 327 327 327 327 327 327 327 327 327 327 327 327 327 327 328 328 328 328 328 328 328 328 328 328 328 328 328 329 329 329 329 329 329 329 329 329 329 329 329 329 329 329 329 329 329 329 329 329 330 330 330 330 330 330 330 330 330 330 330 330 330 330 330 330 330 330 330 330 330 330 330 330 330 330 330 330 330 330 330 330 330 330 331 331 331 331 331 331 331 331 331 331 331 331 331 331 331 331 331 331 331 331 331 331 331 331 331 331 331 331 331 331 331 331 331 331 331 332 332 332 332 332 332 332 332 332 332 332 332 332 332 331 332 332 331 332 332 332 332 332 332 331 331 331 331 331 331 331 331 331 331 331 331 331 331 331 331 331 331 331 331 331 330 330 331 330 330 330 330 330 330 330 330 330 330 330 330 330 330 329 329 329 329 329 329 329 329 329 329 329 329 329 329 329 329 328 328 328 328 328 328 328 328 328 328 328 328 328 328 328 328 328 327 328 327 327 327 327 327 326 326 326 326 326 326 326 326 326 325 326 326 326 326 326 325 326 326 326 325 325 325 325 325 324 324 325 324 325 325 325 325 325 325 324 324 324 324 324 324 324 324 323 323 323 323 323 323 323 322 322 322 321 322 322 321 321 320 320 320 321 321 321 321 321 321 321 321 321 321 320 320 320 320 320 320 320 319 319 319 319 319 319 319 319 319 318 318 318 318 318 318 317 317 317 317 317 317 317 NA NA NA NA NA NA NA NA NA NA NA NA NA NA NA NA NA NA NA NA NA NA NA NA NA NA NA NA NA NA NA NA NA NA NA NA NA NA NA NA NA NA NA NA NA NA NA NA NA NA NA NA NA NA NA NA NA NA NA NA
NA NA NA NA NA NA NA NA NA NA NA NA NA NA NA NA NA NA NA NA NA NA NA NA NA NA NA NA NA NA NA NA NA NA NA 317 317 318 318 318 318 318 318 318 318 319 319 319 319 320 320 320 321 321 321 321 320 320 320 321 321 321 321 321 321 321 322 322 322 322 322 322 322 322 322 322 322 323 323 323 323 323 323 323 323 323 323 323 323 323 323 323 324 324 324 324 324 324 325 325 325 325 325 325 325 325 326 326 326 326 326 326 326 326 326 326 326 326 327 327 327 327 327 327 327 327 327 327 327 327 327 327 327 327 327 327 328 328 328 328 328 328 328 328 328 328 328 328 328 328 328 328 328 329 329 329 329 329 329 329 329 329 329 329 329 329 329 329 329 329 329 329 329 329 330 330 330 330 330 330 330 330 330 330 330 330 330 330 330 330 330 330 330 330 330 330 330 330 330 330 330 330 330 330 330 330 330 331 331 331 331 331 331 331 331 331 331 331 331 331 331 331 331 331 331 331 331 331 331 331 331 331 331 331 331 331 331 331 331 331 331 331 332 332 332 332 332 332 332 332 332 332 332 332 332 332 332 331 331 331 332 332 332 332 332 332 332 332 331 331 331 331 331 331 331 331 331 331 331 331 331 331 331 331 331 331 331 330 330 331 330 330 330 330 330 330 330 330 330 330 330 330 330 330 330 329 329 329 329 329 329 329 329 329 329 329 329 329 329 329 329 329 329 328 328 328 328 328 328 328 328 328 328 328 328 328 327 328 328 327 327 327 327 327 326 326 326 326 326 327 327 326 326 325 326 326 326 326 326 326 326 326 326 326 326 326 326 325 324 324 324 325 325 325 325 325 325 325 325 324 323 324 324 324 324 323 323 323 323 323 323 323 323 323 322 322 322 322 321 321 321 321 320 320 321 321 320 320 321 321 321 321 321 321 320 320 320 320 320 320 320 320 319 319 319 319 319 319 319 318 318 318 318 318 318 318 318 317 317 317 317 317 317 NA NA NA NA NA NA NA NA NA NA NA NA NA NA NA NA NA NA NA NA NA NA NA NA NA NA NA NA NA NA NA NA NA NA NA NA NA NA NA NA NA NA NA NA NA NA NA NA NA NA NA NA NA NA NA NA NA NA NA NA
NA NA NA NA NA NA NA NA NA NA NA NA NA NA NA NA NA NA NA NA NA NA NA NA NA NA NA NA NA NA NA NA NA NA 316 316 317 317 318 318 318 319 319 318 319 319 319 319 319 320 320 320 321 321 321 321 320 320 320 320 320 321 321 321 321 321 321 321 322 322 322 322 322 322 322 322 322 323 323 323 323 323 323 323 323 323 323 323 324 323 324 324 323 324 324 324 324 324 324 324 325 325 325 325 325 325 326 326 326 326 326 326 326 326 326 327 327 327 327 327 327 327 327 327 327 327 327 327 327 327 328 328 328 328 328 328 328 328 328 328 328 328 328 328 328 329 329 328 329 328 328 328 328 329 329 329 329 329 329 329 329 329 329 329 329 329 329 329 329 329 329 329 329 329 330 330 330 330 330 330 330 330 330 330 330 330 330 330 330 330 330 330 330 330 330 330 330 331 330 330 330 330 330 330 330 330 330 330 330 331 331 331 331 331 331 331 331 331 331 331 331 331 331 331 331 331 331 331 331 331 331 331 331 331 331 331 331 331 331 331 331 331 332 332 332 332 332 332 332 332 332 332 332 332 332 332 332 332 332 332 332 332 332 332 331 332 332 331 331 331 331 331 331 331 331 331 331 331 331 331 331 331 331 331 331 331 331 330 330 331 330 330 330 330 330 330 330 330 330 330 330 329 330 330 330 330 329 329 329 329 329 329 329 329 329 329 329 329 329 329 329 329 329 329 328 328 328 328 328 328 328 328 328 328 328 328 328 328 328 327 327 327 327 327 327 327 326 327 327 327 327 326 326 326 326 326 326 327 326 326 326 326 326 326 326 326 325 325 325 325 324 324 325 325 325 325 325 325 325 324 324 324 324 324 324 323 323 323 323 323 323 323 323 323 323 322 322 322 322 322 322 321 320 320 320 320 320 321 321 321 321 321 321 321 320 320 320 320 320 320 320 320 320 320 319 319 319 319 319 318 318 319 318 318 318 318 317 317 317 317 317 317 317 NA NA NA NA NA NA NA NA NA NA NA NA NA NA NA NA NA NA NA NA NA NA NA NA NA NA NA NA NA NA NA NA NA NA NA NA NA NA NA NA NA NA NA NA NA NA NA NA NA NA NA NA NA NA NA NA NA NA NA NA
NA NA NA NA NA NA NA NA NA NA NA NA NA NA NA NA NA NA NA NA NA NA NA NA NA NA NA NA NA NA NA NA NA NA NA NA 316 317 318 318 318 319 319 319 319 319 320 319 320 320 320 320 320 321 321 321 321 320 320 320 320 321 321 321 321 321 321 321 321 321 322 322 322 323 322 322 322 322 323 323 323 323 323 323 323 323 323 323 323 323 324 324 324 324 324 324 324 324 324 324 324 325 325 325 325 325 325 326 326 326 326 326 326 326 326 327 327 327 327 327 327 327 327 327 327 327 327 327 327 327 327 327 327 328 328 328 328 328 328 328 328 328 328 328 328 328 329 329 328 328 328 328 328 329 329 329 329 329 329 329 329 329 329 329 329 329 329 329 329 329 329 329 330 330 330 330 330 330 330 330 330 330 330 330 330 330 330 330 330 330 330 330 330 330 330 330 330 330 331 331 331 331 331 331 331 331 330 330 330 330 330 330 331 331 331 331 331 331 331 331 331 331 331 331 331 331 331 331 331 331 331 331 331 331 331 331 331 331 331 331 331 331 332 332 332 332 332 332 332 332 332 332 332 332 332 332 332 332 332 332 331 331 332 331 331 331 331 331 331 331 331 331 331 332 331 331 331 331 331 331 331 331 331 331 331 331 331 331 330 331 330 331 330 330 330 330 330 330 330 330 330 330 330 330 330 330 330 329 329 329 329 329 329 329 329 329 329 329 329 329 329 329 329 328 328 328 328 329 329 328 328 328 328 328 329 329 329 329 328 327 327 327 327 327 327 327 327 327 327 327 326 326 326 326 326 326 326 326 327 327 327 326 326 325 325 325 325 325 325 325 325 325 325 325 324 324 325 325 324 324 324 324 324 324 324 323 323 323 323 323 323 323 323 323 323 323 322 322 322 322 321 321 320 320 321 321 321 320 321 321 321 321 321 321 321 321 321 320 320 320 320 320 320 320 319 319 319 319 319 319 319 319 318 318 318 318 318 318 317 317 317 317 317 317 NA NA NA NA NA NA NA NA NA NA NA NA NA NA NA NA NA NA NA NA NA NA NA NA NA NA NA NA NA NA NA NA NA NA NA NA NA NA NA NA NA NA NA NA NA NA NA NA NA NA NA NA NA NA NA NA NA NA NA
NA NA NA NA NA NA NA NA NA NA NA NA NA NA NA NA NA NA NA NA NA NA NA NA NA NA NA NA NA NA NA NA NA NA NA 316 317 317 317 317 318 318 318 319 319 319 319 319 320 320 320 320 320 320 321 321 321 321 320 320 320 321 321 321 321 321 321 321 322 322 322 322 323 322 322 322 322 322 323 323 323 323 323 323 323 323 323 323 323 323 324 324 324 324 324 324 324 324 324 324 324 325 325 325 325 325 325 326 326 326 326 326 326 326 326 326 326 327 327 327 327 327 327 327 327 327 327 327 327 327 327 327 327 328 328 328 328 328 328 328 328 328 328 328 328 328 329 328 329 329 328 328 328 328 329 329 329 329 329 329 329 329 329 329 329 329 329 329 330 330 330 330 330 330 330 330 330 330 330 330 330 330 330 330 330 330 330 330 330 330 330 330 330 330 330 330 330 330 330 330 331 331 331 331 331 331 331 331 330 330 330 330 330 331 331 331 331 331 331 331 331 331 331 331 331 331 331 331 331 331 331 331 331 331 331 331 331 331 331 331 331 331 332 332 332 332 332 332 332 332 332 332 332 332 332 332 332 332 332 332 332 331 331 331 331 331 331 331 331 331 332 332 332 332 332 332 332 331 331 331 331 331 331 331 331 331 331 331 331 331 331 331 330 330 330 330 330 330 330 330 330 330 330 330 330 330 330 330 329 329 329 329 329 329 329 329 329 329 329 329 329 329 329 328 328 328 328 328 329 329 329 329 328 328 328 328 328 329 329 328 327 327 327 328 328 327 327 327 327 327 326 326 326 326 326 326 326 326 326 326 326 326 326 326 325 325 325 326 326 325 325 325 326 325 325 325 325 325 325 325 324 324 324 323 324 323 323 323 323 323 323 323 323 322 323 323 323 323 322 322 322 321 321 320 321 321 321 321 321 321 321 322 321 321 321 321 321 320 320 320 320 320 320 320 320 319 319 319 319 319 319 319 318 318 318 318 318 318 318 317 317 317 317 317 NA NA NA NA NA NA NA NA NA NA NA NA NA NA NA NA NA NA NA NA NA NA NA NA NA NA NA NA NA NA NA NA NA NA NA NA NA NA NA NA NA NA NA NA NA NA NA NA NA NA NA NA NA NA NA NA NA NA NA
NA NA NA NA NA NA NA NA NA NA NA NA NA NA NA NA NA NA NA NA NA NA NA NA NA NA NA NA NA NA NA NA NA NA NA NA 317 317 317 317 318 318 318 318 318 318 319 319 319 319 319 320 320 320 321 321 321 321 321 320 321 321 322 321 321 321 321 321 321 322 322 322 323 323 323 323 323 323 323 323 323 323 323 323 323 323 323 323 324 324 323 324 323 324 324 324 324 324 324 325 325 325 325 325 325 325 325 326 326 326 326 326 326 326 326 326 326 326 327 327 327 327 327 327 327 327 327 327 327 327 327 328 328 328 328 328 328 328 328 328 328 328 328 328 328 328 328 328 329 328 328 328 328 328 329 329 329 329 329 329 329 329 329 329 329 329 329 329 330 330 330 330 330 330 330 330 330 330 330 330 330 330 330 330 330 330 330 330 330 330 330 330 330 330 330 330 330 330 330 330 330 330 330 331 331 331 331 331 330 330 330 330 330 331 331 331 331 331 331 331 331 331 331 331 331 331 331 331 331 331 331 331 331 331 331 331 331 331 331 331 331 331 332 332 332 332 332 332 332 332 332 332 332 332 332 332 332 332 332 332 332 332 332 332 332 332 332 332 331 331 331 331 332 332 332 332 332 332 331 331 331 331 331 331 331 331 331 331 331 331 331 331 331 330 330 330 330 330 330 330 330 330 330 330 330 330 330 330 330 329 329 329 329 329 329 329 329 329 329 329 329 329 329 328 328 329 329 329 328 329 329 329 329 328 328 328 328 328 328 328 328 328 328 328 328 328 328 328 328 327 327 327 327 327 326 326 326 326 326 326 326 326 326 325 325 326 325 326 325 325 325 325 326 325 325 325 325 325 325 325 324 324 324 324 323 323 323 323 323 323 323 323 323 322 323 323 323 323 322 322 322 321 321 321 321 321 321 321 321 321 321 321 321 321 321 321 321 321 320 320 320 320 320 320 320 319 319 319 319 319 319 319 319 319 319 318 318 318 318 317 317 317 317 317 317 NA NA NA NA NA NA NA NA NA NA NA NA NA NA NA NA NA NA NA NA NA NA NA NA NA NA NA NA NA NA NA NA NA NA NA NA NA NA NA NA NA NA NA NA NA NA NA NA NA NA NA NA NA NA NA NA NA NA
NA NA NA NA NA NA NA NA NA NA NA NA NA NA NA NA NA NA NA NA NA NA NA NA NA NA NA NA NA NA NA NA NA NA NA NA NA NA 317 318 318 318 318 318 318 319 319 320 320 320 320 320 320 320 320 320 321 321 321 321 321 322 322 322 322 322 322 322 321 322 322 322 323 323 323 322 323 323 323 323 323 323 323 323 323 323 324 324 324 324 324 324 324 324 324 324 324 324 324 324 324 325 325 325 325 325 325 326 326 326 326 326 326 326 326 326 326 326 326 327 327 327 327 327 327 327 327 327 327 327 328 328 328 328 328 328 328 327 328 328 328 328 328 328 328 328 328 328 328 329 328 328 328 329 329 329 329 329 329 329 329 329 329 329 329 329 329 329 329 330 329 330 330 330 330 330 330 330 330 330 330 330 330 330 330 330 330 330 330 330 330 330 330 330 330 330 330 330 330 330 330 330 330 330 330 330 331 331 331 331 331 331 330 331 331 331 331 331 331 331 331 331 331 331 331 331 331 331 331 331 331 331 331 331 331 331 331 331 331 331 331 331 332 332 332 332 332 332 332 332 332 332 332 332 332 332 332 332 332 332 332 332 332 332 332 332 331 331 331 331 331 331 332 332 332 332 332 332 332 331 331 331 331 331 331 331 331 331 331 331 331 331 331 330 330 330 330 330 330 330 330 330 330 330 330 330 330 330 330 329 329 329 329 329 329 329 329 329 329 329 329 329 329 328 329 329 329 329 329 329 329 329 329 328 328 328 328 328 328 328 328 329 328 328 328 328 328 328 328 327 328 327 327 327 326 326 326 327 326 326 327 326 326 326 326 326 326 325 325 325 326 326 325 325 325 325 325 325 325 325 325 325 325 324 324 324 323 323 323 323 323 323 323 323 323 323 322 323 322 322 322 321 321 321 321 321 321 321 321 321 322 321 321 321 321 321 321 321 320 320 320 320 320 320 320 320 320 320 319 319 319 319 319 319 319 319 318 318 318 318 318 318 317 317 317 317 NA NA NA NA NA NA NA NA NA NA NA NA NA NA NA NA NA NA NA NA NA NA NA NA NA NA NA NA NA NA NA NA NA NA NA NA NA NA NA NA NA NA NA NA NA NA NA NA NA NA NA NA NA NA NA NA NA
NA NA NA NA NA NA NA NA NA NA NA NA NA NA NA NA NA NA NA NA NA NA NA NA NA NA NA NA NA NA NA NA NA NA NA NA NA NA 317 318 318 317 317 318 318 318 319 319 320 320 320 320 320 320 320 320 321 321 321 321 321 322 322 322 322 322 322 322 322 322 322 322 322 323 323 323 323 323 323 323 323 323 323 323 323 323 323 324 324 324 324 324 324 324 324 324 324 324 324 324 324 325 325 325 325 325 325 326 326 326 326 326 326 326 326 326 326 326 326 327 327 327 327 327 327 327 327 327 327 327 327 327 327 328 328 328 328 327 328 328 328 328 328 328 328 328 328 328 328 328 328 329 329 329 329 329 329 329 329 329 329 329 329 329 329 329 329 329 329 329 329 330 330 330 330 330 330 330 330 330 330 330 330 330 330 330 330 331 331 331 330 330 330 330 330 330 330 330 330 330 330 330 330 330 330 330 330 331 331 331 331 331 331 331 331 331 331 331 331 331 331 331 331 331 331 331 331 331 331 331 331 331 331 331 331 331 331 331 331 331 331 331 332 332 332 332 332 332 332 332 332 332 332 332 332 332 332 332 332 332 332 332 332 332 332 332 332 332 332 332 331 331 331 332 332 332 332 332 332 332 331 331 331 331 331 331 331 331 331 331 331 331 331 330 330 330 330 330 330 330 330 330 330 330 330 330 330 330 330 329 329 330 329 329 329 329 329 329 329 329 329 329 329 329 328 328 329 329 329 329 329 329 328 328 329 329 329 328 328 328 328 328 328 328 328 328 328 328 327 327 328 328 328 327 327 327 327 327 326 327 327 327 327 326 326 326 326 326 325 325 326 326 326 325 325 326 326 326 326 325 325 325 325 325 324 323 323 323 323 323 323 323 322 323 323 323 322 322 322 322 321 321 321 321 321 321 321 321 321 322 321 321 321 321 321 321 321 321 320 320 320 320 320 320 320 320 320 320 319 319 319 319 319 319 319 319 319 318 318 318 318 318 317 317 317 317 317 NA NA NA NA NA NA NA NA NA NA NA NA NA NA NA NA NA NA NA NA NA NA NA NA NA NA NA NA NA NA NA NA NA NA NA NA NA NA NA NA NA NA NA NA NA NA NA NA NA NA NA NA NA NA NA NA
NA NA NA NA NA NA NA NA NA NA NA NA NA NA NA NA NA NA NA NA NA NA NA NA NA NA NA NA NA NA NA NA NA NA NA NA NA NA 317 317 317 317 318 318 319 319 319 319 319 320 320 319 319 319 320 321 321 321 321 321 321 321 321 321 321 322 322 323 323 323 322 322 322 323 323 322 322 322 322 323 323 323 323 323 323 323 323 324 324 324 324 324 324 324 324 324 324 325 324 324 324 324 325 325 325 325 325 326 326 326 326 326 326 326 326 326 326 326 326 326 327 327 327 327 327 327 327 327 327 327 327 327 327 327 328 328 328 328 327 328 328 328 328 328 328 328 328 328 328 328 328 329 329 329 329 329 329 329 329 329 329 329 329 329 329 329 329 329 329 329 329 330 330 330 330 330 330 330 330 330 330 330 330 330 330 330 330 330 330 330 331 331 331 331 331 330 330 330 331 331 331 331 330 330 330 330 330 330 331 331 331 331 331 331 331 331 331 331 331 331 331 331 331 331 331 331 331 331 331 331 331 331 331 331 331 331 331 331 331 331 331 331 332 332 332 332 332 332 332 332 332 332 332 332 332 332 332 332 332 332 332 332 332 332 332 332 332 332 332 332 331 331 331 332 332 332 332 332 332 332 332 331 331 331 331 331 331 331 331 331 331 331 331 331 331 331 330 330 330 330 330 330 330 330 330 330 330 330 330 330 330 330 330 329 329 329 329 329 329 329 329 329 329 329 329 329 329 329 329 330 329 328 328 328 329 328 328 328 328 328 328 328 328 328 328 328 328 328 328 327 327 328 328 328 328 328 327 328 327 327 327 327 327 327 327 327 326 326 326 325 326 326 326 326 325 325 326 326 326 326 326 326 325 325 324 324 324 324 323 323 323 323 322 322 322 323 323 323 322 322 322 322 321 322 322 321 321 321 322 322 322 321 322 321 321 321 321 321 321 320 320 320 320 320 320 320 320 320 319 319 319 319 319 319 319 319 319 318 318 318 318 318 318 318 317 317 317 317 NA NA NA NA NA NA NA NA NA NA NA NA NA NA NA NA NA NA NA NA NA NA NA NA NA NA NA NA NA NA NA NA NA NA NA NA NA NA NA NA NA NA NA NA NA NA NA NA NA NA NA NA NA NA NA
NA NA NA NA NA NA NA NA NA NA NA NA NA NA NA NA NA NA NA NA NA NA NA NA NA NA NA NA NA NA NA NA NA NA NA NA NA NA NA 317 318 318 318 319 319 319 319 319 320 320 320 319 319 320 320 321 320 321 320 320 321 321 321 321 321 322 322 322 322 323 323 323 323 323 323 322 322 322 323 323 323 323 323 323 323 323 323 324 324 324 324 324 324 324 324 324 324 324 325 325 325 325 325 325 325 325 325 325 325 326 326 326 326 326 326 326 326 326 326 326 327 327 327 327 327 327 327 327 327 327 327 327 327 327 328 328 328 328 328 328 328 328 328 328 328 328 328 328 328 328 328 329 329 329 329 329 329 329 329 329 329 329 330 330 330 330 329 329 329 329 329 330 330 330 330 330 330 330 330 330 330 330 330 330 330 330 330 330 330 330 330 330 331 331 331 331 331 331 331 331 331 331 331 331 330 330 330 330 330 330 330 331 331 331 331 331 331 331 331 331 331 331 331 331 331 331 331 331 331 331 331 331 331 331 331 331 331 331 331 331 331 331 332 332 332 332 332 332 332 332 332 332 332 332 332 332 332 332 332 332 332 332 332 332 332 332 332 332 332 332 332 331 332 332 332 332 332 332 332 332 332 332 332 332 331 331 331 331 331 331 331 331 331 331 331 331 330 330 330 330 330 330 330 330 330 330 330 330 330 330 330 330 330 330 329 329 329 329 329 329 329 329 329 329 328 328 329 329 329 329 329 328 328 328 328 328 328 329 329 328 328 328 328 328 328 328 328 328 327 327 327 328 328 328 328 328 327 328 328 327 327 327 327 326 326 326 326 326 326 326 326 326 326 326 326 325 325 326 325 326 325 325 325 325 324 324 324 323 323 323 323 323 323 323 322 322 322 322 322 322 322 322 322 322 322 322 322 322 322 322 322 322 321 321 321 321 321 321 321 321 321 321 320 320 320 320 320 320 319 319 319 319 319 319 319 319 319 319 318 318 318 318 318 318 318 317 317 317 317 NA NA NA NA NA NA NA NA NA NA NA NA NA NA NA NA NA NA NA NA NA NA NA NA NA NA NA NA NA NA NA NA NA NA NA NA NA NA NA NA NA NA NA NA NA NA NA NA NA NA NA NA NA NA
NA NA NA NA NA NA NA NA NA NA NA NA NA NA NA NA NA NA NA NA NA NA NA NA NA NA NA NA NA NA NA NA NA NA NA NA NA NA NA NA NA 318 318 319 318 319 319 319 319 320 319 319 319 320 320 320 320 321 320 320 320 321 321 321 321 321 322 322 322 322 323 323 323 323 323 323 323 323 322 323 323 323 323 323 323 323 323 324 324 324 324 324 324 324 324 324 324 325 325 325 325 325 325 325 326 326 326 326 326 326 326 326 326 326 326 326 326 326 326 326 326 327 327 327 327 327 327 327 327 327 327 327 328 328 327 327 328 328 328 328 328 328 328 328 328 328 328 328 328 328 328 329 329 329 329 329 329 329 329 329 329 329 329 330 330 330 330 329 329 329 330 330 330 330 330 330 330 330 330 330 330 330 330 330 330 330 330 330 330 331 331 331 331 331 331 331 331 331 331 331 331 331 331 331 331 331 331 330 330 330 330 331 331 331 331 331 331 331 331 331 331 331 331 331 331 331 331 331 331 331 331 331 331 331 331 331 331 331 331 331 331 331 332 332 332 332 332 332 332 332 332 332 332 332 332 332 332 332 332 332 332 332 332 332 332 332 332 332 332 332 332 332 332 332 332 332 332 332 332 332 332 332 332 332 331 331 331 331 331 331 331 331 331 331 331 331 331 331 331 330 330 330 330 330 330 330 330 330 330 330 330 330 330 330 330 329 329 329 329 329 329 329 329 329 329 329 329 329 329 329 328 328 328 328 328 328 328 329 329 329 328 328 328 328 328 328 328 328 327 328 328 328 328 328 328 327 328 328 327 327 327 327 327 327 327 326 326 326 326 326 326 326 326 326 326 325 326 326 326 326 325 325 326 326 325 324 324 324 323 323 323 323 323 323 323 323 322 322 322 322 322 322 322 322 322 323 322 322 322 322 322 322 321 321 321 321 321 321 321 320 320 320 320 320 320 320 320 320 319 319 319 320 320 319 319 319 319 319 318 318 318 318 317 318 318 318 317 317 317 317 NA NA NA NA NA NA NA NA NA NA NA NA NA NA NA NA NA NA NA NA NA NA NA NA NA NA NA NA NA NA NA NA NA NA NA NA NA NA NA NA NA NA NA NA NA NA NA NA NA NA NA NA NA
NA NA NA NA NA NA NA NA NA NA NA NA NA NA NA NA NA NA NA NA NA NA NA NA NA NA NA NA NA NA NA NA NA NA NA NA NA NA NA NA NA 317 317 318 318 318 318 318 319 319 319 319 319 320 320 320 320 321 320 320 321 321 321 321 321 321 322 322 323 322 323 323 323 323 323 323 323 323 322 323 323 323 323 323 324 323 323 323 324 324 324 324 324 324 324 324 324 325 325 325 325 325 325 325 326 326 326 326 326 326 326 326 326 326 326 326 326 326 326 326 326 327 327 327 327 327 327 327 327 327 327 327 327 327 327 327 328 328 328 328 328 328 328 328 328 328 328 328 328 328 328 329 329 329 329 329 329 329 329 329 329 329 329 329 330 330 330 330 330 330 330 330 330 330 330 330 330 330 330 330 330 330 330 330 330 330 330 331 331 331 331 331 331 331 331 331 331 331 331 331 331 331 331 331 331 332 331 330 330 330 330 331 331 331 331 331 331 331 331 331 331 331 331 331 331 331 331 331 331 331 331 331 331 331 331 331 331 331 331 331 331 331 332 332 332 332 332 332 332 332 332 332 332 332 332 332 332 332 332 332 332 332 332 332 332 332 332 332 332 332 332 332 332 332 332 332 332 332 332 332 332 332 332 332 332 331 331 331 331 331 331 331 331 331 331 331 331 331 331 331 330 330 330 330 330 330 330 330 330 330 330 330 330 330 330 330 329 329 330 329 329 329 329 329 329 329 330 328 328 328 328 328 328 328 328 328 329 329 329 329 329 328 328 328 328 328 328 328 327 328 328 328 328 328 327 328 327 328 327 327 327 327 327 327 327 326 326 326 327 326 327 327 327 326 326 326 326 326 326 326 326 326 326 326 325 325 325 324 323 323 323 323 324 323 323 323 323 323 322 323 323 322 322 322 323 323 322 322 322 322 322 322 322 321 322 321 321 321 321 321 321 320 320 320 320 320 320 320 320 320 320 320 320 319 319 319 319 319 319 318 318 318 317 317 317 317 317 317 317 317 317 317 317 317 NA NA NA NA NA NA NA NA NA NA NA NA NA NA NA NA NA NA NA NA NA NA NA NA NA NA NA NA NA NA NA NA NA NA NA NA NA NA NA NA NA NA NA NA NA NA NA NA NA
NA NA NA NA NA NA NA NA NA NA NA NA NA NA NA NA NA NA NA NA NA NA NA NA NA NA NA NA NA NA NA NA NA NA NA NA NA NA NA NA NA 317 317 318 318 NA NA NA 318 319 319 319 320 320 320 319 320 320 320 320 321 321 321 321 321 322 322 322 322 322 322 323 323 323 324 324 324 324 324 323 323 323 323 323 323 323 323 323 324 324 324 325 324 325 324 324 324 325 325 325 325 325 325 325 326 326 326 326 326 326 326 326 326 326 326 326 326 326 326 326 327 327 327 327 327 327 327 327 327 327 327 327 327 327 328 328 328 328 328 328 328 328 328 328 328 328 328 328 328 328 329 329 329 329 329 329 329 329 329 329 329 330 330 330 330 330 330 330 330 330 330 330 330 330 330 330 330 330 330 330 330 330 330 330 330 330 331 331 331 331 331 331 331 331 331 331 330 330 331 331 331 331 331 331 331 331 331 331 330 330 330 330 330 330 331 331 331 331 331 331 331 331 331 331 331 331 331 331 331 331 331 331 331 331 331 331 331 331 331 331 331 331 332 332 332 332 332 332 332 332 332 332 332 332 332 332 332 332 332 332 332 332 332 332 332 332 332 332 332 332 332 332 332 332 332 332 332 332 332 332 332 332 332 332 332 332 331 331 331 331 331 331 331 331 331 331 331 331 331 331 331 330 331 330 330 330 330 330 330 330 330 330 330 330 330 330 330 330 330 329 329 329 329 329 329 330 330 329 328 328 328 328 329 328 328 328 329 329 329 329 329 328 328 328 328 328 328 327 328 328 327 328 328 328 327 328 327 327 327 327 327 327 327 328 327 327 327 327 327 327 327 327 326 326 326 326 326 326 326 326 326 326 326 326 326 326 326 325 323 323 323 324 324 324 323 323 323 323 323 323 323 323 322 322 323 323 323 322 322 322 322 322 322 322 322 322 322 321 321 321 321 321 320 320 320 320 320 320 320 320 320 320 320 319 319 319 319 319 319 318 318 318 318 318 318 318 317 317 317 317 317 317 317 317 317 317 317 317 316 316 316 316 NA NA NA NA NA NA NA NA NA NA NA NA NA NA NA NA NA NA NA NA NA NA NA NA NA NA NA NA NA NA NA NA NA NA NA NA NA NA NA NA NA
NA NA NA NA NA NA NA NA NA NA NA NA NA NA NA NA NA NA NA NA NA NA NA NA NA NA NA NA NA NA NA NA NA NA NA NA NA NA NA NA NA NA NA NA NA NA NA NA 318 318 319 319 320 320 320 319 319 319 320 320 320 321 321 320 321 322 322 322 321 322 323 322 322 323 323 324 324 324 324 324 323 323 323 323 323 323 324 324 323 324 324 324 324 325 324 325 325 325 325 325 325 325 325 326 325 325 326 326 326 326 326 326 326 326 326 326 326 326 326 326 326 327 327 327 327 327 327 327 327 327 327 327 327 327 328 328 328 328 328 328 328 328 328 328 328 328 328 328 328 328 329 329 329 329 329 329 329 329 329 329 329 330 330 330 330 330 330 330 330 330 330 330 330 330 330 330 330 330 330 330 330 330 330 330 330 331 331 331 331 331 331 331 331 331 331 330 330 331 331 331 331 331 331 331 331 331 331 331 331 331 331 330 331 330 330 331 331 331 331 331 331 331 331 331 331 331 331 331 331 331 331 331 331 331 331 331 331 331 331 331 331 331 332 332 332 332 332 332 332 332 332 333 332 332 332 332 332 332 332 332 332 332 332 332 332 332 332 332 332 332 332 332 332 332 332 332 332 332 332 332 332 332 332 332 332 332 331 331 331 331 331 331 331 331 331 331 331 330 330 330 330 330 331 330 330 330 330 330 330 330 330 330 330 330 330 330 330 330 330 329 329 329 329 328 328 329 329 329 328 328 328 329 329 328 328 328 329 329 329 329 328 328 328 328 328 328 328 328 328 328 328 327 327 328 327 328 327 327 327 327 327 327 327 327 328 327 327 327 327 327 326 326 326 326 326 326 326 326 326 326 326 325 326 326 326 326 326 324 323 323 323 324 324 323 323 323 323 323 323 323 323 323 323 323 322 323 323 323 322 322 322 322 322 322 322 322 322 322 321 321 321 321 321 320 320 320 320 320 320 320 320 320 320 319 319 319 319 319 319 318 318 318 318 318 318 318 318 318 317 317 317 317 317 317 317 317 317 317 317 316 316 316 316 NA NA NA NA NA NA NA NA NA NA NA NA NA NA NA NA NA NA NA NA NA NA NA NA NA NA NA NA NA NA NA NA NA NA NA NA NA NA NA NA
NA NA NA NA NA NA NA NA NA NA NA NA NA NA NA NA NA NA NA NA NA NA NA NA NA NA NA NA NA NA NA NA NA NA NA NA NA NA NA NA NA NA NA NA NA NA NA NA NA 318 319 319 319 319 319 NA NA 319 319 NA NA 320 321 320 321 321 322 322 322 322 322 322 322 322 322 323 323 324 324 324 324 324 324 324 323 324 324 324 324 324 324 324 324 324 325 325 325 325 325 325 325 325 325 325 326 326 325 326 326 326 326 326 326 326 326 326 326 326 326 326 326 327 327 327 327 327 327 327 327 327 327 327 327 327 328 328 328 328 328 328 328 328 328 328 328 328 328 328 328 329 329 329 329 329 329 329 329 329 329 329 329 330 330 330 330 330 330 330 330 330 330 330 330 330 330 330 330 330 330 330 330 330 330 330 331 331 331 331 331 330 331 331 331 331 331 331 331 331 331 331 331 331 331 331 331 331 331 331 332 331 331 331 331 331 331 331 331 331 331 331 331 331 331 331 331 331 331 331 332 331 331 331 331 331 331 332 331 331 331 331 331 332 332 332 332 332 332 332 332 332 333 333 332 332 332 333 333 333 333 332 332 332 332 332 332 332 332 332 332 332 332 332 332 332 332 332 332 332 332 332 332 332 332 332 332 332 331 331 331 331 331 331 331 331 331 331 331 331 331 330 330 330 331 331 330 330 330 330 330 330 330 330 330 330 330 330 330 330 329 329 329 329 329 329 329 329 328 328 329 328 328 328 329 328 328 328 329 328 328 328 328 328 328 328 328 328 328 328 328 328 328 328 328 328 328 328 327 327 327 327 327 327 327 327 328 328 328 327 327 326 327 327 326 326 326 326 326 326 326 326 326 326 326 326 326 325 326 324 324 324 324 324 324 324 323 323 323 323 323 323 323 323 323 323 323 323 323 322 322 322 322 322 322 322 322 322 322 322 322 322 321 321 321 321 321 321 321 321 320 320 320 320 320 319 319 319 319 318 318 318 318 318 318 318 318 318 318 318 318 318 317 317 317 317 317 317 317 317 317 317 316 316 316 316 NA NA NA NA NA NA NA NA NA NA NA NA NA NA NA NA NA NA NA NA NA NA NA NA NA NA NA NA NA NA NA NA NA NA NA NA NA NA NA
NA NA NA NA NA NA NA NA NA NA NA NA NA NA NA NA NA NA NA NA NA NA NA NA NA NA NA NA NA NA NA NA NA NA NA NA NA NA NA NA NA NA NA NA NA NA NA NA NA NA 318 318 NA NA NA NA NA NA NA NA NA 320 320 320 321 321 322 321 322 322 321 322 322 322 322 323 323 324 323 324 324 324 324 324 324 324 325 325 324 324 324 324 324 324 324 325 325 325 325 325 325 325 325 325 325 325 325 326 326 326 326 326 326 326 326 327 327 327 327 326 326 326 327 327 327 327 327 327 327 327 327 327 327 327 328 328 328 328 328 328 328 328 328 328 328 328 328 328 328 328 329 329 329 329 329 329 329 329 329 329 329 330 330 330 330 330 330 330 330 330 330 330 330 330 330 330 330 330 330 330 330 330 330 331 331 331 331 330 330 330 331 331 331 331 331 331 331 331 331 331 331 331 331 331 331 331 332 332 332 331 332 332 332 332 331 331 331 331 331 331 331 331 331 331 331 331 331 331 331 331 331 331 331 331 331 332 331 331 331 331 332 332 332 332 332 332 332 332 332 332 333 333 333 332 332 332 332 332 333 332 332 332 332 332 332 332 332 332 332 332 332 332 332 332 332 332 332 332 332 332 332 332 332 332 332 332 331 331 331 331 331 331 331 331 331 331 331 331 331 331 330 331 331 331 331 330 330 330 330 330 330 330 330 330 330 330 330 329 329 329 329 329 329 330 330 329 328 328 328 328 328 329 329 328 328 328 329 328 329 329 329 329 328 328 328 328 328 328 328 328 328 328 328 328 328 328 327 327 328 327 327 327 327 327 328 327 327 327 327 327 327 327 327 327 327 326 326 326 326 326 326 326 326 326 326 326 325 324 324 324 324 324 324 323 324 324 323 323 323 323 323 323 323 323 323 323 323 322 322 322 322 322 322 322 322 322 322 322 322 321 321 321 321 321 321 321 321 321 321 320 320 320 320 319 319 319 319 319 319 319 319 318 318 318 318 318 318 318 318 318 318 317 317 317 317 317 317 317 317 317 317 316 316 316 NA NA NA NA NA NA NA NA NA NA NA NA NA NA NA NA NA NA NA NA NA NA NA NA NA NA NA NA NA NA NA NA NA NA NA NA NA NA NA
NA NA NA NA NA NA NA NA NA NA NA NA NA NA NA NA NA NA NA NA NA NA NA NA NA NA NA NA NA NA NA NA NA NA NA NA NA NA NA NA NA NA NA NA NA NA NA NA NA NA NA NA NA NA NA NA NA NA NA NA NA 320 320 320 321 321 322 322 321 322 321 322 322 323 323 323 323 323 322 323 323 323 323 323 324 324 325 326 326 326 325 325 324 324 325 325 325 325 325 325 325 325 325 325 325 325 326 326 326 326 326 326 326 326 326 326 326 326 326 326 327 327 326 326 326 327 327 327 327 327 327 327 327 327 327 327 328 328 328 328 328 328 328 328 328 328 329 329 328 328 329 329 329 329 329 329 329 329 329 329 329 329 330 330 330 330 330 330 330 330 330 330 330 330 330 330 330 330 330 330 330 330 330 330 331 331 331 331 330 331 331 331 331 331 331 331 331 331 331 331 331 331 331 331 331 331 331 332 332 331 332 331 332 332 331 331 331 331 332 332 331 331 331 331 331 331 331 331 331 331 331 331 331 331 331 331 331 331 331 332 332 332 332 332 332 332 332 332 333 332 333 332 332 332 332 332 332 332 332 332 333 333 333 333 333 332 332 332 332 332 332 332 332 332 332 332 332 332 332 332 332 332 332 332 332 332 332 331 331 331 331 331 331 331 331 331 331 331 331 331 331 331 331 331 331 330 331 331 330 330 330 330 330 330 330 330 330 329 329 329 329 329 329 330 330 329 329 328 328 328 329 329 329 328 328 328 328 328 328 329 329 329 328 328 328 328 328 328 328 328 328 328 328 328 328 327 327 327 328 327 327 328 328 328 328 328 327 327 327 327 327 328 327 327 326 326 326 326 326 327 326 326 326 326 326 326 325 324 324 324 324 324 324 324 324 324 324 324 324 323 323 323 323 323 323 323 324 323 322 322 322 322 322 322 322 322 322 322 322 322 321 321 321 321 321 321 321 321 321 320 320 320 320 320 319 319 319 319 319 319 319 318 318 318 318 318 318 318 318 318 318 318 317 317 317 317 317 317 317 317 317 317 316 316 NA NA NA NA NA NA NA NA NA NA NA NA NA NA NA NA NA NA NA NA NA NA NA NA NA NA NA NA NA NA NA NA NA NA NA NA NA NA NA
NA NA NA NA NA NA NA NA NA NA NA NA NA NA NA NA NA NA NA NA NA NA NA NA NA NA NA NA NA NA NA NA NA NA NA NA NA NA NA NA NA NA NA NA NA NA NA NA NA NA NA NA NA NA NA NA NA NA NA NA NA NA NA 320 321 322 322 322 322 321 322 322 323 323 323 324 324 323 322 322 323 323 323 323 323 324 324 325 325 325 326 326 325 324 325 325 326 326 325 325 325 325 325 325 325 325 326 326 326 327 327 326 326 326 326 327 327 327 327 327 327 327 327 327 327 327 327 327 327 327 327 327 327 327 328 328 328 328 328 328 328 328 328 329 329 328 328 328 328 328 329 329 329 329 329 329 329 329 329 329 329 329 330 330 330 330 330 330 330 330 330 330 330 330 330 330 330 330 330 330 330 330 330 331 331 331 331 330 330 330 331 330 330 330 331 331 331 331 331 331 331 331 331 331 331 331 331 331 332 331 332 332 331 331 331 331 331 331 332 332 331 331 331 331 331 331 331 331 331 331 331 331 331 331 331 331 331 331 331 331 331 331 332 332 333 333 332 332 332 332 332 332 332 332 332 332 332 332 332 332 333 332 332 332 332 332 332 332 332 332 332 332 332 332 332 332 332 332 332 332 332 332 332 332 332 332 332 331 331 331 331 332 331 331 331 331 331 331 331 331 331 331 331 331 331 331 331 331 330 330 330 330 330 330 330 330 330 329 330 330 330 330 330 329 329 329 329 329 329 329 329 329 329 328 328 328 328 328 329 329 329 329 329 328 328 328 328 328 328 328 328 328 328 328 328 327 327 327 327 327 327 327 327 328 328 328 327 327 327 327 328 328 328 327 327 327 326 326 326 326 326 326 326 326 326 326 325 324 324 324 324 324 324 324 324 324 324 324 324 324 323 323 323 323 323 323 324 324 323 322 322 322 322 322 322 322 322 322 322 322 321 321 321 321 321 321 321 321 320 320 320 320 320 320 320 319 319 319 319 319 319 318 318 318 318 318 318 318 318 318 318 318 318 317 317 317 317 317 317 317 317 317 316 316 NA NA NA NA NA NA NA NA NA NA NA NA NA NA NA NA NA NA NA NA NA NA NA NA NA NA NA NA NA NA NA NA NA NA NA NA NA NA NA
NA NA NA NA NA NA NA NA NA NA NA NA NA NA NA NA NA NA NA NA NA NA NA NA NA NA NA NA NA NA NA NA NA NA NA NA NA NA NA NA NA NA NA NA NA NA NA NA NA NA NA NA NA NA NA NA NA NA NA NA NA NA NA NA 321 321 321 321 321 322 322 322 322 323 323 323 323 323 323 323 323 324 324 324 324 324 324 324 324 324 325 326 326 326 325 326 326 326 326 326 325 325 325 325 326 326 326 326 326 326 326 326 326 326 327 327 327 327 327 327 327 327 327 327 327 327 327 327 327 327 327 328 328 328 328 328 328 328 328 328 328 328 328 328 328 328 328 328 328 328 328 329 329 329 329 329 329 329 329 329 329 329 330 330 330 330 330 330 330 330 330 330 330 330 330 330 330 330 330 330 330 330 330 331 330 330 330 330 331 330 330 331 331 331 331 331 331 331 331 331 331 331 331 331 331 331 331 331 332 332 332 332 332 332 332 331 332 332 331 331 331 331 331 331 331 331 331 331 332 331 331 331 331 331 331 331 331 332 332 331 331 331 333 332 333 333 333 332 332 332 333 332 332 332 332 332 332 332 332 332 332 332 333 332 332 332 332 332 332 332 332 332 332 332 332 332 332 332 332 332 332 332 332 332 332 332 332 332 332 331 331 331 331 331 331 331 331 331 331 331 331 331 331 331 331 331 331 331 331 330 330 330 330 330 330 330 330 330 330 331 331 330 330 330 329 329 329 329 329 329 329 328 328 328 329 329 328 329 329 329 329 328 328 328 328 328 328 328 328 328 328 328 328 328 328 328 328 328 327 327 327 327 327 327 327 328 327 327 327 327 327 327 327 327 327 326 326 326 327 327 326 326 326 326 326 326 326 325 325 324 324 324 324 324 324 324 324 324 324 324 324 323 323 323 323 323 323 324 323 322 322 322 322 322 322 322 322 322 322 322 322 321 321 321 321 321 321 321 320 320 320 320 320 320 320 320 319 319 319 319 319 318 318 318 318 318 318 318 318 318 318 318 318 317 317 317 317 317 317 317 317 317 317 NA NA NA NA NA NA NA NA NA NA NA NA NA NA NA NA NA NA NA NA NA NA NA NA NA NA NA NA NA NA NA NA NA NA NA NA NA NA NA NA
NA NA NA NA NA NA NA NA NA NA NA NA NA NA NA NA NA NA NA NA NA NA NA NA NA NA NA NA NA NA NA NA NA NA NA NA NA NA NA NA NA NA NA NA NA NA NA NA NA NA NA NA NA NA NA NA NA NA NA NA NA NA NA NA 321 321 321 322 322 322 322 322 322 322 322 322 323 323 323 323 323 324 324 324 325 325 325 325 324 324 325 326 326 326 326 326 326 326 326 326 326 326 325 326 326 326 326 326 326 326 326 326 327 327 327 327 327 327 327 327 327 327 327 328 327 327 327 327 327 327 328 328 328 328 328 328 328 328 328 328 328 328 328 328 328 328 328 328 328 329 329 329 329 329 329 329 329 329 329 329 329 329 329 330 330 330 330 330 330 330 330 330 330 330 330 330 330 330 330 330 330 330 330 330 330 331 331 331 331 331 331 331 331 331 331 331 331 331 331 331 331 331 331 331 331 331 331 332 332 332 332 332 332 332 332 332 332 332 332 331 331 331 331 331 331 331 331 331 332 332 331 331 331 331 331 331 332 332 332 332 332 332 332 333 333 333 333 333 332 332 333 333 332 332 332 332 332 332 332 332 332 332 332 332 332 332 332 332 332 332 332 332 332 332 332 332 332 332 332 332 332 332 332 332 332 332 332 332 332 332 332 331 331 331 331 331 331 331 331 331 331 331 331 331 331 331 331 331 331 331 330 330 330 330 330 330 330 330 330 330 330 330 330 330 330 329 329 329 329 329 329 328 328 328 328 328 328 329 329 329 329 329 328 328 328 328 328 328 328 328 328 328 328 328 328 328 328 328 328 327 327 327 327 327 327 328 328 328 328 328 328 327 327 327 327 326 327 327 327 327 326 326 326 326 326 326 326 325 324 324 324 324 324 325 325 325 324 324 324 324 324 324 324 323 323 323 323 323 324 324 323 323 322 322 322 322 322 322 322 322 322 322 321 321 321 321 321 321 321 321 321 320 320 320 320 319 319 319 319 319 319 318 318 318 318 318 318 318 318 318 318 318 318 318 317 317 317 317 317 317 317 317 317 NA NA NA NA NA NA NA NA NA NA NA NA NA NA NA NA NA NA NA NA NA NA NA NA NA NA NA NA NA NA NA NA NA NA NA NA NA NA NA NA
NA NA NA NA NA NA NA NA NA NA NA NA NA NA NA NA NA NA NA NA NA NA NA NA NA NA NA NA NA NA NA NA NA NA NA NA NA NA NA NA NA NA NA NA NA NA NA NA NA NA NA NA NA NA NA NA NA NA NA NA NA NA NA 320 321 322 322 322 322 322 322 322 322 322 322 323 323 323 323 324 324 324 324 324 325 325 326 325 325 324 324 325 325 326 325 326 326 326 326 326 326 326 326 326 326 326 326 326 326 326 326 326 327 327 327 327 327 327 327 327 327 327 327 327 327 327 328 328 327 328 327 328 328 328 328 328 328 328 328 328 328 328 328 329 329 329 329 329 329 329 329 329 329 329 329 329 329 329 329 329 329 329 329 329 329 330 330 330 330 330 330 330 330 330 330 330 330 330 330 330 330 330 331 331 331 331 331 331 331 331 331 331 331 331 331 331 330 331 331 331 331 331 331 331 331 332 331 332 332 332 332 332 332 332 332 332 332 332 331 331 331 331 331 331 331 331 331 331 331 332 332 331 332 332 332 332 332 332 332 332 332 332 332 333 333 333 333 333 333 332 333 333 332 332 332 332 332 332 332 332 332 332 332 332 332 332 332 332 332 332 332 332 332 332 332 332 332 332 332 332 332 332 332 332 332 332 332 332 332 332 332 332 331 331 331 331 331 331 331 331 331 331 331 331 331 331 331 331 331 331 331 330 330 330 330 330 330 331 331 331 331 331 330 330 330 330 329 329 329 329 329 329 328 328 328 328 328 329 329 329 329 329 329 328 328 328 328 328 328 328 328 328 328 328 328 328 328 328 328 328 328 327 327 328 328 328 328 328 328 328 328 328 327 327 327 327 327 327 327 327 326 326 326 326 326 326 326 325 324 324 324 324 324 325 325 324 324 324 324 324 324 324 324 324 323 323 324 324 324 323 323 323 323 322 322 322 322 322 322 322 322 322 322 321 321 321 321 321 321 321 321 321 321 320 320 320 320 320 320 319 319 319 318 318 318 318 318 318 318 318 318 318 318 318 318 317 317 317 317 317 317 317 317 NA NA NA NA NA NA NA NA NA NA NA NA NA NA NA NA NA NA NA NA NA NA NA NA NA NA NA NA NA NA NA NA NA NA NA NA NA NA NA NA
NA NA NA NA NA NA NA NA NA NA NA NA NA NA NA NA NA NA NA NA NA NA NA NA NA NA NA NA NA NA NA NA NA NA NA NA NA NA NA NA NA NA NA NA NA NA NA NA NA NA NA NA NA NA NA NA NA NA NA NA NA NA NA NA NA 321 322 322 322 322 321 322 322 322 323 323 323 323 323 323 323 323 323 324 324 324 325 326 325 325 325 325 324 325 325 325 325 327 327 326 326 326 326 327 326 326 326 326 326 326 326 326 326 326 327 327 327 328 327 327 327 327 327 327 327 327 327 328 328 327 327 327 328 328 328 328 328 328 329 328 328 328 328 328 329 329 329 329 329 329 329 329 329 329 329 329 329 329 329 329 329 329 329 329 329 329 329 329 329 330 330 330 330 330 330 330 330 330 330 330 330 330 330 330 330 330 330 331 331 331 331 331 331 331 331 331 331 331 331 331 331 331 331 331 331 331 331 331 331 332 332 332 332 332 332 332 332 332 331 331 331 331 331 331 331 331 332 332 331 332 332 332 332 332 332 332 332 332 332 332 332 332 333 333 333 333 333 333 333 332 333 333 333 333 332 333 333 332 332 332 332 332 332 332 332 332 332 332 332 332 332 332 332 332 332 332 332 332 332 332 332 332 332 332 332 332 332 332 332 332 332 332 331 331 331 331 331 331 331 331 331 331 331 331 331 331 331 331 331 331 331 331 331 330 330 330 331 331 331 331 331 331 331 330 330 330 330 329 329 329 329 329 328 328 328 328 328 329 329 329 329 329 329 329 329 328 328 328 328 328 328 328 328 328 328 328 328 328 328 328 328 327 327 328 328 328 328 328 328 328 328 328 328 327 327 327 327 327 327 327 327 327 326 326 326 326 326 326 325 324 324 324 324 325 325 325 324 324 324 324 323 324 324 323 323 323 323 324 324 323 323 322 323 322 322 322 322 322 322 322 322 322 322 322 321 321 321 321 321 321 321 321 321 321 320 320 320 320 320 319 319 319 318 318 318 318 318 318 318 318 318 318 318 318 318 318 317 317 317 317 317 317 NA NA NA NA NA NA NA NA NA NA NA NA NA NA NA NA NA NA NA NA NA NA NA NA NA NA NA NA NA NA NA NA NA NA NA NA NA NA NA NA NA
NA NA NA NA NA NA NA NA NA NA NA NA NA NA NA NA NA NA NA NA NA NA NA NA NA NA NA NA NA NA NA NA NA NA NA NA NA NA NA NA NA NA NA NA NA NA NA NA NA NA NA NA NA NA NA NA NA NA NA NA NA NA NA NA NA 321 322 322 321 322 322 322 323 323 323 323 323 323 324 324 324 324 324 323 323 324 324 325 326 326 325 325 325 325 325 326 326 326 327 327 327 326 326 326 326 326 326 326 326 326 326 327 327 327 327 327 327 328 327 327 327 327 327 327 327 327 327 328 328 327 327 327 328 328 328 328 328 329 329 329 329 329 329 329 329 329 329 329 329 329 329 329 329 329 330 329 329 329 329 329 329 329 329 330 330 330 330 330 330 329 330 330 330 330 330 330 330 331 330 330 330 330 330 330 331 331 331 331 331 331 331 331 331 331 331 331 331 331 331 331 332 332 331 331 332 332 332 332 332 331 332 332 332 332 332 332 332 332 332 331 331 331 331 331 331 331 332 332 332 332 332 332 332 332 332 332 332 332 332 332 332 332 333 333 333 333 333 333 332 332 333 333 333 333 333 333 332 333 333 333 333 332 332 332 332 332 333 333 333 332 332 332 332 332 332 332 332 332 332 332 332 332 332 332 332 332 332 332 332 332 332 332 331 331 331 331 331 331 331 331 331 331 331 331 331 331 331 331 331 331 331 331 331 331 330 331 331 331 331 331 331 331 331 330 330 330 330 329 329 330 330 329 329 328 328 328 328 329 329 329 329 329 329 329 329 329 328 328 328 328 328 328 328 328 328 328 328 328 327 327 328 328 328 328 328 328 328 327 327 327 327 328 328 327 327 327 327 327 327 327 327 327 327 327 326 326 326 327 326 325 324 324 324 324 324 325 324 324 324 324 324 323 323 324 324 323 323 323 324 324 324 323 323 323 322 322 322 322 322 322 322 322 322 322 322 321 321 321 321 321 321 321 321 321 320 320 320 320 320 319 319 319 319 318 318 318 318 318 318 318 318 318 318 318 318 318 317 317 317 317 NA NA NA NA NA NA NA NA NA NA NA NA NA NA NA NA NA NA NA NA NA NA NA NA NA NA NA NA NA NA NA NA NA NA NA NA NA NA NA NA NA NA NA
NA NA NA NA NA NA NA NA NA NA NA NA NA NA NA NA NA NA NA NA NA NA NA NA NA NA NA NA NA NA NA NA NA NA NA NA NA NA NA NA NA NA NA NA NA NA NA NA NA NA NA NA NA NA NA NA NA NA NA NA NA NA NA NA NA 322 322 322 322 322 322 322 322 322 323 323 323 324 324 324 324 324 324 324 324 324 324 325 326 327 327 326 325 325 326 326 326 326 327 327 326 326 326 326 326 326 327 327 327 327 327 327 327 327 327 327 327 327 328 328 328 328 327 327 327 327 328 328 328 328 328 328 328 328 328 328 328 328 329 329 329 329 329 329 329 329 329 329 329 329 329 329 329 329 329 329 330 329 329 329 329 330 330 330 330 330 330 329 329 329 330 330 330 330 330 330 330 330 330 330 330 330 331 331 331 331 331 331 331 331 331 331 331 331 331 331 332 332 331 331 331 332 332 332 332 332 332 332 332 332 332 331 331 332 332 332 332 332 332 332 331 331 331 332 331 331 331 332 332 332 332 332 332 332 332 332 332 332 332 332 332 332 333 333 333 333 333 333 333 333 333 333 333 333 333 333 333 333 333 333 333 333 332 333 332 332 333 333 333 333 333 332 332 332 332 332 333 333 332 332 332 332 332 332 332 332 332 332 332 332 332 332 331 331 331 331 331 331 331 331 331 331 331 331 331 331 331 331 331 331 331 331 331 331 331 331 331 331 331 331 331 331 331 330 331 330 330 330 330 330 330 329 329 328 328 329 329 329 330 330 330 330 329 329 329 329 329 329 328 328 328 328 328 328 327 327 327 327 327 327 327 328 328 328 328 328 328 327 327 327 327 327 327 327 327 327 328 327 327 327 327 327 327 326 327 326 326 326 327 326 325 324 324 324 324 324 324 324 324 324 324 324 324 324 324 324 323 323 324 324 324 324 323 323 323 323 322 322 322 322 322 322 322 322 322 322 322 321 321 321 321 321 321 320 320 320 320 320 319 319 319 319 319 319 318 318 318 318 318 318 318 318 318 318 318 318 318 318 317 NA NA NA NA NA NA NA NA NA NA NA NA NA NA NA NA NA NA NA NA NA NA NA NA NA NA NA NA NA NA NA NA NA NA NA NA NA NA NA NA NA NA NA NA
NA NA NA NA NA NA NA NA NA NA NA NA NA NA NA NA NA NA NA NA NA NA NA NA NA NA NA NA NA NA NA NA NA NA NA NA NA NA NA NA NA NA NA NA NA NA NA NA NA NA NA NA NA NA NA NA NA NA NA NA NA NA NA NA NA 322 322 322 322 322 322 322 323 323 324 324 323 324 323 323 323 324 324 325 324 324 324 325 326 326 327 327 326 325 325 326 326 326 327 327 326 327 326 326 326 326 326 327 327 327 327 327 327 327 327 327 327 328 328 327 327 327 327 327 327 327 327 328 328 328 328 328 328 328 328 328 328 328 328 329 329 329 329 329 329 329 329 329 329 329 329 329 329 329 329 329 330 329 329 330 330 330 330 330 330 329 329 329 329 330 330 330 330 331 330 330 330 330 330 330 330 330 330 330 331 331 331 331 331 331 331 331 331 331 331 331 331 332 331 331 332 332 332 331 332 331 331 331 331 331 331 331 331 331 331 332 332 332 332 332 332 332 332 332 331 331 331 332 332 332 332 332 332 332 332 332 332 332 332 332 332 332 333 333 333 333 333 333 333 333 333 333 333 333 333 333 333 333 333 333 333 333 333 333 333 333 333 333 333 333 332 332 332 332 332 333 333 333 332 332 332 332 332 332 332 332 332 332 332 332 332 332 331 331 331 331 331 331 331 331 331 331 331 331 331 331 331 331 331 331 331 331 331 331 331 331 331 331 331 331 331 331 331 331 331 330 330 330 330 330 330 329 329 329 328 328 329 330 330 330 330 330 330 329 329 329 329 329 329 328 328 328 328 328 328 328 327 327 328 327 328 327 327 327 328 328 328 328 327 328 327 327 327 327 327 328 327 327 327 327 327 326 326 326 326 327 326 326 326 327 326 325 324 324 324 325 324 325 325 324 324 324 324 324 324 324 323 324 324 323 324 323 323 323 323 322 323 322 322 322 323 322 322 322 322 322 322 322 321 321 321 321 320 320 320 320 320 320 320 320 319 319 319 319 318 318 318 318 318 318 318 318 318 318 318 318 318 318 318 NA NA NA NA NA NA NA NA NA NA NA NA NA NA NA NA NA NA NA NA NA NA NA NA NA NA NA NA NA NA NA NA NA NA NA NA NA NA NA NA NA NA NA NA
NA NA NA NA NA NA NA NA NA NA NA NA NA NA NA NA NA NA NA NA NA NA NA NA NA NA NA NA NA NA NA NA NA NA NA NA NA NA NA NA NA NA NA NA NA NA NA NA NA NA NA NA NA NA NA NA NA NA NA NA NA NA NA NA NA NA NA NA 322 322 321 322 322 323 323 323 323 323 323 323 324 324 325 325 325 325 325 325 325 325 326 327 327 326 326 326 326 326 327 327 328 328 328 327 327 326 326 327 327 328 327 327 327 327 327 327 327 328 328 328 327 327 327 327 327 327 327 327 328 328 328 328 328 329 329 328 328 328 328 328 329 329 329 329 329 329 329 329 329 329 329 329 329 329 329 330 330 330 330 330 330 329 329 329 329 329 329 329 329 329 329 330 330 330 331 330 330 330 330 331 331 330 331 331 331 330 330 331 331 331 331 331 331 331 331 331 331 331 331 331 332 332 332 331 331 331 331 331 331 331 331 332 331 331 331 331 331 331 332 332 332 332 332 332 332 332 331 332 332 332 332 332 332 332 332 332 332 332 332 332 332 332 333 333 333 333 333 333 333 333 333 333 333 333 333 333 333 333 333 333 333 333 333 333 333 333 333 333 333 333 333 332 332 332 332 333 333 333 332 332 332 332 332 332 332 332 332 332 332 332 332 332 331 331 331 331 331 331 331 331 331 331 331 331 331 331 331 331 331 331 331 331 331 331 330 331 331 331 331 331 331 331 331 330 330 330 330 330 330 330 330 329 329 329 328 329 329 330 330 330 330 330 329 329 329 329 329 329 329 328 328 328 328 328 329 328 328 328 328 328 328 328 328 328 328 328 328 328 328 328 328 328 328 328 328 328 328 327 327 327 327 327 326 326 326 326 326 326 326 326 326 326 325 325 325 325 325 325 326 324 324 324 324 324 324 324 324 324 324 324 324 324 324 324 323 323 322 322 323 323 323 323 322 322 322 322 322 322 322 321 321 321 321 321 320 320 320 320 320 320 320 320 319 319 319 318 318 319 319 318 318 318 318 318 318 318 318 318 NA NA NA NA NA NA NA NA NA NA NA NA NA NA NA NA NA NA NA NA NA NA NA NA NA NA NA NA NA NA NA NA NA NA NA NA NA NA NA NA NA NA NA NA NA
NA NA NA NA NA NA NA NA NA NA NA NA NA NA NA NA NA NA NA NA NA NA NA NA NA NA NA NA NA NA NA NA NA NA NA NA NA NA NA NA NA NA NA NA NA NA NA NA NA NA NA NA NA NA NA NA NA NA NA NA NA NA NA NA NA NA NA NA NA NA 322 322 322 322 323 323 323 323 323 324 324 324 325 325 325 326 325 325 325 326 326 327 327 327 327 327 327 326 327 327 328 328 328 327 326 326 327 327 327 327 327 327 327 327 327 327 328 328 328 328 328 328 327 327 327 327 327 327 328 328 329 329 329 329 329 329 329 328 328 329 329 329 329 329 329 329 329 329 329 329 329 329 330 330 330 330 330 330 329 329 329 329 329 329 329 329 330 330 330 330 330 329 330 330 330 331 330 330 330 330 331 331 331 331 331 331 331 331 330 331 331 331 331 331 331 331 331 332 331 332 332 332 331 331 331 331 331 331 331 331 332 332 331 331 332 331 331 331 331 331 332 332 332 332 332 331 331 331 332 332 332 332 332 332 332 332 332 332 332 332 332 332 333 333 333 333 333 333 333 333 333 333 333 333 333 333 333 333 333 333 333 333 333 333 333 333 333 333 333 333 333 333 333 332 333 333 333 333 332 332 332 332 332 332 332 332 332 332 332 332 332 332 331 331 331 332 331 331 331 331 331 331 331 331 331 331 331 331 331 331 331 331 331 331 331 331 331 331 331 331 331 331 330 330 330 330 330 330 330 330 329 329 329 329 329 329 330 330 330 330 330 330 329 329 329 329 329 329 329 328 329 328 328 328 328 329 329 328 328 328 328 328 329 329 328 328 329 328 328 328 328 328 328 328 328 328 328 327 327 327 326 326 326 326 326 326 326 326 326 326 326 326 327 326 325 325 325 325 326 324 324 324 324 324 324 324 324 324 324 324 324 324 324 324 323 323 323 323 322 323 322 322 322 322 322 322 322 322 322 322 321 321 321 321 321 321 320 320 320 320 320 320 319 319 319 319 319 319 319 318 318 318 318 318 318 318 NA NA NA NA NA NA NA NA NA NA NA NA NA NA NA NA NA NA NA NA NA NA NA NA NA NA NA NA NA NA NA NA NA NA NA NA NA NA NA NA NA NA NA NA NA NA NA
NA NA NA NA NA NA NA NA NA NA NA NA NA NA NA NA NA NA NA NA NA NA NA NA NA NA NA NA NA NA NA NA NA NA NA NA NA NA NA NA NA NA NA NA NA NA NA NA NA NA NA NA NA NA NA NA NA NA NA NA NA NA NA NA NA NA NA NA NA NA NA 321 321 321 322 322 322 322 323 323 323 323 324 324 325 325 324 324 325 326 326 326 327 327 327 327 327 327 328 328 328 328 328 327 327 327 327 327 327 327 328 328 328 328 328 327 328 328 328 328 328 328 328 328 328 328 328 327 328 328 329 329 329 329 329 329 329 329 328 328 328 328 328 328 329 329 329 329 329 329 329 329 330 330 330 330 330 330 330 329 329 329 329 330 329 329 330 330 330 330 330 329 330 330 330 330 330 330 330 330 330 331 331 331 331 331 331 331 331 331 331 331 331 331 331 331 331 332 332 332 332 332 332 331 331 332 332 331 332 332 332 332 332 332 331 332 332 332 332 332 332 332 332 332 331 331 331 331 332 332 332 332 332 332 332 332 332 332 332 332 332 332 333 333 333 333 333 333 333 333 333 333 333 333 333 333 333 333 333 333 333 333 333 333 333 332 332 332 333 333 332 333 333 333 332 333 333 332 332 332 332 332 332 332 332 332 332 332 332 332 332 332 332 332 332 332 332 332 331 331 331 331 331 331 331 331 331 331 331 331 331 331 331 331 331 331 331 331 331 331 331 331 330 330 330 330 330 331 330 330 329 329 329 329 329 329 330 330 330 330 330 330 330 330 330 330 330 330 330 330 329 329 329 329 329 329 329 330 330 330 330 330 330 329 329 329 329 329 329 329 329 328 328 328 328 328 328 328 327 327 327 327 327 326 326 326 326 327 326 326 326 326 326 326 326 325 325 325 325 324 324 324 324 324 324 324 324 324 324 324 324 324 324 324 324 323 323 323 323 323 323 323 322 322 322 322 322 322 322 322 321 321 321 321 321 321 320 320 320 320 320 320 319 319 319 319 318 318 319 318 318 318 318 318 318 318 NA NA NA NA NA NA NA NA NA NA NA NA NA NA NA NA NA NA NA NA NA NA NA NA NA NA NA NA NA NA NA NA NA NA NA NA NA NA NA NA NA NA NA NA NA NA NA
NA NA NA NA NA NA NA NA NA NA NA NA NA NA NA NA NA NA NA NA NA NA NA NA NA NA NA NA NA NA NA NA NA NA NA NA NA NA NA NA NA NA NA NA NA NA NA NA NA NA NA NA NA NA NA NA NA NA NA NA NA NA NA NA NA NA NA NA NA NA NA NA 321 321 322 322 322 322 322 322 322 323 324 325 325 325 324 324 325 326 326 326 327 327 327 327 327 328 328 328 328 328 328 328 328 328 327 327 327 327 328 328 328 328 328 328 328 328 329 329 329 329 329 328 328 328 328 328 328 328 328 329 329 329 329 329 329 329 328 328 329 329 329 329 329 329 329 329 329 329 329 329 329 330 330 330 330 330 330 330 330 329 330 330 329 329 329 329 330 330 329 330 330 330 330 331 331 330 330 330 330 330 331 331 331 331 331 331 331 331 331 331 331 331 331 331 331 331 331 331 332 332 331 332 332 332 332 331 332 333 332 332 332 331 331 332 332 332 332 332 332 332 332 332 332 331 331 331 332 332 332 332 332 332 332 332 332 332 332 332 332 332 333 333 333 333 333 333 333 333 333 333 333 333 333 333 333 333 333 333 333 333 333 333 332 332 332 332 332 332 332 332 333 333 333 333 333 333 332 332 332 332 332 332 332 332 332 332 332 332 332 332 332 332 332 332 332 332 332 331 331 331 331 331 331 331 331 331 331 331 331 331 331 331 331 331 331 331 331 331 331 331 330 330 330 330 330 330 330 330 330 329 329 329 329 329 330 330 330 330 331 331 331 330 330 330 330 330 330 330 330 329 329 329 329 329 329 329 329 330 330 329 329 329 329 330 329 329 329 329 329 329 328 328 328 328 329 328 327 327 327 327 327 327 326 326 326 326 326 326 326 326 325 325 326 325 325 325 325 326 325 324 324 324 324 324 324 324 324 324 324 324 324 324 324 324 323 323 322 323 323 323 322 322 322 322 322 322 322 322 321 321 321 321 321 321 321 320 320 320 320 320 319 319 319 319 319 318 318 318 318 318 318 318 318 318 318 NA NA NA NA NA NA NA NA NA NA NA NA NA NA NA NA NA NA NA NA NA NA NA NA NA NA NA NA NA NA NA NA NA NA NA NA NA NA NA NA NA NA NA NA NA NA
NA NA NA NA NA NA NA NA NA NA NA NA NA NA NA NA NA NA NA NA NA NA NA NA NA NA NA NA NA NA NA NA NA NA NA NA NA NA NA NA NA NA NA NA NA NA NA NA NA NA NA NA NA NA NA NA NA NA NA NA NA NA NA NA NA NA NA NA NA NA NA NA 321 321 322 322 322 NA NA NA 322 323 323 323 323 324 324 324 325 325 326 326 326 327 327 327 328 328 328 328 328 328 328 328 328 328 328 328 328 328 328 328 328 328 328 328 328 329 329 329 329 329 329 329 328 328 328 328 328 329 328 328 328 328 328 329 329 329 329 329 330 330 330 330 329 329 330 329 329 329 329 330 329 329 330 330 330 330 330 330 330 330 331 331 330 331 331 331 331 330 330 330 330 331 331 331 331 331 331 331 331 330 330 331 331 331 332 332 331 331 331 331 331 331 331 331 331 331 331 332 332 332 332 332 332 332 333 332 332 333 333 332 332 332 332 332 332 331 331 332 331 331 332 332 332 332 332 332 332 332 332 332 332 332 332 332 332 332 333 332 332 332 333 333 333 333 333 333 333 333 333 333 333 333 333 333 333 333 333 333 333 333 333 333 333 332 333 333 332 333 332 332 333 333 333 333 333 333 333 332 332 332 332 332 332 332 332 332 332 332 332 332 332 332 332 332 332 332 332 332 332 331 331 331 331 331 331 331 331 331 331 331 331 331 331 331 331 331 331 331 331 331 331 330 331 331 330 330 330 330 330 330 329 330 330 329 330 330 331 331 331 331 332 331 331 331 331 331 331 330 330 330 330 330 330 330 330 330 329 330 330 329 329 329 329 329 330 329 329 329 329 329 329 329 329 329 329 328 328 327 327 328 327 328 327 327 326 326 326 326 326 326 325 325 325 325 325 325 325 325 326 325 324 324 324 324 324 325 324 324 324 324 324 324 324 323 323 323 322 322 323 323 323 322 322 322 322 322 322 322 321 321 321 321 321 321 320 320 320 320 320 320 320 319 319 319 319 319 319 319 318 318 318 318 318 318 NA NA NA NA NA NA NA NA NA NA NA NA NA NA NA NA NA NA NA NA NA NA NA NA NA NA NA NA NA NA NA NA NA NA NA NA NA NA NA NA NA NA NA NA NA NA NA
NA NA NA NA NA NA NA NA NA NA NA NA NA NA NA NA NA NA NA NA NA NA NA NA NA NA NA NA NA NA NA NA NA NA NA NA NA NA NA NA NA NA NA NA NA NA NA NA NA NA NA NA NA NA NA NA NA NA NA NA NA NA NA NA NA NA NA NA NA NA NA NA NA NA 321 322 NA NA NA NA 322 323 323 323 323 323 324 324 324 324 325 325 326 326 327 327 327 327 328 328 328 328 328 328 328 329 329 329 329 329 329 329 329 328 328 328 329 329 329 328 328 328 328 329 328 328 328 328 329 329 328 329 329 328 329 329 329 330 330 329 329 330 330 331 330 330 330 330 329 330 330 330 330 329 329 330 330 330 330 330 330 331 331 331 331 331 332 332 332 331 331 331 331 331 331 331 331 331 331 331 331 331 330 331 331 331 331 331 331 331 331 331 331 331 331 332 331 331 331 332 332 332 332 332 332 332 333 333 333 333 332 332 332 332 332 332 332 332 332 332 332 331 331 332 332 332 332 332 332 332 332 333 332 332 332 333 333 333 333 333 333 333 334 333 334 334 333 333 333 333 333 333 333 333 333 333 333 333 333 333 333 333 333 333 333 333 333 333 333 333 332 332 333 333 333 333 333 332 333 333 332 332 332 332 332 332 332 332 332 332 332 332 332 332 332 332 332 332 332 332 332 332 331 331 331 331 331 331 331 331 331 331 331 331 331 331 331 331 331 331 331 331 330 330 331 331 330 330 331 331 330 330 330 330 330 330 330 331 331 331 331 331 332 332 332 331 331 331 331 331 331 331 331 331 331 330 330 330 329 330 330 329 329 329 329 329 329 329 329 329 329 329 329 329 329 329 329 329 328 327 327 327 327 328 327 327 326 326 326 326 326 326 325 325 325 325 325 325 325 325 325 325 325 324 324 324 324 324 324 324 324 324 324 324 324 323 323 323 323 323 323 323 323 323 322 322 322 322 322 322 322 322 321 321 321 321 320 320 320 320 320 320 320 320 319 319 319 319 319 319 319 319 318 318 318 318 NA NA NA NA NA NA NA NA NA NA NA NA NA NA NA NA NA NA NA NA NA NA NA NA NA NA NA NA NA NA NA NA NA NA NA NA NA NA NA NA NA NA NA NA NA NA NA
NA NA NA NA NA NA NA NA NA NA NA NA NA NA NA NA NA NA NA NA NA NA NA NA NA NA NA NA NA NA NA NA NA NA NA NA NA NA NA NA NA NA NA NA NA NA NA NA NA NA NA NA NA NA NA NA NA NA NA NA NA NA NA NA NA NA NA NA NA NA NA NA NA NA NA NA NA NA NA 322 323 323 323 323 323 324 325 326 326 325 325 326 327 327 327 327 327 327 327 328 328 328 328 328 328 328 328 329 329 329 329 329 329 328 328 328 328 328 328 328 328 328 328 328 328 328 329 329 329 329 328 329 329 329 328 329 329 329 329 330 330 330 331 331 331 331 330 330 330 330 330 330 329 329 329 330 330 330 331 331 331 331 331 332 332 331 331 332 331 332 332 331 332 331 331 331 331 331 331 331 331 331 331 331 331 331 331 331 331 332 331 331 331 331 331 331 332 332 332 332 332 332 332 333 333 333 333 333 333 332 332 332 332 332 332 331 332 332 332 332 332 332 331 332 332 333 333 333 333 333 333 333 333 332 332 332 333 333 333 333 333 333 334 334 334 334 333 333 333 333 333 333 333 333 333 333 333 333 333 333 333 333 333 333 333 333 333 333 333 333 333 333 333 333 333 333 333 332 332 332 333 333 332 332 332 332 332 333 332 332 332 332 332 332 332 332 332 332 332 332 332 332 332 332 332 331 331 331 331 331 331 331 331 331 331 331 331 331 331 331 331 331 330 331 331 330 330 330 330 331 331 331 330 330 330 330 331 331 331 331 332 332 332 332 332 332 331 331 331 331 331 331 331 331 331 331 330 329 330 330 330 330 329 329 329 329 329 329 329 329 329 329 329 329 329 329 329 329 328 328 327 327 327 327 327 327 327 326 326 326 326 326 325 325 325 325 325 325 325 325 325 325 325 325 325 324 324 324 324 324 325 325 324 324 324 323 323 323 323 323 323 323 323 323 323 322 322 322 322 322 322 322 321 321 321 321 320 320 320 320 320 320 319 320 319 319 319 319 319 319 319 319 318 318 318 318 NA NA NA NA NA NA NA NA NA NA NA NA NA NA NA NA NA NA NA NA NA NA NA NA NA NA NA NA NA NA NA NA NA NA NA NA NA NA NA NA NA NA NA NA NA NA NA
NA NA NA NA NA NA NA NA NA NA NA NA NA NA NA NA NA NA NA NA NA NA NA NA NA NA NA NA NA NA NA NA NA NA NA NA NA NA NA NA NA NA NA NA NA NA NA NA NA NA NA NA NA NA NA NA NA NA NA NA NA NA NA NA NA NA NA NA NA NA NA NA NA NA NA NA NA NA 322 322 323 323 323 323 324 323 324 325 325 326 326 327 327 327 327 327 327 327 327 328 328 328 328 327 327 328 327 328 329 329 329 329 329 329 329 329 329 328 328 328 328 328 328 328 328 328 329 329 329 330 329 329 329 329 329 329 329 330 330 330 330 331 331 331 331 331 331 331 331 331 331 330 330 330 330 330 330 331 331 331 331 332 332 332 332 331 331 332 331 332 332 332 331 331 332 331 331 331 331 331 331 331 331 331 331 331 331 331 332 331 331 331 331 331 331 331 332 332 332 332 332 332 332 332 332 332 332 333 333 332 332 332 332 332 332 332 333 332 332 332 332 332 332 332 332 333 333 333 333 333 333 333 333 333 333 333 333 333 332 333 333 333 334 334 334 334 334 333 334 334 333 333 333 333 333 333 333 333 333 333 333 333 333 333 333 333 333 333 333 333 333 333 333 333 333 333 333 332 332 332 332 332 332 332 332 332 332 332 333 332 332 332 332 332 332 332 332 332 332 332 332 332 332 332 332 332 332 332 332 331 331 331 331 331 331 331 331 331 331 331 331 331 331 331 330 330 331 331 331 330 331 331 330 331 331 331 331 331 331 332 332 332 332 332 332 332 332 332 332 332 332 331 331 330 331 331 330 330 330 330 330 330 330 330 330 329 329 329 329 329 329 329 329 329 329 329 329 328 328 327 327 327 327 327 327 327 327 326 326 326 327 327 326 325 325 324 325 325 325 325 325 325 325 326 325 325 324 324 324 324 324 325 324 324 323 324 323 323 323 323 323 323 323 323 323 323 322 322 322 322 322 322 321 321 321 321 320 320 320 320 320 320 319 319 319 319 319 319 319 319 318 318 318 318 318 318 NA NA NA NA NA NA NA NA NA NA NA NA NA NA NA NA NA NA NA NA NA NA NA NA NA NA NA NA NA NA NA NA NA NA NA NA NA NA NA NA NA NA NA NA NA NA NA
NA NA NA NA NA NA NA NA NA NA NA NA NA NA NA NA NA NA NA NA NA NA NA NA NA NA NA NA NA NA NA NA NA NA NA NA NA NA NA NA NA NA NA NA NA NA NA NA NA NA NA NA NA NA NA NA NA NA NA NA NA NA NA NA NA NA NA NA NA NA NA NA NA NA NA NA NA NA NA NA NA 323 323 324 324 324 324 324 324 324 325 325 327 327 328 328 327 328 328 328 328 328 328 327 327 327 327 327 328 328 329 329 329 328 329 329 329 329 329 328 328 329 328 328 329 328 329 330 329 330 330 330 329 330 330 330 329 330 330 331 331 331 331 331 331 331 331 331 331 331 331 331 331 331 331 331 331 331 331 331 332 332 332 331 332 331 331 331 331 332 332 332 332 331 331 332 331 331 331 331 332 332 332 331 331 331 331 331 332 332 332 331 331 332 332 332 332 332 333 333 332 332 332 332 332 332 333 333 333 333 333 333 332 332 332 332 333 333 332 332 332 333 333 332 332 333 333 333 333 333 333 333 333 332 332 333 333 333 333 333 333 333 334 334 334 334 334 334 334 334 334 333 333 333 333 333 333 333 333 333 333 333 333 333 333 333 333 333 333 333 333 333 333 333 333 333 333 333 332 332 332 332 332 332 332 332 332 332 333 332 332 332 332 332 332 332 332 332 332 332 332 332 332 332 332 332 332 332 332 332 331 331 331 331 331 331 331 331 331 331 331 331 331 331 331 331 331 331 331 330 330 330 330 330 330 330 330 331 331 331 331 331 332 332 332 332 332 332 332 332 332 332 331 330 330 330 330 331 331 330 330 330 330 330 330 330 330 329 329 329 329 329 328 328 328 328 328 327 327 328 327 327 327 327 327 327 327 327 327 326 326 326 326 326 325 325 325 325 325 325 325 325 325 325 325 325 325 324 324 324 324 324 324 324 324 323 323 323 323 323 323 323 323 323 323 322 322 322 322 322 322 322 321 321 321 320 320 320 320 320 320 320 319 319 319 319 319 319 319 319 318 318 318 318 318 NA NA NA NA NA NA NA NA NA NA NA NA NA NA NA NA NA NA NA NA NA NA NA NA NA NA NA NA NA NA NA NA NA NA NA NA NA NA NA NA NA NA NA NA NA NA NA NA
NA NA NA NA NA NA NA NA NA NA NA NA NA NA NA NA NA NA NA NA NA NA NA NA NA NA NA NA NA NA NA NA NA NA NA NA NA NA NA NA NA NA NA NA NA NA NA NA NA NA NA NA NA NA NA NA NA NA NA NA NA NA NA NA NA NA NA NA NA NA NA NA NA NA NA NA NA NA NA NA NA 322 323 323 324 324 324 323 323 324 324 325 325 326 327 328 328 328 328 328 328 328 328 328 327 327 327 328 328 328 329 329 329 329 329 329 329 329 329 329 329 329 329 329 329 329 329 329 329 329 330 329 329 329 329 330 330 330 330 331 331 331 331 331 331 331 331 331 331 331 331 332 331 331 331 331 331 331 331 331 332 331 332 331 332 332 332 332 331 331 331 331 331 331 331 331 331 331 331 331 331 332 332 332 332 331 332 332 332 332 332 332 332 332 332 332 332 332 332 332 332 333 332 332 332 333 332 333 333 333 333 333 333 333 333 333 333 333 333 333 333 333 333 332 332 333 333 333 333 333 333 333 333 333 333 332 332 333 333 333 333 333 333 334 334 334 334 334 334 334 334 334 333 333 333 333 333 333 333 333 333 333 333 333 333 333 333 333 333 333 333 333 333 333 333 333 333 333 333 333 333 332 332 332 332 332 333 333 332 332 332 332 332 332 332 332 332 332 332 332 332 332 332 332 332 332 332 332 332 332 332 331 331 331 331 331 331 331 331 332 331 331 331 331 331 331 331 331 330 330 330 330 330 330 330 329 329 330 330 329 330 330 331 331 331 332 332 332 331 331 331 331 331 331 331 331 331 331 331 331 331 331 331 331 331 331 330 330 330 329 329 329 328 328 328 328 328 328 328 328 328 327 327 327 327 327 327 327 327 327 326 326 326 326 326 325 325 325 325 325 325 325 325 325 325 325 325 324 324 325 325 325 325 324 324 324 323 323 323 323 323 323 323 322 322 322 322 322 322 322 322 322 321 321 321 321 320 320 320 320 320 320 319 319 319 319 319 319 319 319 319 319 319 318 318 NA NA NA NA NA NA NA NA NA NA NA NA NA NA NA NA NA NA NA NA NA NA NA NA NA NA NA NA NA NA NA NA NA NA NA NA NA NA NA NA NA NA NA NA NA NA NA NA
NA NA NA NA NA NA NA NA NA NA NA NA NA NA NA NA NA NA NA NA NA NA NA NA NA NA NA NA NA NA NA NA NA NA NA NA NA NA NA NA NA NA NA NA NA NA NA NA NA NA NA NA NA NA NA NA NA NA NA NA NA NA NA NA NA NA NA NA NA NA NA NA NA NA NA NA NA NA NA NA NA NA 322 323 323 323 323 324 324 325 325 325 324 325 326 326 326 327 327 328 328 328 327 327 327 327 328 328 328 329 329 329 329 329 329 329 329 329 329 329 329 329 329 329 329 329 329 329 329 329 329 329 329 329 330 330 330 330 331 330 331 331 331 331 331 331 331 331 331 331 331 331 332 331 331 331 331 331 331 332 332 331 331 331 332 332 332 332 332 332 332 332 331 331 331 331 331 331 331 331 332 332 332 332 332 332 332 332 332 332 332 332 332 332 332 332 333 333 332 332 332 332 332 332 332 333 333 333 333 333 333 333 333 333 333 333 333 333 333 333 333 333 333 332 333 333 333 333 333 332 332 332 333 332 333 333 333 332 333 333 333 333 334 334 334 334 334 334 334 334 334 334 334 334 333 333 333 333 333 333 333 333 333 333 333 333 333 333 333 333 333 333 333 333 333 333 333 333 333 333 333 333 332 332 333 332 332 332 332 332 332 332 332 332 332 332 332 332 332 332 332 332 332 332 332 332 332 332 332 332 332 332 331 331 331 331 331 331 331 332 331 331 331 330 331 331 331 330 331 331 330 330 330 331 331 330 330 330 329 329 330 330 331 331 331 331 331 331 331 330 331 332 332 331 331 331 331 331 331 331 331 331 331 331 331 331 331 331 330 330 330 329 329 328 327 327 328 328 328 328 328 327 327 327 327 327 327 327 327 327 327 326 326 326 326 326 325 325 325 325 325 325 325 325 325 325 325 324 324 324 325 325 324 324 324 324 324 323 323 323 323 323 323 323 322 322 322 322 322 322 322 322 322 321 321 321 320 320 320 320 320 320 319 319 319 319 319 319 319 319 319 319 319 319 318 318 NA NA NA NA NA NA NA NA NA NA NA NA NA NA NA NA NA NA NA NA NA NA NA NA NA NA NA NA NA NA NA NA NA NA NA NA NA NA NA NA NA NA NA NA NA NA NA
NA NA NA NA NA NA NA NA NA NA NA NA NA NA NA NA NA NA NA NA NA NA NA NA NA NA NA NA NA NA NA NA NA NA NA NA NA NA NA NA NA NA NA NA NA NA NA NA NA NA NA NA NA NA NA NA NA NA NA NA NA NA NA NA NA NA NA NA NA NA NA NA NA NA NA NA NA NA NA NA NA NA NA 322 323 323 324 324 324 324 325 324 324 325 326 325 325 326 326 326 326 327 327 327 327 327 327 328 328 328 328 329 329 329 329 329 329 329 329 328 329 329 329 329 329 329 329 329 329 329 329 329 329 329 330 331 330 329 330 330 330 331 331 330 331 331 331 331 331 331 331 331 332 331 331 331 331 331 331 331 331 332 331 332 332 332 332 332 332 332 332 332 332 331 331 331 332 332 332 332 332 332 332 332 332 332 332 332 332 332 332 332 332 333 333 333 333 333 333 333 333 333 332 332 332 333 333 333 333 332 333 333 333 333 333 333 332 332 332 333 333 332 332 332 333 333 333 333 333 333 333 333 332 333 332 333 333 332 333 333 333 333 334 334 334 334 334 334 334 334 334 334 334 334 334 334 333 333 333 333 333 333 333 333 333 333 333 333 333 333 333 333 333 333 333 333 333 333 333 333 333 333 333 332 332 332 332 332 332 332 333 333 332 332 332 332 332 332 332 332 332 332 332 332 332 332 332 332 332 332 332 332 332 332 332 331 331 331 331 332 331 331 331 331 330 330 330 330 331 331 331 331 330 330 331 331 331 331 330 330 330 330 330 330 331 331 331 330 331 331 331 332 332 331 331 331 331 330 330 331 332 332 331 331 331 331 331 331 331 331 330 330 329 328 327 327 328 328 328 328 328 327 327 327 327 327 327 327 327 327 327 327 326 325 325 326 326 325 325 325 325 325 325 325 325 325 325 325 324 324 325 325 324 324 324 324 324 324 323 323 323 323 323 323 323 322 322 322 322 322 322 322 322 321 321 320 320 320 320 320 320 320 319 319 319 319 319 319 319 319 319 319 319 319 319 319 NA NA NA NA NA NA NA NA NA NA NA NA NA NA NA NA NA NA NA NA NA NA NA NA NA NA NA NA NA NA NA NA NA NA NA NA NA NA NA NA NA NA NA NA NA NA NA
NA NA NA NA NA NA NA NA NA NA NA NA NA NA NA NA NA NA NA NA NA NA NA NA NA NA NA NA NA NA NA NA NA NA NA NA NA NA NA NA NA NA NA NA NA NA NA NA NA NA NA NA NA NA NA NA NA NA NA NA NA NA NA NA NA NA NA NA NA NA NA NA NA NA NA NA NA NA NA NA NA NA NA NA 322 323 323 323 323 324 325 324 324 325 325 326 325 325 325 326 326 327 328 328 327 327 327 327 327 327 328 329 329 329 329 329 329 329 329 329 328 329 329 329 329 329 329 329 329 329 329 329 329 330 330 330 330 329 330 330 331 330 330 330 330 331 331 331 331 331 331 331 332 331 331 332 332 331 331 331 331 331 332 331 331 332 332 332 332 332 332 332 332 332 331 331 331 332 332 332 332 332 332 332 332 332 332 332 332 332 332 333 332 333 332 333 333 333 333 333 332 332 332 332 332 332 333 333 333 332 332 333 333 333 333 333 333 332 332 332 332 333 332 333 333 333 333 333 333 333 333 333 333 333 333 333 333 333 333 332 332 333 334 334 334 334 334 334 334 334 334 334 334 334 334 334 334 333 333 333 333 333 333 333 333 334 333 333 333 333 333 333 333 333 333 333 333 333 333 333 333 333 333 333 332 332 332 332 333 333 333 333 332 332 332 332 332 332 332 332 332 332 332 332 332 332 332 332 332 332 332 332 332 332 332 332 332 332 332 331 332 331 331 331 331 331 331 330 331 331 331 331 330 330 331 331 331 331 330 331 331 331 331 331 331 330 330 330 330 331 331 331 331 331 330 331 330 331 331 331 332 332 331 331 331 331 331 331 331 331 331 330 330 329 328 327 328 328 328 328 328 328 328 327 327 327 327 327 327 327 327 327 326 326 326 326 326 326 326 326 325 325 325 325 325 325 324 324 324 325 325 325 324 324 324 324 324 324 324 323 323 323 323 323 323 322 322 322 322 322 322 322 322 321 321 320 320 320 320 321 320 320 320 319 319 319 319 319 319 319 319 319 319 319 319 319 NA NA NA NA NA NA NA NA NA NA NA NA NA NA NA NA NA NA NA NA NA NA NA NA NA NA NA NA NA NA NA NA NA NA NA NA NA NA NA NA NA NA NA NA NA NA NA
NA NA NA NA NA NA NA NA NA NA NA NA NA NA NA NA NA NA NA NA NA NA NA NA NA NA NA NA NA NA NA NA NA NA NA NA NA NA NA NA NA NA NA NA NA NA NA NA NA NA NA NA NA NA NA NA NA NA NA NA NA NA NA NA NA NA NA NA NA NA NA NA NA NA NA NA NA NA NA NA NA NA NA NA NA NA NA NA NA 323 324 324 NA NA 324 325 325 325 326 326 326 327 328 328 328 327 327 327 328 328 328 329 328 329 329 329 329 329 329 329 329 329 329 329 329 329 330 329 329 329 329 330 329 330 330 330 330 330 330 330 330 331 331 330 330 331 331 331 331 331 331 332 332 332 332 332 332 331 331 331 331 331 331 332 331 332 331 332 332 332 332 332 332 332 332 332 332 331 331 332 332 332 332 332 332 332 332 332 332 332 332 333 333 333 332 333 333 333 333 333 333 332 332 332 332 332 333 333 333 332 332 333 333 333 333 333 333 333 333 332 333 333 333 333 333 333 333 333 333 333 333 333 333 333 333 333 333 333 333 333 332 332 333 333 333 334 334 334 334 334 334 334 334 334 334 334 334 334 333 333 333 333 333 333 333 334 334 333 333 333 333 333 333 333 333 333 333 333 333 333 333 333 333 332 333 332 332 332 332 332 333 332 332 332 332 332 332 332 332 332 332 332 332 332 332 332 332 332 332 332 332 332 332 332 332 332 332 332 331 331 331 332 331 331 331 331 331 331 331 331 331 331 331 331 331 331 330 330 330 331 331 331 332 332 331 331 331 330 331 331 331 331 331 330 331 331 331 331 331 331 331 331 331 331 331 331 331 331 331 331 331 331 330 329 328 327 328 328 328 328 328 329 328 328 328 327 327 327 327 327 327 327 327 326 326 326 326 326 326 326 325 325 325 325 325 325 324 325 325 325 325 325 324 324 324 324 324 324 324 323 323 323 323 323 323 323 323 322 322 323 322 322 321 321 321 321 321 321 321 321 321 320 320 319 319 319 319 319 319 319 319 319 319 319 319 319 319 NA NA NA NA NA NA NA NA NA NA NA NA NA NA NA NA NA NA NA NA NA NA NA NA NA NA NA NA NA NA NA NA NA NA NA NA NA NA NA NA NA NA NA NA NA NA
NA NA NA NA NA NA NA NA NA NA NA NA NA NA NA NA NA NA NA NA NA NA NA NA NA NA NA NA NA NA NA NA NA NA NA NA NA NA NA NA NA NA NA NA NA NA NA NA NA NA NA NA NA NA NA NA NA NA NA NA NA NA NA NA NA NA NA NA NA NA NA NA NA NA NA NA NA NA NA NA NA NA NA NA NA NA NA NA NA NA 324 324 NA NA 324 325 325 326 327 327 326 326 327 328 328 327 327 327 328 328 329 329 328 329 329 329 329 329 329 329 329 329 329 329 329 329 330 330 330 329 329 330 330 330 330 330 330 330 330 330 330 331 331 331 331 331 331 331 331 331 331 332 332 332 332 332 332 332 331 331 331 331 331 331 331 332 331 332 332 332 332 332 332 332 332 332 332 332 332 331 331 332 332 332 332 332 332 332 332 332 333 333 332 332 332 332 333 333 332 333 332 332 333 333 333 333 333 333 332 332 332 333 333 333 333 332 333 333 333 332 333 333 333 333 333 333 333 333 333 333 333 333 333 333 333 333 333 333 333 333 333 333 333 333 333 333 334 334 334 334 334 334 334 334 334 334 334 334 334 333 333 333 333 333 333 333 334 334 333 333 333 334 333 333 333 333 333 333 333 333 333 333 333 333 333 333 332 332 332 332 332 332 332 332 332 332 332 332 332 332 332 332 332 332 332 332 332 332 332 332 332 332 332 332 332 332 332 332 331 331 331 331 331 331 331 331 331 331 332 331 331 331 331 332 331 331 331 331 331 331 331 331 331 331 331 332 332 331 331 332 332 332 331 331 331 331 332 332 331 331 331 331 331 331 331 331 331 331 331 331 331 331 330 329 328 327 328 328 328 328 328 328 328 328 328 328 327 327 327 327 327 327 327 326 326 326 326 326 326 326 326 325 325 325 325 325 325 325 325 325 325 325 325 324 324 324 324 324 323 323 323 323 323 323 323 323 323 323 322 322 322 322 321 321 321 321 321 321 321 321 321 320 320 320 320 320 319 319 319 319 319 320 NA 320 319 319 NA NA NA NA NA NA NA NA NA NA NA NA NA NA NA NA NA NA NA NA NA NA NA NA NA NA NA NA NA NA NA NA NA NA NA NA NA NA NA NA NA NA NA NA NA NA NA
NA NA NA NA NA NA NA NA NA NA NA NA NA NA NA NA NA NA NA NA NA NA NA NA NA NA NA NA NA NA NA NA NA NA NA NA NA NA NA NA NA NA NA NA NA NA NA NA NA NA NA NA NA NA NA NA NA NA NA NA NA NA NA NA NA NA NA NA NA NA NA NA NA NA NA NA NA NA NA NA NA NA NA NA NA NA NA NA NA NA 323 323 NA NA 324 325 325 325 326 326 326 326 327 328 328 328 327 327 327 328 328 329 329 329 328 329 329 329 329 329 329 329 329 329 329 330 330 329 330 330 330 330 330 330 330 330 330 330 330 330 330 331 331 331 331 331 331 331 331 331 331 332 332 332 332 332 332 332 332 331 331 331 331 332 331 331 332 332 332 332 332 332 332 332 332 332 332 332 332 332 332 332 332 332 332 332 332 332 332 333 333 333 332 332 332 332 332 333 332 333 332 332 333 333 333 333 333 333 333 332 333 332 333 333 333 333 333 333 333 333 333 333 333 333 333 333 333 333 333 333 333 333 333 333 333 333 333 333 333 333 333 333 333 333 334 334 334 334 334 334 334 334 334 334 334 334 334 334 334 333 333 333 334 334 333 334 334 334 333 333 333 333 333 333 333 333 333 333 333 333 333 333 333 333 333 333 333 332 332 332 332 332 332 332 332 332 332 332 332 332 332 332 332 332 332 332 332 332 332 332 332 332 332 332 332 332 332 332 331 331 331 331 331 331 331 331 332 332 331 331 331 331 332 331 331 331 331 332 331 331 332 331 332 332 331 331 332 332 332 332 332 332 332 332 331 331 331 332 332 332 332 331 331 331 331 331 331 331 331 331 331 331 330 330 328 327 327 328 328 328 328 328 328 328 328 328 328 328 327 327 327 327 327 327 326 326 326 326 326 326 326 325 325 325 325 325 325 324 325 325 325 325 325 324 324 324 324 324 323 323 323 323 323 323 323 323 323 323 323 322 322 321 321 321 322 322 321 321 321 321 321 320 320 320 320 320 320 320 320 NA NA NA NA NA NA NA NA NA NA NA NA NA NA NA NA NA NA NA NA NA NA NA NA NA NA NA NA NA NA NA NA NA NA NA NA NA NA NA NA NA NA NA NA NA NA NA NA NA NA NA NA NA NA
NA NA NA NA NA NA NA NA NA NA NA NA NA NA NA NA NA NA NA NA NA NA NA NA NA NA NA NA NA NA NA NA NA NA NA NA NA NA NA NA NA NA NA NA NA NA NA NA NA NA NA NA NA NA NA NA NA NA NA NA NA NA NA NA NA NA NA NA NA NA NA NA NA NA NA NA NA NA NA NA NA NA NA NA NA NA NA NA NA NA NA NA NA NA NA NA NA 325 326 326 326 327 327 326 327 328 328 327 327 328 328 328 329 329 329 329 329 329 329 329 329 329 329 329 329 330 330 329 329 330 330 330 330 330 330 330 330 330 330 330 330 331 331 331 331 331 331 331 331 331 331 332 332 331 332 332 332 332 332 332 332 332 332 332 332 332 332 332 332 332 332 332 332 333 333 333 333 333 332 332 332 332 332 332 332 332 332 332 332 332 332 333 333 333 333 332 332 332 333 333 332 332 332 333 333 333 333 333 333 333 333 332 332 333 333 332 333 333 333 333 333 333 333 333 333 333 333 333 333 333 333 333 333 333 333 333 333 333 333 333 333 333 334 334 334 334 334 334 334 334 334 334 334 334 334 334 334 334 334 333 333 333 333 334 334 334 334 333 333 333 334 333 333 333 333 334 333 333 333 333 333 333 333 333 333 333 333 333 333 332 332 332 332 332 332 332 332 332 332 332 332 332 332 332 332 332 332 332 332 332 332 332 332 332 332 332 332 332 332 332 331 331 331 332 331 331 331 331 331 331 331 331 331 331 331 331 331 332 331 332 332 332 333 332 332 332 331 332 332 332 332 332 332 332 332 332 331 332 332 332 332 332 332 332 332 331 331 331 331 331 331 331 330 330 329 328 328 328 328 328 328 328 328 328 328 328 328 328 328 327 327 327 326 326 327 327 327 326 326 326 325 325 325 325 325 325 325 325 325 325 325 325 325 325 324 324 324 323 323 323 323 323 323 323 323 323 323 323 322 322 322 322 322 322 322 322 322 322 321 321 321 321 320 320 320 320 NA NA NA NA NA NA NA NA NA NA NA NA NA NA NA NA NA NA NA NA NA NA NA NA NA NA NA NA NA NA NA NA NA NA NA NA NA NA NA NA NA NA NA NA NA NA NA NA NA NA NA NA NA NA NA NA NA
NA NA NA NA NA NA NA NA NA NA NA NA NA NA NA NA NA NA NA NA NA NA NA NA NA NA NA NA NA NA NA NA NA NA NA NA NA NA NA NA NA NA NA NA NA NA NA NA NA NA NA NA NA NA NA NA NA NA NA NA NA NA NA NA NA NA NA NA NA NA NA NA NA NA NA NA NA NA NA NA NA NA NA NA NA NA NA NA NA NA NA NA NA NA NA NA 325 325 325 325 325 326 326 326 327 328 328 327 327 328 328 329 329 329 329 329 329 329 329 329 329 329 329 329 329 329 329 329 329 330 330 330 330 330 330 330 330 330 330 330 331 331 331 331 331 331 331 332 331 331 331 331 332 331 332 332 332 332 332 332 332 332 332 332 332 332 332 332 332 332 332 332 332 332 332 333 333 333 333 333 332 332 332 332 332 332 332 332 332 333 333 333 333 333 332 332 332 333 332 332 332 332 332 332 333 333 333 333 333 333 333 333 332 332 332 333 333 333 333 333 333 333 333 333 333 333 333 333 333 333 333 333 333 333 333 333 333 333 333 333 333 333 334 334 334 334 334 334 334 334 334 334 334 334 334 334 334 334 334 334 334 333 334 334 334 334 334 334 334 334 334 333 334 333 333 334 334 333 333 333 333 333 333 333 333 333 333 333 333 332 332 332 332 332 332 333 332 332 332 332 332 332 332 332 332 332 332 332 332 332 332 332 332 332 332 332 332 332 332 332 332 332 332 332 332 331 331 331 331 332 331 331 331 331 331 331 332 332 332 332 332 332 333 333 332 332 332 332 332 332 331 331 332 332 332 332 332 332 332 332 332 332 332 332 332 331 331 331 331 331 331 331 331 330 329 328 328 328 328 328 328 328 328 328 328 328 328 328 328 328 327 327 327 326 327 327 327 326 326 326 326 325 325 325 325 325 325 325 325 325 325 325 324 324 324 324 324 324 323 323 323 323 323 323 323 323 323 322 322 322 322 322 322 322 322 322 322 322 322 321 321 321 320 320 320 320 320 NA NA NA NA NA NA NA NA NA NA NA NA NA NA NA NA NA NA NA NA NA NA NA NA NA NA NA NA NA NA NA NA NA NA NA NA NA NA NA NA NA NA NA NA NA NA NA NA NA NA NA NA NA NA NA NA
NA NA NA NA NA NA NA NA NA NA NA NA NA NA NA NA NA NA NA NA NA NA NA NA NA NA NA NA NA NA NA NA NA NA NA NA NA NA NA NA NA NA NA NA NA NA NA NA NA NA NA NA NA NA NA NA NA NA NA NA NA NA NA NA NA NA NA NA NA NA NA NA NA NA NA NA NA NA NA NA NA NA NA NA NA NA NA NA NA NA NA NA NA NA NA NA 325 326 326 326 326 326 326 327 327 328 328 327 327 328 328 328 329 329 329 329 329 329 329 329 329 329 329 329 329 329 330 330 329 330 330 330 330 330 330 330 330 330 330 330 331 331 331 331 331 331 332 332 331 331 331 331 331 331 331 332 331 331 332 332 332 332 332 332 332 332 332 332 332 332 332 332 332 332 332 333 333 333 333 333 333 332 332 332 332 332 333 333 333 333 333 333 332 332 332 333 333 333 332 333 333 333 333 332 333 333 332 332 332 332 332 332 332 332 332 333 333 333 333 333 333 333 333 333 333 333 333 333 333 333 333 333 333 333 333 333 333 333 333 333 333 333 334 334 334 334 334 334 334 334 334 334 334 334 334 334 334 334 334 334 334 334 334 334 334 334 334 334 334 334 334 333 334 333 334 334 334 334 333 333 333 333 333 333 333 333 333 333 333 332 332 332 332 333 333 333 333 333 332 332 332 332 332 332 332 332 332 332 332 332 332 332 332 332 332 332 332 332 332 332 332 332 332 332 332 332 332 332 332 332 332 331 331 331 331 331 331 332 332 332 332 332 332 332 332 332 332 332 332 332 332 332 331 332 332 333 333 332 332 332 332 332 332 331 331 331 331 331 331 331 331 331 330 330 329 329 328 328 328 328 328 328 328 329 328 328 328 328 328 328 328 327 327 327 327 327 327 327 326 326 326 326 326 325 325 325 325 325 325 325 325 325 324 324 324 324 324 324 324 324 323 323 323 323 323 323 323 322 323 322 323 323 323 323 322 322 322 322 322 322 322 322 321 321 321 321 321 NA NA NA NA NA NA NA NA NA NA NA NA NA NA NA NA NA NA NA NA NA NA NA NA NA NA NA NA NA NA NA NA NA NA NA NA NA NA NA NA NA NA NA NA NA NA NA NA NA NA NA NA NA NA NA NA
NA NA NA NA NA NA NA NA NA NA NA NA NA NA NA NA NA NA NA NA NA NA NA NA NA NA NA NA NA NA NA NA NA NA NA NA NA NA NA NA NA NA NA NA NA NA NA NA NA NA NA NA NA NA NA NA NA NA NA NA NA NA NA NA NA NA NA NA NA NA NA NA NA NA NA NA NA NA NA NA NA NA NA NA NA NA NA NA NA NA NA NA NA NA NA NA NA 326 327 327 327 326 326 326 327 327 327 327 328 328 327 328 328 329 329 329 329 329 329 329 329 329 329 329 330 329 329 329 330 330 330 330 330 330 330 330 330 331 331 331 331 331 331 331 331 332 331 331 331 331 331 331 331 331 331 331 331 331 332 332 332 332 332 332 332 332 332 332 332 332 332 332 332 332 333 333 333 333 333 333 333 333 332 332 332 332 332 333 333 333 333 333 333 332 332 333 333 333 333 333 333 333 333 333 333 333 333 332 332 332 332 332 332 332 332 333 333 333 333 333 333 333 333 333 333 333 333 333 333 333 333 333 333 333 333 333 333 333 333 333 333 333 334 334 334 334 334 334 334 334 334 334 334 334 334 334 334 334 334 334 334 334 334 334 334 334 334 334 334 334 334 334 334 334 334 334 333 333 333 333 333 333 333 333 333 333 333 333 333 332 332 333 333 333 333 333 333 333 333 333 332 332 332 332 332 332 332 332 332 332 332 332 332 332 332 332 332 332 332 332 332 332 332 332 332 332 332 332 332 332 332 332 331 332 332 332 331 332 332 332 332 332 333 333 333 332 332 332 332 332 332 332 332 332 332 333 332 332 332 332 332 332 332 332 331 331 331 331 331 331 331 330 330 329 329 329 328 328 328 328 328 328 328 329 329 328 328 328 328 328 328 328 327 327 327 327 327 327 327 326 326 326 326 325 326 326 325 325 325 325 325 324 324 324 324 324 324 324 324 324 324 324 323 323 323 323 323 323 323 323 323 323 323 323 323 323 322 322 322 322 322 322 321 321 321 321 NA NA NA NA NA NA NA NA NA NA NA NA NA NA NA NA NA NA NA NA NA NA NA NA NA NA NA NA NA NA NA NA NA NA NA NA NA NA NA NA NA NA NA NA NA NA NA NA NA NA NA NA NA NA NA NA NA
NA NA NA NA NA NA NA NA NA NA NA NA NA NA NA NA NA NA NA NA NA NA NA NA NA NA NA NA NA NA NA NA NA NA NA NA NA NA NA NA NA NA NA NA NA NA NA NA NA NA 319 320 NA NA NA NA NA NA NA NA NA NA NA NA NA NA NA NA NA NA NA NA NA NA NA NA NA NA NA NA NA NA NA NA NA NA NA NA NA NA NA NA NA NA NA NA 325 326 327 326 326 327 326 326 326 327 327 327 327 327 328 328 329 329 329 329 329 329 329 329 329 329 329 329 329 329 329 329 329 329 330 330 330 330 330 330 330 331 331 331 331 331 331 331 331 331 331 332 332 332 332 332 331 331 331 331 331 331 331 331 332 332 332 332 332 332 332 332 332 332 332 332 332 332 333 333 333 333 333 333 333 333 333 332 332 332 333 333 332 332 333 333 333 332 332 332 333 332 333 333 333 333 333 333 333 333 333 333 333 333 333 333 333 333 333 333 333 333 333 333 333 333 333 333 333 333 333 333 333 333 333 333 334 334 334 333 333 333 333 333 333 333 334 334 334 334 334 334 334 334 334 334 334 334 334 334 334 334 334 334 334 334 334 334 334 334 334 334 334 334 334 334 334 334 334 334 334 333 333 333 333 333 333 333 333 333 333 333 333 332 332 333 333 333 333 333 333 333 333 333 333 332 332 332 332 332 332 332 332 332 332 332 332 332 332 332 332 332 332 332 332 332 332 332 332 332 332 332 332 332 332 332 332 332 332 332 332 332 332 332 332 332 332 332 333 333 333 333 333 333 333 332 333 333 333 333 333 332 332 332 332 332 331 331 331 331 331 331 331 331 330 330 330 330 330 329 329 328 328 328 328 328 329 328 328 328 328 328 328 328 328 328 327 327 327 327 327 327 327 327 327 326 326 326 326 326 325 325 325 325 325 325 325 324 324 324 324 324 324 324 324 324 324 324 323 323 323 323 323 323 323 323 323 323 323 NA NA NA NA NA NA NA NA NA NA NA NA NA NA NA NA NA NA NA NA NA NA NA NA NA NA NA NA NA NA NA NA NA NA NA NA NA NA NA NA NA NA NA NA NA NA NA NA NA NA NA NA NA NA NA NA NA NA NA NA NA NA NA NA NA NA NA NA
NA NA NA NA NA NA NA NA NA NA NA NA NA NA NA NA NA NA NA NA NA NA NA NA NA NA NA NA NA NA NA NA NA NA NA NA NA NA NA NA NA NA NA NA NA NA NA NA NA NA 320 322 321 NA NA NA NA NA NA NA NA NA NA NA NA NA NA NA NA NA NA NA NA NA NA NA NA NA NA NA NA NA NA NA NA NA NA NA NA NA NA NA NA 325 325 325 325 326 327 327 327 327 327 327 326 327 327 327 327 327 328 328 329 329 329 329 329 329 329 329 329 329 329 329 329 330 330 330 329 329 329 330 330 330 330 330 330 330 331 330 331 331 331 331 331 331 331 332 332 332 332 332 331 332 332 332 332 332 331 331 331 332 332 332 332 332 332 332 332 332 332 332 332 333 333 333 333 333 333 333 333 333 333 333 332 332 333 333 332 332 332 333 333 332 332 332 332 332 332 332 332 332 332 333 333 333 333 334 334 333 333 333 334 333 333 333 333 333 333 333 333 333 333 333 333 333 333 333 333 333 333 333 333 334 334 333 333 333 333 333 333 333 334 334 334 334 334 334 334 334 334 334 334 334 334 334 334 334 334 334 334 334 334 334 334 334 334 334 334 334 334 334 334 334 334 334 334 334 333 333 333 333 333 333 333 333 333 333 333 333 333 333 333 333 333 333 333 333 333 333 333 333 333 332 332 332 332 332 332 332 332 332 332 332 332 332 332 332 332 332 332 332 332 332 332 332 332 332 332 332 332 332 332 332 332 332 332 332 332 332 332 332 332 332 332 332 332 333 333 333 333 332 332 332 333 333 332 332 332 332 332 332 332 332 332 332 332 331 331 331 331 330 331 331 330 329 328 328 328 328 328 328 329 328 329 328 328 328 328 328 328 328 328 327 327 327 327 327 327 327 327 326 326 326 326 326 326 326 325 326 325 325 325 324 324 324 324 324 324 324 324 324 323 323 323 323 323 323 323 323 324 NA NA NA NA NA NA NA NA NA NA NA NA NA NA NA NA NA NA NA NA NA NA NA NA NA NA NA NA NA NA NA NA NA NA NA NA NA NA NA NA NA NA NA NA NA NA NA NA NA NA NA NA NA NA NA NA NA NA NA NA NA NA NA NA NA NA NA NA NA NA NA NA
NA NA NA NA NA NA NA NA NA NA NA NA NA NA NA NA NA NA NA NA NA NA NA NA NA NA NA NA NA NA NA NA NA NA NA NA NA NA NA NA NA NA NA NA NA NA NA NA NA NA 320 322 323 322 320 320 320 320 320 NA NA NA NA NA NA NA NA NA NA NA NA NA NA NA NA NA NA NA NA NA NA NA NA NA NA NA NA NA NA NA 324 324 325 326 326 325 326 327 327 327 327 327 327 327 326 327 327 327 327 327 328 328 328 329 329 329 329 329 329 329 329 329 330 330 329 330 330 330 330 329 329 329 330 330 330 330 330 330 330 330 331 331 331 331 331 331 331 331 332 332 332 332 332 332 332 332 332 332 332 331 331 331 332 332 332 332 332 332 332 332 332 332 332 332 333 333 332 333 333 333 333 333 333 333 333 333 333 333 333 333 332 333 332 332 332 332 333 332 332 332 333 332 332 333 333 333 334 334 334 333 333 334 333 333 334 333 333 333 333 333 333 333 333 333 333 334 334 334 333 333 333 333 333 333 334 334 333 333 333 333 333 333 334 334 334 334 334 334 334 334 334 334 334 334 334 334 334 334 334 334 334 334 334 334 334 334 334 334 335 334 334 334 334 334 334 334 334 334 333 333 333 333 333 333 333 333 333 333 333 333 333 333 333 333 333 333 333 333 333 333 333 333 333 333 332 332 332 332 332 332 332 332 332 332 332 332 332 332 332 332 332 332 332 332 332 332 332 332 332 333 332 333 333 332 332 332 332 332 332 332 333 333 333 333 333 333 333 333 332 332 332 332 332 333 333 333 333 332 332 332 332 332 332 332 332 332 332 331 331 331 331 332 331 331 330 329 328 328 328 328 328 328 328 328 329 329 328 328 328 328 328 328 328 328 327 327 327 327 327 327 327 326 327 327 327 326 326 326 326 326 325 325 325 325 325 324 324 324 325 324 324 324 324 323 323 323 324 324 324 324 324 NA NA NA NA NA NA NA NA NA NA NA NA NA NA NA NA NA NA NA NA NA NA NA NA NA NA NA NA NA NA NA NA NA NA NA NA NA NA NA NA NA NA NA NA NA NA NA NA NA NA NA NA NA NA NA NA NA NA NA NA NA NA NA NA NA NA NA NA NA NA NA NA
NA NA NA NA NA NA NA NA NA NA NA NA NA NA NA NA NA NA NA NA NA NA NA NA NA NA NA NA NA NA NA NA NA NA NA NA NA NA NA NA NA NA NA NA NA NA NA NA NA NA 320 321 323 323 322 321 322 323 323 321 320 NA NA NA NA NA NA NA NA NA NA NA NA NA NA NA NA NA NA NA NA NA NA NA NA NA NA NA NA NA 324 325 326 326 326 327 327 327 327 328 327 327 327 326 327 327 328 327 327 327 327 328 329 329 329 329 329 329 329 330 330 330 330 330 330 330 330 330 330 329 330 329 329 330 330 330 330 330 330 330 331 331 331 331 331 331 331 331 331 331 332 332 332 332 331 332 332 332 332 332 332 331 331 332 332 332 332 332 332 332 332 332 332 332 332 332 332 332 333 333 332 333 333 333 333 333 333 333 333 333 333 333 332 333 333 333 333 333 333 332 333 333 333 333 333 333 334 334 333 333 333 333 333 334 333 333 333 333 333 333 333 333 333 333 333 333 334 334 333 333 333 333 333 333 334 334 333 333 333 333 333 334 334 334 334 334 334 334 334 334 334 334 334 334 334 334 334 334 334 334 334 334 334 334 335 334 334 334 335 334 334 333 334 334 334 334 334 334 334 333 333 333 333 333 333 333 333 333 333 333 333 333 333 333 333 333 333 333 333 333 333 333 333 333 333 332 332 332 332 332 332 332 332 332 332 332 332 332 332 332 332 332 332 332 332 333 332 333 333 332 332 333 333 332 332 332 332 332 333 333 333 333 333 333 333 333 333 333 333 333 333 333 333 333 333 333 333 332 332 332 332 332 332 332 332 332 331 332 332 331 332 332 331 331 330 329 329 329 328 328 329 329 328 328 329 329 328 329 328 328 328 328 328 327 327 327 327 327 327 327 327 327 326 327 327 327 326 326 326 326 325 325 325 325 325 325 324 325 325 324 324 324 324 324 324 323 323 323 324 324 324 NA NA NA NA NA NA NA NA NA NA NA NA NA NA NA NA NA NA NA NA NA NA NA NA NA NA NA NA NA NA NA NA NA NA NA NA NA NA NA NA NA NA NA NA NA NA NA NA NA NA NA NA NA NA NA NA NA NA NA NA NA NA NA NA NA NA NA NA NA NA NA NA
NA NA NA NA NA NA NA NA NA NA NA NA NA NA NA NA NA NA NA NA NA NA NA NA NA NA NA NA NA NA NA NA NA NA NA NA NA NA NA NA NA NA NA NA NA NA NA NA NA NA NA 320 322 322 323 322 322 324 324 324 322 321 321 321 321 NA NA NA NA NA NA NA NA NA NA NA NA NA NA NA NA NA NA NA NA NA NA NA 324 324 325 325 326 326 326 327 327 327 327 328 328 327 327 327 327 327 328 328 328 328 327 327 328 328 329 330 329 329 329 330 330 330 330 330 330 330 330 330 330 330 330 330 330 330 330 330 330 330 330 330 331 331 331 331 331 331 331 331 331 331 331 332 332 332 332 332 331 332 332 332 332 332 331 331 332 332 332 332 332 332 332 332 332 332 332 332 332 332 333 333 332 333 333 333 333 333 333 333 333 333 333 333 332 333 333 333 333 334 333 333 333 333 333 333 334 333 333 333 333 333 333 333 333 333 333 333 333 333 333 333 333 333 333 333 333 333 334 333 333 333 333 333 333 333 333 334 334 333 333 333 333 333 334 334 334 334 334 334 334 334 334 334 334 334 334 334 334 334 334 334 334 334 334 334 335 335 335 334 334 334 334 334 333 334 334 334 334 334 334 333 333 333 333 333 333 333 333 333 333 333 333 333 333 333 333 333 333 333 333 333 333 333 333 333 333 333 332 332 332 332 332 332 332 332 332 332 332 332 332 332 332 332 332 332 332 333 333 333 332 332 332 332 333 332 332 332 332 332 332 333 333 333 333 333 333 333 333 333 333 333 333 333 333 333 333 333 333 333 333 332 332 332 333 332 332 332 332 332 332 331 331 331 331 330 330 330 329 329 328 329 329 329 329 328 329 329 329 329 328 328 328 328 328 328 327 327 327 327 327 327 327 327 327 327 327 327 326 326 326 326 326 325 325 325 325 325 325 325 325 325 324 324 324 324 324 324 323 324 324 324 324 NA NA NA NA NA NA NA NA NA NA NA NA NA NA NA NA NA NA NA NA NA NA NA NA NA NA NA NA NA NA NA NA NA NA NA NA NA NA NA NA NA NA NA NA NA NA NA NA NA NA NA NA NA NA NA NA NA NA NA NA NA NA NA NA NA NA NA NA NA NA NA NA
NA NA NA NA NA NA NA NA NA NA NA NA NA NA NA NA NA NA NA NA NA NA NA NA NA NA NA NA NA NA NA NA NA NA NA NA NA NA NA NA NA NA NA NA NA NA NA NA NA NA NA NA 320 322 322 323 323 324 325 325 324 323 323 323 322 321 NA NA NA NA NA NA NA NA NA NA NA NA NA NA NA NA NA NA NA NA 324 324 325 325 325 325 326 326 326 327 327 326 327 327 327 327 327 327 327 328 328 329 328 328 328 328 328 329 329 329 329 329 330 330 330 329 330 330 330 329 330 330 330 330 330 331 331 330 330 330 330 330 330 330 331 331 331 331 331 331 331 331 331 331 331 331 331 332 332 332 332 331 331 331 332 332 332 331 331 332 333 333 333 332 332 332 332 332 332 332 333 332 333 333 333 333 333 333 333 333 333 333 333 333 333 333 332 333 333 333 333 334 334 333 333 334 334 334 334 334 333 333 333 333 333 333 333 333 333 333 333 333 333 333 333 333 333 333 333 334 334 333 333 333 333 333 333 333 333 333 334 334 333 333 333 333 334 334 334 334 334 334 334 334 334 334 334 334 334 334 335 335 335 335 335 335 335 335 335 335 335 334 334 334 334 334 334 333 333 334 334 334 333 333 333 333 333 333 333 333 333 333 333 333 333 333 333 333 333 333 333 333 333 333 333 333 333 333 333 333 333 332 332 332 333 333 332 332 332 332 332 332 332 332 332 332 332 332 332 332 332 332 332 333 333 332 332 332 332 332 332 332 332 332 333 333 333 333 333 333 333 333 333 333 333 333 333 333 333 333 333 333 333 332 332 332 332 332 332 332 332 332 331 331 331 331 331 330 330 329 329 329 329 329 329 329 329 329 329 329 329 329 329 328 328 328 328 328 328 328 327 327 327 327 327 327 327 327 327 327 326 326 326 326 326 326 325 325 325 325 325 325 325 325 325 325 325 324 324 324 324 324 324 324 324 324 NA NA NA NA NA NA NA NA NA NA NA NA NA NA NA NA NA NA NA NA NA NA NA NA NA NA NA NA NA NA NA NA NA NA NA NA NA NA NA NA NA NA NA NA NA NA NA NA NA NA NA NA NA NA NA NA NA NA NA NA NA NA NA NA NA NA NA NA NA NA NA
NA NA NA NA NA NA NA NA NA NA NA NA NA NA NA NA NA NA NA NA NA NA NA NA NA NA NA NA NA NA NA NA NA NA NA NA NA NA NA NA NA NA NA NA NA NA NA NA NA NA NA NA NA 322 322 323 323 324 324 324 324 324 323 323 322 322 322 NA NA NA 322 322 NA NA NA NA NA NA NA NA NA NA NA NA NA NA 324 324 325 325 325 325 326 327 326 327 326 327 327 328 328 327 327 327 328 328 329 329 328 328 329 329 329 329 329 329 330 330 329 329 329 329 329 329 329 329 329 329 330 330 330 330 331 331 331 330 330 330 330 330 331 331 331 331 331 331 331 331 331 332 331 331 331 332 332 332 332 332 332 331 331 331 331 331 332 332 332 332 333 333 332 332 332 332 332 332 333 333 333 333 333 333 333 333 333 333 333 333 333 333 333 333 333 333 333 333 333 333 333 333 333 333 334 334 334 334 334 333 333 333 333 333 333 333 333 333 333 333 333 333 333 333 334 334 334 334 334 334 333 333 334 334 334 334 333 333 334 334 334 333 333 334 335 334 334 334 334 334 334 334 334 334 334 334 334 334 334 334 334 335 335 335 335 335 335 335 334 334 334 334 334 334 334 334 333 334 334 334 334 334 334 334 333 333 333 334 334 334 333 333 333 333 333 333 333 333 333 333 333 333 333 333 333 333 333 333 333 333 332 333 333 333 333 332 332 332 332 332 332 332 332 332 332 332 333 333 333 332 332 332 332 332 332 332 332 332 332 332 333 333 333 333 333 334 334 333 333 333 333 333 333 333 333 333 333 333 333 333 332 332 332 332 332 332 332 332 332 332 332 331 331 330 330 330 330 329 329 329 329 329 329 329 329 329 329 329 329 329 329 329 328 328 328 328 328 328 328 327 327 327 327 327 327 327 327 327 326 326 326 326 326 326 326 325 325 325 325 325 325 325 325 325 324 324 324 324 324 324 324 324 324 NA NA NA NA NA NA NA NA NA NA NA NA NA NA NA NA NA NA NA NA NA NA NA NA NA NA NA NA NA NA NA NA NA NA NA NA NA NA NA NA NA NA NA NA NA NA NA NA NA NA NA NA NA NA NA NA NA NA NA NA NA NA NA NA NA NA NA NA NA NA NA NA
NA NA NA NA NA NA NA NA NA NA NA NA NA NA NA NA NA NA NA NA NA NA NA NA NA NA NA NA NA NA NA NA NA NA NA NA NA NA NA NA NA NA NA NA NA NA NA NA NA NA NA NA 321 323 323 323 324 324 324 324 325 324 323 323 322 323 324 324 323 323 324 323 323 322 323 323 323 323 323 323 323 323 323 323 324 324 324 324 325 325 325 325 326 326 326 326 327 327 327 327 327 327 327 327 328 328 328 328 328 329 329 329 329 329 330 330 330 330 329 329 329 329 329 329 329 329 330 330 330 330 330 330 330 331 331 331 331 331 331 330 330 331 331 331 331 331 331 331 331 331 331 331 332 332 332 332 332 332 332 332 332 332 331 331 331 332 332 332 333 332 333 332 333 332 332 332 333 333 333 333 333 333 333 333 333 333 333 333 333 333 333 333 333 333 333 333 333 333 333 333 333 333 333 334 334 334 334 334 333 333 333 333 333 333 333 333 333 333 333 333 334 334 334 334 334 334 334 334 334 334 334 334 334 334 334 333 334 334 334 334 334 334 335 335 334 334 334 334 335 335 334 335 335 335 334 334 334 334 334 334 335 334 335 335 335 335 335 334 334 334 334 334 334 334 334 333 334 334 334 334 334 334 334 334 333 333 334 334 333 333 333 333 333 333 333 333 333 333 333 333 333 333 333 333 333 333 333 333 333 333 333 333 333 332 332 332 332 332 332 332 332 332 332 332 333 332 332 332 332 332 332 332 332 332 332 332 333 333 333 333 333 333 333 333 334 333 333 333 333 333 333 333 333 333 333 333 333 333 332 332 332 332 332 332 331 331 331 331 331 331 331 331 330 330 330 329 329 329 330 330 329 329 329 329 329 329 329 329 329 329 328 328 328 328 328 328 328 328 327 327 327 327 327 327 327 327 326 326 326 326 326 326 326 326 325 325 325 325 325 325 325 325 324 324 324 324 324 324 324 324 324 NA NA NA NA NA NA NA NA NA NA NA NA NA NA NA NA NA NA NA NA NA NA NA NA NA NA NA NA NA NA NA NA NA NA NA NA NA NA NA NA NA NA NA NA NA NA NA NA NA NA NA NA NA NA NA NA NA NA NA NA NA NA NA NA NA NA NA NA NA NA NA NA
NA NA NA NA NA NA NA NA NA NA NA NA NA NA NA NA NA NA NA NA NA NA NA NA NA NA NA NA NA NA NA NA NA NA NA NA NA NA NA NA NA NA NA NA NA NA NA NA NA NA NA NA NA NA 322 324 324 324 324 324 324 324 323 322 322 323 324 325 325 325 325 325 325 324 324 324 325 325 324 324 324 324 324 324 324 325 325 325 325 325 325 325 326 326 326 326 327 327 327 327 327 328 327 327 327 328 328 328 328 328 328 328 329 330 330 330 330 330 330 330 330 330 330 329 329 330 330 330 330 330 330 330 330 330 331 331 331 331 331 331 330 331 331 331 331 331 331 332 332 331 331 331 332 332 332 332 332 332 332 333 333 332 332 332 332 331 332 332 332 332 333 333 333 333 333 333 332 333 333 333 333 333 333 333 333 333 333 333 333 333 333 333 333 333 333 333 333 333 333 333 333 333 334 334 334 334 334 334 334 333 333 334 334 333 333 333 333 333 333 333 334 334 334 334 334 334 334 334 334 334 334 334 334 334 334 334 334 334 334 334 334 334 335 335 335 335 334 334 335 335 335 335 335 335 335 335 334 334 334 334 334 334 334 335 335 335 335 335 334 334 334 334 334 334 334 334 333 334 334 334 334 334 334 334 334 334 334 334 334 333 333 333 333 333 333 333 333 333 333 333 333 333 333 333 333 333 333 333 333 333 333 333 333 333 332 332 332 332 332 332 332 332 333 333 332 332 332 333 333 333 332 332 332 332 332 332 332 332 332 333 333 333 333 333 333 333 333 333 334 334 333 333 333 333 333 333 333 332 332 332 332 332 332 332 331 331 331 332 332 332 331 331 330 330 329 329 329 330 330 330 330 329 329 329 329 329 329 329 329 329 329 328 328 328 328 328 328 328 328 327 327 327 327 327 327 327 327 326 326 326 326 326 326 326 326 325 325 325 325 325 325 325 324 324 324 324 325 325 324 324 324 NA NA NA NA NA NA NA NA NA NA NA NA NA NA NA NA NA NA NA NA NA NA NA NA NA NA NA NA NA NA NA NA NA NA NA NA NA NA NA NA NA NA NA NA NA NA NA NA NA NA NA NA NA NA NA NA NA NA NA NA NA NA NA NA NA NA NA NA NA NA NA NA
NA NA NA NA NA NA NA NA NA NA NA NA NA NA NA NA NA NA NA NA NA NA NA NA NA NA NA NA NA NA NA NA NA NA NA NA NA NA NA NA NA NA NA NA NA NA NA NA NA NA NA NA NA NA NA 323 323 323 324 324 324 323 323 323 323 323 323 324 325 325 326 326 325 325 326 326 326 326 326 325 325 325 324 324 324 325 325 325 325 325 326 326 327 327 326 326 327 327 327 327 327 327 328 328 327 328 328 328 328 328 329 329 329 330 330 330 330 330 330 330 329 330 330 330 330 330 330 330 330 330 330 330 331 331 331 330 331 331 331 330 330 331 331 331 331 331 331 332 331 331 331 332 332 332 332 332 332 332 332 332 332 332 333 332 332 332 332 332 332 332 333 333 332 333 333 333 333 333 333 333 333 333 333 333 333 333 333 333 333 333 333 333 333 333 333 333 334 333 333 333 333 334 334 334 334 334 334 334 334 334 334 334 334 334 333 333 333 333 334 334 334 334 334 334 334 334 334 334 334 334 334 334 334 334 334 334 334 334 334 334 334 334 335 335 335 335 334 334 335 335 335 335 335 335 335 335 335 334 334 334 334 334 335 335 335 334 334 334 334 334 334 334 334 334 334 334 334 334 334 334 334 334 334 334 334 334 334 334 333 333 334 334 333 333 333 333 333 333 333 333 333 333 333 333 333 333 333 333 333 333 333 333 333 333 333 332 333 333 333 333 333 333 333 333 332 332 332 333 333 333 333 333 333 332 333 332 333 333 333 333 333 333 333 333 333 333 333 333 334 334 334 333 333 333 333 333 332 332 332 332 332 332 332 332 331 331 331 331 331 331 331 330 330 330 329 329 329 330 330 330 330 330 329 329 329 329 329 329 329 329 329 329 328 328 328 328 328 328 328 327 327 327 327 327 327 327 327 326 326 326 326 326 326 326 326 326 326 325 325 325 325 325 325 325 325 325 324 325 325 325 325 NA NA NA NA NA NA NA NA NA NA NA NA NA NA NA NA NA NA NA NA NA NA NA NA NA NA NA NA NA NA NA NA NA NA NA NA NA NA NA NA NA NA NA NA NA NA NA NA NA NA NA NA NA NA NA NA NA NA NA NA NA NA NA NA NA NA NA NA NA NA NA NA
NA NA NA NA NA NA NA NA NA NA NA NA NA NA NA NA NA NA NA NA NA NA NA NA NA NA NA NA NA NA NA NA NA NA NA NA NA NA NA NA NA NA NA NA NA NA NA NA NA NA NA NA NA NA NA NA 323 324 324 325 325 324 323 323 323 323 324 324 326 326 326 326 326 326 326 326 326 326 326 326 326 326 326 326 325 325 324 325 325 325 326 326 326 327 327 327 327 327 327 328 327 328 327 328 327 328 328 328 328 328 328 328 329 329 329 330 330 330 330 329 329 329 330 330 330 330 330 330 330 330 330 330 330 331 331 331 330 330 331 330 330 331 331 331 332 331 331 331 331 332 332 332 332 332 332 332 332 332 332 332 332 333 332 332 332 332 332 332 332 332 332 333 333 333 333 333 333 333 333 333 333 333 333 333 333 333 333 334 333 333 333 333 333 333 333 334 334 333 333 333 333 333 333 333 334 334 334 334 334 334 334 334 334 334 334 334 333 333 334 334 334 334 334 334 334 334 334 334 334 334 334 334 334 334 334 334 334 334 334 334 334 334 335 335 335 335 335 334 334 335 335 335 335 335 335 335 335 335 334 334 335 335 335 335 335 334 334 334 334 335 335 334 334 334 334 334 334 334 334 334 334 334 334 334 334 334 334 333 334 334 334 334 333 333 333 334 333 333 333 333 333 333 333 333 333 333 333 333 333 333 333 333 333 333 333 333 333 333 333 333 333 333 333 332 332 332 332 333 333 333 333 333 333 333 333 333 333 333 333 333 333 333 333 333 333 333 333 334 333 334 334 333 333 333 333 332 332 332 332 333 333 333 332 332 331 331 331 331 331 331 331 330 330 330 329 329 330 330 330 330 330 329 329 329 329 329 329 329 329 329 329 329 328 328 328 328 328 328 327 327 327 327 327 327 327 327 326 327 326 326 326 326 326 326 326 326 326 325 325 325 325 325 325 325 325 325 325 325 324 NA NA NA NA NA NA NA NA NA NA NA NA NA NA NA NA NA NA NA NA NA NA NA NA NA NA NA NA NA NA NA NA NA NA NA NA NA NA NA NA NA NA NA NA NA NA NA NA NA NA NA NA NA NA NA NA NA NA NA NA NA NA NA NA NA NA NA NA NA NA NA NA NA NA
NA NA NA NA NA NA NA NA NA NA NA NA NA NA NA NA NA NA NA NA NA NA NA NA NA NA NA NA NA NA NA NA NA NA NA NA NA NA NA NA NA NA NA NA NA NA NA NA NA NA NA NA NA NA NA NA NA 324 325 326 326 325 325 325 324 324 325 325 326 326 326 326 326 326 327 327 326 327 327 327 327 326 326 325 325 325 325 326 325 325 326 326 326 327 327 327 327 327 327 327 327 328 328 328 328 328 328 328 328 328 329 329 329 329 330 330 330 330 330 330 330 330 330 330 330 330 330 330 330 330 330 330 330 331 331 331 331 330 330 330 330 331 331 331 332 332 332 332 331 331 332 332 332 332 331 332 332 332 331 332 332 333 332 333 333 332 332 332 332 332 332 333 333 333 333 333 333 333 333 333 333 333 333 333 333 333 333 333 333 333 333 333 333 333 333 334 334 333 333 333 333 333 333 333 333 334 333 334 334 334 334 334 334 334 334 334 334 334 334 334 334 334 334 334 334 334 334 334 334 334 334 334 334 334 334 334 334 334 334 334 334 334 335 335 335 335 335 335 335 334 335 335 335 335 335 335 335 334 334 335 335 335 335 335 335 335 334 335 335 335 335 334 334 334 334 334 334 334 334 334 334 334 334 334 334 334 334 334 334 334 333 333 333 333 333 334 334 333 333 333 333 333 333 333 333 333 333 333 333 333 333 333 333 333 333 333 333 333 333 333 333 333 332 332 332 332 332 333 333 333 333 333 333 333 332 333 333 333 333 332 333 333 334 333 333 333 334 334 333 333 333 333 333 333 332 332 332 333 333 333 333 332 332 331 331 331 331 331 331 331 330 330 330 330 330 330 330 330 330 330 330 329 329 329 329 329 329 329 329 329 329 329 328 328 328 328 328 328 327 328 328 327 327 327 327 326 326 326 326 326 326 326 326 326 326 326 326 325 325 325 325 325 325 325 325 325 325 325 325 NA NA NA NA NA NA NA NA NA NA NA NA NA NA NA NA NA NA NA NA NA NA NA NA NA NA NA NA NA NA NA NA NA NA NA NA NA NA NA NA NA NA NA NA NA NA NA NA NA NA NA NA NA NA NA NA NA NA NA NA NA NA NA NA NA NA NA NA NA NA NA NA NA NA
NA NA NA NA NA NA NA NA NA NA NA NA NA NA NA NA NA NA NA NA NA NA NA NA NA NA NA NA NA NA NA NA NA NA NA NA NA NA NA NA NA NA NA NA NA NA NA NA NA NA NA NA NA NA NA NA NA NA 326 326 325 325 325 325 325 325 325 325 326 326 326 326 326 327 327 327 327 327 328 327 327 327 326 326 326 326 327 327 326 327 327 326 327 326 327 328 328 327 327 327 327 328 329 328 329 329 329 329 329 329 329 329 329 330 330 330 330 330 330 330 330 330 330 330 330 330 330 330 330 330 330 330 330 330 330 331 331 331 331 331 331 331 331 332 332 332 332 332 332 332 332 332 332 332 332 331 331 331 331 332 333 332 332 333 333 333 331 331 331 332 332 333 333 333 333 333 333 333 333 333 333 333 333 333 333 334 334 334 334 333 333 334 333 333 333 333 334 333 333 334 334 334 334 334 334 334 334 334 334 334 334 334 334 334 334 334 334 334 334 334 334 334 334 334 334 334 334 334 334 334 334 334 334 334 334 334 334 334 334 334 334 334 335 335 335 335 335 335 335 335 334 335 335 335 336 335 335 335 334 334 335 335 335 335 335 335 334 334 335 335 335 335 334 334 334 334 334 334 334 334 334 334 334 334 334 334 334 334 334 334 334 333 333 333 334 334 334 334 333 333 333 333 333 333 333 333 333 333 333 333 333 333 333 333 333 333 333 333 333 333 333 333 333 332 332 332 332 332 333 333 333 333 332 333 333 333 333 333 332 333 333 333 334 334 333 334 334 334 334 334 333 333 333 332 332 332 332 333 333 332 332 332 332 332 332 331 332 331 331 331 331 330 330 330 330 330 330 330 330 330 330 330 330 329 329 329 329 329 329 329 329 329 328 328 328 328 328 328 327 328 328 327 327 327 327 327 326 326 327 326 326 326 326 326 326 326 326 326 326 325 325 325 325 325 325 325 325 325 325 NA NA NA NA NA NA NA NA NA NA NA NA NA NA NA NA NA NA NA NA NA NA NA NA NA NA NA NA NA NA NA NA NA NA NA NA NA NA NA NA NA NA NA NA NA NA NA NA NA NA NA NA NA NA NA NA NA NA NA NA NA NA NA NA NA NA NA NA NA NA NA NA NA NA
NA NA NA NA NA NA NA NA NA NA NA NA NA NA NA NA NA NA NA NA NA NA NA NA NA NA NA NA NA NA NA NA NA NA NA NA NA NA NA NA NA NA NA NA NA NA NA NA NA NA NA NA NA NA NA NA NA NA 326 326 325 326 326 326 326 325 325 325 326 326 326 327 326 327 327 327 327 328 328 328 327 328 327 327 327 327 328 328 328 328 328 328 328 327 327 328 328 328 329 329 329 329 330 330 330 330 330 330 330 330 330 329 329 329 329 330 330 330 330 331 331 331 330 330 330 330 330 331 331 331 330 330 330 330 330 331 331 331 331 331 331 331 331 332 332 332 332 332 332 332 332 332 332 332 332 332 331 331 331 332 332 332 331 331 331 331 332 332 332 332 332 332 332 332 332 333 333 333 333 333 333 333 333 333 333 333 333 333 334 334 334 334 333 333 333 333 333 333 333 334 334 334 334 334 334 334 334 334 334 334 334 334 334 334 334 334 334 334 334 334 334 334 334 334 334 334 334 334 334 334 334 334 334 334 334 334 334 334 334 334 334 334 335 335 335 335 335 335 335 335 335 335 335 335 336 335 335 335 334 334 334 335 335 335 335 335 335 335 335 335 335 335 334 334 335 335 334 334 334 334 334 334 334 334 334 334 334 334 334 334 334 333 333 333 333 334 334 333 333 333 333 333 333 333 334 333 333 333 333 333 333 333 333 333 333 333 333 333 333 333 333 333 333 333 332 332 333 333 333 333 333 333 332 333 333 333 333 333 332 332 333 333 333 333 333 334 334 334 334 334 334 333 333 332 332 332 332 332 333 332 332 332 331 331 331 332 331 331 331 331 330 330 330 330 330 330 330 330 330 330 330 330 330 329 329 329 329 329 329 329 329 329 329 329 329 328 328 328 328 328 328 327 327 327 327 327 326 326 326 326 326 326 326 326 326 326 326 326 326 326 325 325 325 325 325 325 325 325 325 NA NA NA NA NA NA NA NA NA NA NA NA NA NA NA NA NA NA NA NA NA NA NA NA NA NA NA NA NA NA NA NA NA NA NA NA NA NA NA NA NA NA NA NA NA NA NA NA NA NA NA NA NA NA NA NA NA NA NA NA NA NA NA NA NA NA NA NA NA NA NA NA NA NA
NA NA NA NA NA NA NA NA NA NA NA NA NA NA NA NA NA NA NA NA NA NA NA NA NA NA NA NA NA NA NA NA NA NA NA NA NA NA NA NA NA NA NA NA NA NA NA NA NA NA NA NA NA NA NA NA NA NA NA 326 326 325 325 326 326 326 326 326 325 326 326 326 327 327 328 327 328 328 328 328 328 328 328 327 327 328 328 328 328 328 328 328 329 328 328 329 329 329 330 330 330 330 330 330 330 330 330 330 330 330 330 330 330 329 329 330 330 330 330 330 331 331 330 330 331 331 331 331 331 331 331 331 330 330 331 331 331 331 331 331 331 331 332 332 332 332 332 332 332 333 333 333 332 332 332 331 331 331 331 331 331 332 332 331 331 332 333 334 333 333 332 332 332 332 332 333 333 333 333 333 333 333 333 333 333 333 334 334 334 334 334 334 334 334 334 334 334 334 334 334 334 334 334 334 334 334 334 334 334 334 334 334 334 334 334 334 334 334 334 334 334 334 334 334 334 334 334 334 334 334 334 334 334 334 334 334 334 334 334 334 334 334 335 335 335 335 336 335 336 336 335 335 335 335 335 336 335 335 335 335 334 335 334 335 335 335 335 335 335 335 335 335 334 334 334 335 335 334 334 334 334 334 334 334 334 334 334 334 334 334 333 333 333 334 333 334 334 334 333 333 333 333 333 334 334 334 334 333 333 333 333 333 333 333 333 333 333 333 333 333 333 333 333 333 333 333 333 333 333 333 333 333 332 333 333 333 333 333 332 332 332 333 333 334 334 333 334 334 334 334 334 334 334 333 333 332 331 332 332 332 331 331 331 331 331 331 331 331 331 331 331 331 330 330 330 330 330 330 330 330 330 330 330 329 329 329 329 329 329 329 329 329 329 329 329 329 328 328 328 328 328 328 327 327 327 327 327 326 326 326 326 326 326 326 326 326 326 326 326 326 325 325 325 325 325 325 325 325 325 NA NA NA NA NA NA NA NA NA NA NA NA NA NA NA NA NA NA NA NA NA NA NA NA NA NA NA NA NA NA NA NA NA NA NA NA NA NA NA NA NA NA NA NA NA NA NA NA NA NA NA NA NA NA NA NA NA NA NA NA NA NA NA NA NA NA NA NA NA NA NA NA NA NA
NA NA NA NA NA NA NA NA NA NA NA NA NA NA NA NA NA NA NA NA NA NA NA NA NA NA NA NA NA NA NA NA NA NA NA NA NA NA NA NA NA NA NA NA NA NA NA NA NA NA NA NA NA NA NA NA NA NA NA NA 326 325 325 325 326 326 326 326 326 326 326 326 326 327 327 328 328 328 328 328 328 328 328 328 328 328 328 329 329 329 328 329 329 329 329 329 329 329 330 330 330 330 330 330 330 330 330 330 330 330 330 330 330 330 330 329 330 330 330 330 330 330 331 331 331 330 330 331 331 331 331 331 331 331 331 331 331 331 331 331 331 331 332 332 332 332 332 332 332 333 333 333 333 333 332 332 331 332 332 332 332 333 333 332 332 332 332 333 333 333 333 332 332 333 333 333 333 333 333 333 333 333 333 333 333 334 334 334 334 334 334 334 334 334 334 334 334 334 334 334 334 334 334 334 334 334 334 334 334 334 334 334 334 334 334 334 334 334 334 334 334 334 334 334 334 334 334 333 333 334 334 334 334 334 334 334 334 334 334 334 334 334 335 335 335 335 335 336 336 335 335 335 335 336 335 335 335 335 335 335 335 334 334 335 335 335 334 334 334 335 335 335 335 335 335 334 335 335 335 334 334 334 334 334 334 334 334 334 334 334 334 334 333 334 334 334 334 333 333 333 333 333 333 334 334 334 334 334 333 333 333 333 333 333 333 333 333 333 333 333 333 333 333 333 333 333 333 333 333 333 332 333 333 332 333 333 333 333 332 332 333 333 333 333 333 333 333 333 334 334 334 334 334 334 333 333 332 331 332 332 332 331 331 331 331 331 331 331 331 331 331 331 331 330 330 330 330 330 330 330 330 330 330 330 330 330 329 330 330 330 329 329 329 329 329 329 329 329 328 328 328 327 327 327 327 327 327 327 327 327 326 326 326 326 326 326 326 326 326 326 325 325 326 325 325 325 325 325 326 NA NA NA NA NA NA NA NA NA NA NA NA NA NA NA NA NA NA NA NA NA NA NA NA NA NA NA NA NA NA NA NA NA NA NA NA NA NA NA NA NA NA NA NA NA NA NA NA NA NA NA NA NA NA NA NA NA NA NA NA NA NA NA NA NA NA NA NA NA NA NA NA NA NA
NA NA NA NA NA NA NA NA NA NA NA NA NA NA NA NA NA NA NA NA NA NA NA NA NA NA NA NA NA NA NA NA NA NA NA NA NA NA NA NA NA NA NA NA NA NA NA NA NA NA NA NA NA NA NA NA NA NA NA NA NA 325 325 326 326 326 326 325 326 326 326 326 326 327 328 328 328 328 328 328 328 328 328 328 328 329 328 328 328 328 328 328 330 330 330 330 330 329 330 330 330 330 330 330 330 330 330 330 331 331 330 330 330 330 329 330 330 330 330 330 330 330 330 330 331 331 331 331 331 331 331 331 331 331 331 331 331 331 331 331 331 331 332 332 332 332 332 332 332 332 332 333 333 332 332 331 332 333 333 333 333 333 333 333 332 332 332 333 333 333 333 333 333 333 333 333 333 333 333 333 333 333 333 333 333 333 334 334 334 334 334 334 334 334 334 334 334 334 334 334 334 334 334 334 334 334 334 334 334 334 334 334 334 334 334 334 334 334 334 335 334 334 334 334 334 334 334 334 333 333 333 334 334 334 334 334 334 334 334 334 334 334 335 335 335 335 335 336 336 335 335 336 336 335 335 335 335 336 335 335 335 335 335 335 335 335 335 335 335 334 334 334 334 335 335 335 335 335 335 334 334 334 334 334 334 334 334 334 334 334 334 334 334 334 334 334 334 334 333 333 333 333 333 334 334 334 334 334 334 333 333 333 333 333 333 333 334 333 333 333 333 333 333 333 333 333 333 333 333 333 332 332 332 333 333 333 333 332 332 332 333 333 333 334 334 333 333 333 333 333 333 334 334 334 333 333 333 332 331 331 331 332 331 331 331 331 331 331 331 331 331 331 331 331 331 330 330 330 330 330 330 330 330 330 330 330 329 330 330 330 330 329 329 329 329 329 329 329 329 328 328 328 328 328 328 327 327 327 327 327 327 327 327 327 326 326 326 326 326 326 326 325 326 326 326 326 325 326 326 NA NA NA NA NA NA NA NA NA NA NA NA NA NA NA NA NA NA NA NA NA NA NA NA NA NA NA NA NA NA NA NA NA NA NA NA NA NA NA NA NA NA NA NA NA NA NA NA NA NA NA NA NA NA NA NA NA NA NA NA NA NA NA NA NA NA NA NA NA NA NA NA NA NA
NA NA NA NA NA NA NA NA NA NA NA NA NA NA NA NA NA NA NA NA NA NA NA NA NA NA NA NA NA NA NA NA NA NA NA NA NA NA NA NA NA NA NA NA NA NA NA NA NA NA NA NA NA NA NA NA NA NA NA NA NA NA 325 325 326 326 326 326 326 326 326 326 326 327 327 328 328 328 328 328 328 328 328 328 328 328 328 328 328 328 328 328 330 330 330 330 329 330 330 330 330 329 329 329 330 330 330 330 330 331 331 331 331 331 330 330 330 330 330 330 330 330 330 330 330 331 331 331 331 331 331 331 331 331 331 331 331 331 331 331 331 331 332 332 332 332 332 332 332 332 332 332 332 332 332 332 332 332 332 332 332 332 333 333 333 333 332 333 333 333 333 333 333 334 334 333 333 333 333 333 333 333 333 333 333 333 334 334 334 334 334 334 334 334 334 334 334 334 334 334 334 334 334 334 334 334 334 334 334 334 334 334 334 334 334 334 334 334 334 335 335 335 335 334 335 335 334 334 334 333 334 334 334 334 334 334 334 334 334 334 334 334 335 335 335 336 336 336 336 336 336 336 336 335 335 335 335 336 336 335 335 335 335 335 335 335 336 335 335 335 335 334 334 335 335 335 335 335 335 334 334 334 334 334 334 334 334 334 334 334 334 334 334 334 334 334 333 333 333 333 333 333 334 334 334 334 334 334 334 334 333 333 333 333 333 333 333 334 333 333 333 333 333 333 333 333 333 333 333 333 333 333 333 333 333 333 333 333 333 333 333 333 333 334 334 334 333 333 334 334 334 334 334 334 333 333 333 333 332 332 332 331 331 331 331 331 331 331 331 331 331 331 331 330 331 331 331 331 330 330 330 330 330 330 330 330 330 330 330 330 329 329 329 329 329 329 329 329 329 328 328 328 328 328 327 327 327 327 327 327 327 327 327 326 326 326 326 326 326 326 326 326 326 326 326 326 326 326 NA NA NA NA NA NA NA NA NA NA NA NA NA NA NA NA NA NA NA NA NA NA NA NA NA NA NA NA NA NA NA NA NA NA NA NA NA NA NA NA NA NA NA NA NA NA NA NA NA NA NA NA NA NA NA NA NA NA NA NA NA NA NA NA NA NA NA NA NA NA NA NA NA NA NA
NA NA NA NA NA NA NA NA NA NA NA NA NA NA NA NA NA NA NA NA NA NA NA NA NA NA NA NA NA NA NA NA NA NA NA NA NA NA NA NA NA NA NA NA NA NA NA NA NA NA NA NA NA NA NA NA NA NA NA NA NA NA NA 326 327 327 327 327 327 327 326 326 326 326 327 328 328 328 328 328 328 328 328 328 328 328 328 328 328 328 328 328 329 330 329 330 330 330 330 329 329 329 329 329 330 330 330 330 330 330 331 331 331 331 331 331 331 330 330 330 330 330 330 330 330 330 331 331 331 331 331 331 331 331 331 331 331 331 331 331 332 332 332 332 332 332 332 332 332 332 332 332 332 332 332 332 332 332 332 332 332 332 332 333 333 333 333 333 333 333 333 333 333 333 334 333 333 333 333 333 333 333 334 334 334 334 334 334 334 334 334 334 334 334 334 334 334 334 334 334 334 334 334 334 334 334 334 334 334 334 334 334 334 334 334 334 334 334 334 335 335 335 335 335 335 335 334 334 334 333 334 334 334 334 334 334 334 334 334 334 334 334 336 336 336 336 336 336 336 336 336 336 336 336 336 336 335 336 336 336 336 336 335 335 335 335 335 335 335 335 335 334 334 335 335 335 335 335 335 335 335 334 334 334 334 334 334 334 334 334 334 334 334 334 334 334 333 333 333 333 333 333 334 334 334 334 334 334 334 334 334 333 333 333 333 333 333 334 333 333 333 333 333 333 333 333 333 333 333 333 333 333 332 332 333 333 333 333 333 333 333 333 333 333 334 334 333 333 334 333 333 333 333 333 333 333 333 333 333 332 332 332 331 331 331 331 331 331 331 331 331 331 331 331 331 331 331 331 331 330 330 330 330 330 330 330 330 330 330 330 329 329 329 329 329 329 329 329 328 328 328 328 328 328 328 327 327 327 327 327 327 327 327 327 327 327 326 326 326 326 326 326 326 326 326 326 326 326 NA NA NA NA NA NA NA NA NA NA NA NA NA NA NA NA NA NA NA NA NA NA NA NA NA NA NA NA NA NA NA NA NA NA NA NA NA NA NA NA NA NA NA NA NA NA NA NA NA NA NA NA NA NA NA NA NA NA NA NA NA NA NA NA NA NA NA NA NA NA NA NA NA NA NA
NA NA NA NA NA NA NA NA NA NA NA NA NA NA NA NA NA NA NA NA NA NA NA NA NA NA NA NA NA NA NA NA NA NA NA NA NA NA NA NA NA NA NA NA NA NA NA NA NA NA NA NA NA NA NA NA NA NA NA NA NA NA NA NA 326 326 326 326 327 327 326 326 327 327 327 327 328 328 328 328 328 328 328 328 328 328 328 328 328 328 328 328 329 330 330 330 330 330 330 330 330 329 329 329 330 330 330 330 330 330 330 330 331 331 331 330 331 330 330 330 330 330 330 330 330 330 330 330 330 330 331 331 331 331 331 331 331 331 331 331 332 332 332 332 332 332 332 332 332 332 332 332 332 332 333 333 332 332 332 332 332 332 332 332 333 333 333 333 333 333 333 333 333 333 334 334 333 333 333 333 333 333 333 333 334 334 334 334 334 334 334 334 334 334 334 334 334 334 334 334 334 334 334 334 334 334 334 334 334 334 334 334 334 334 334 334 334 335 335 335 335 335 335 335 335 335 334 334 334 334 334 333 334 334 334 334 334 334 334 334 334 334 336 336 336 336 336 336 335 336 336 336 336 336 336 335 336 336 336 336 336 336 336 336 335 335 335 335 335 335 335 334 334 334 335 335 335 335 335 335 335 334 334 334 334 334 334 334 334 334 334 334 334 334 335 334 334 334 334 334 333 333 334 334 334 334 334 334 334 334 334 334 334 333 333 333 334 334 334 333 333 333 333 333 333 333 333 333 333 333 333 333 333 332 332 332 333 333 333 332 333 333 333 333 334 333 333 333 333 334 333 333 333 333 333 333 333 333 333 333 332 332 332 331 331 331 331 331 331 331 331 331 331 331 331 331 331 331 331 331 331 330 330 330 330 330 330 330 330 330 330 330 330 330 329 330 329 329 329 328 328 328 328 328 328 328 327 327 327 327 327 327 327 327 327 327 326 326 326 326 326 326 326 326 326 326 326 326 NA NA NA NA NA NA NA NA NA NA NA NA NA NA NA NA NA NA NA NA NA NA NA NA NA NA NA NA NA NA NA NA NA NA NA NA NA NA NA NA NA NA NA NA NA NA NA NA NA NA NA NA NA NA NA NA NA NA NA NA NA NA NA NA NA NA NA NA NA NA NA NA NA NA NA
NA NA NA NA NA NA NA NA NA NA NA NA NA NA NA NA NA NA NA NA NA NA NA NA NA NA NA NA NA NA NA NA NA NA NA NA NA NA NA NA NA NA NA NA NA NA NA NA NA NA NA NA NA NA NA NA NA NA NA NA NA NA NA NA NA 326 326 326 326 326 326 326 327 328 328 328 328 329 328 328 328 328 328 329 328 328 328 328 328 328 328 328 330 330 330 330 330 330 330 330 330 330 329 329 330 330 330 330 330 330 330 330 330 330 330 330 330 331 330 330 330 331 331 330 330 330 330 330 330 330 330 331 331 331 332 331 331 331 331 332 332 332 332 332 332 332 332 332 332 332 332 332 332 333 333 333 333 333 332 332 332 332 332 332 333 333 333 333 333 333 333 333 333 333 333 334 334 333 334 334 333 333 333 333 333 334 334 334 334 334 334 334 334 334 334 334 334 334 334 334 334 334 334 334 335 334 335 335 335 335 335 335 335 335 334 334 334 334 334 334 334 335 335 336 335 335 335 335 334 334 334 334 334 334 334 334 334 334 334 334 334 334 335 336 336 335 335 336 335 335 336 336 336 336 336 336 336 336 336 336 336 336 336 336 336 335 335 335 335 335 335 335 334 335 335 335 335 335 335 335 335 334 334 334 334 334 334 334 334 334 334 334 335 335 334 334 334 334 334 334 333 333 334 334 334 334 334 334 334 334 334 334 334 334 334 334 334 334 334 334 334 333 333 333 333 333 334 334 333 333 333 333 333 333 333 333 333 333 333 332 333 332 333 333 333 333 333 333 333 333 333 333 333 333 333 333 333 333 333 333 332 332 332 332 331 331 331 331 331 331 331 331 331 331 331 331 331 331 331 331 331 331 330 330 330 330 330 331 331 330 330 330 330 330 329 330 329 329 329 329 329 329 328 328 328 328 328 328 327 327 327 327 327 327 327 327 326 326 326 326 326 326 326 326 326 326 326 NA NA NA NA NA NA NA NA NA NA NA NA NA NA NA NA NA NA NA NA NA NA NA NA NA NA NA NA NA NA NA NA NA NA NA NA NA NA NA NA NA NA NA NA NA NA NA NA NA NA NA NA NA NA NA NA NA NA NA NA NA NA NA NA NA NA NA NA NA NA NA NA NA NA NA NA
NA NA NA NA NA NA NA NA NA NA NA NA NA NA NA NA NA NA NA NA NA NA NA NA NA NA NA NA NA NA NA NA NA NA NA NA NA NA NA NA NA NA NA NA NA NA NA NA NA NA NA NA NA NA NA NA NA NA NA NA NA NA NA NA NA NA 327 327 327 326 326 327 327 327 327 327 328 328 328 328 328 328 328 328 328 328 328 328 328 328 328 329 330 330 330 330 330 331 331 330 330 330 330 330 330 330 330 330 330 330 330 330 331 331 331 331 331 331 331 331 331 331 331 331 330 330 330 330 330 330 330 330 331 332 332 332 332 332 332 332 332 332 332 332 332 332 332 332 333 333 333 333 333 333 333 333 333 333 333 332 332 332 333 333 333 333 333 333 333 333 333 333 333 333 333 333 334 334 334 334 333 334 334 333 333 333 334 334 334 334 334 334 334 334 334 334 334 334 334 334 334 334 335 335 335 335 335 335 335 335 335 335 335 335 335 335 335 335 335 335 335 335 335 335 335 335 335 335 334 334 334 334 334 334 334 334 334 334 334 334 334 334 335 336 336 336 335 335 335 336 336 336 336 336 336 336 336 336 336 336 336 336 336 336 336 336 335 335 335 335 335 335 335 335 335 335 335 335 335 335 334 334 334 334 334 334 334 334 335 334 335 335 335 335 334 334 334 334 334 333 333 334 334 334 334 334 334 334 334 334 334 334 334 334 334 334 334 334 334 334 334 334 334 334 334 333 333 334 334 333 333 333 333 333 333 334 334 333 333 333 333 333 333 334 334 334 333 333 333 333 333 333 333 333 333 333 333 333 333 333 332 332 332 332 332 331 331 331 331 332 332 332 331 331 331 331 331 331 331 331 331 331 331 331 331 330 330 331 331 330 330 330 330 330 329 329 329 329 329 329 329 328 328 328 328 328 328 328 328 327 327 327 327 327 327 327 326 326 326 326 326 326 326 326 326 327 326 NA NA NA NA NA NA NA NA NA NA NA NA NA NA NA NA NA NA NA NA NA NA NA NA NA NA NA NA NA NA NA NA NA NA NA NA NA NA NA NA NA NA NA NA NA NA NA NA NA NA NA NA NA NA NA NA NA NA NA NA NA NA NA NA NA NA NA NA NA NA NA NA NA NA NA NA
NA NA NA NA NA NA NA NA NA NA NA NA NA NA NA NA NA NA NA NA NA NA NA NA NA NA NA NA NA NA NA NA NA NA NA NA NA NA NA NA NA NA NA NA NA NA NA NA NA NA NA NA NA NA NA NA NA NA NA NA NA NA NA NA NA NA NA 327 327 326 326 327 327 327 327 328 328 328 328 328 328 328 328 328 328 328 328 328 328 328 328 328 330 330 330 330 330 330 331 331 331 331 331 330 330 331 331 330 330 330 330 330 331 331 331 331 331 331 331 332 332 331 331 331 330 331 331 331 331 331 330 330 330 331 332 332 332 332 332 332 332 332 332 332 332 332 332 333 333 333 333 333 333 333 333 333 333 333 333 332 332 332 332 333 333 333 333 333 333 333 333 333 333 333 333 333 333 334 334 334 334 335 334 334 334 333 333 334 334 334 334 334 334 334 334 334 334 334 334 334 334 334 335 335 335 335 335 335 335 335 335 335 335 335 335 335 335 335 335 335 335 335 335 335 335 335 335 335 334 334 334 334 334 334 334 334 334 334 334 334 334 334 335 336 336 336 336 335 336 336 336 336 336 337 337 336 337 337 337 337 336 336 336 336 335 335 335 336 335 335 335 335 335 335 335 335 335 335 335 335 335 335 335 335 334 335 334 334 335 335 335 335 335 335 334 334 334 334 334 334 334 334 334 334 334 334 334 334 334 334 334 334 334 334 334 334 334 334 334 334 334 334 334 334 334 334 333 333 334 334 334 334 333 333 333 334 334 334 334 333 333 333 334 334 334 334 334 333 333 333 333 333 333 333 333 333 333 333 332 332 332 332 332 332 332 331 331 332 331 332 332 332 332 331 331 331 331 331 331 331 331 331 331 331 331 331 331 331 330 330 330 330 330 330 330 330 329 329 329 329 329 329 329 328 328 328 328 328 328 328 328 327 327 327 327 327 327 326 326 326 326 326 326 326 326 327 NA NA NA NA NA NA NA NA NA NA NA NA NA NA NA NA NA NA NA NA NA NA NA NA NA NA NA NA NA NA NA NA NA NA NA NA NA NA NA NA NA NA NA NA NA NA NA NA NA NA NA NA NA NA NA NA NA NA NA NA NA NA NA NA NA NA NA NA NA NA NA NA NA NA NA NA NA
NA NA NA NA NA NA NA NA NA NA NA NA NA NA NA NA NA NA NA NA NA NA NA NA NA NA NA NA NA NA NA NA NA NA NA NA NA NA NA NA NA NA NA NA NA NA NA NA NA NA NA NA NA NA NA NA NA NA NA NA NA NA NA NA NA NA NA 327 327 326 326 326 326 327 327 327 327 327 327 327 327 327 327 327 327 328 328 329 329 329 329 329 330 330 330 330 330 331 331 331 331 331 331 331 331 331 331 331 331 331 330 331 331 331 331 331 331 331 332 332 332 332 332 332 331 331 331 331 331 331 330 330 330 330 331 331 332 332 332 332 332 332 332 332 333 333 332 333 333 333 333 333 333 333 333 333 333 333 333 333 333 333 332 333 333 333 333 333 333 333 333 333 333 333 333 333 333 333 334 334 334 334 335 335 334 334 333 334 334 334 334 334 334 334 334 334 334 334 334 334 334 335 335 335 335 335 335 335 335 335 335 335 335 335 335 335 335 335 335 335 335 335 335 335 335 336 336 335 335 334 334 334 334 334 334 334 334 334 334 334 334 334 335 336 336 336 335 336 336 336 336 336 336 337 336 336 336 337 336 336 336 336 336 336 336 335 335 336 336 336 335 335 335 335 335 335 335 335 335 335 335 335 335 335 335 335 335 335 335 335 335 335 335 335 334 334 334 334 334 334 334 334 334 334 334 334 334 334 334 334 334 334 334 334 334 334 334 334 334 334 334 334 334 334 334 334 334 334 334 334 334 334 333 333 333 333 334 334 334 334 334 333 334 334 334 334 333 333 333 333 333 332 333 333 333 333 333 333 332 332 332 332 332 332 332 332 332 332 332 332 332 332 332 331 331 331 331 331 331 331 331 331 331 331 331 331 331 331 330 330 330 330 330 330 329 329 329 329 329 329 329 329 329 328 328 328 328 328 327 327 327 327 327 327 327 327 327 326 327 326 327 326 326 326 327 NA NA NA NA NA NA NA NA NA NA NA NA NA NA NA NA NA NA NA NA NA NA NA NA NA NA NA NA NA NA NA NA NA NA NA NA NA NA NA NA NA NA NA NA NA NA NA NA NA NA NA NA NA NA NA NA NA NA NA NA NA NA NA NA NA NA NA NA NA NA NA NA NA NA NA NA NA NA
NA NA NA NA NA NA NA NA NA NA NA NA NA NA NA NA NA NA NA NA NA NA NA NA NA NA NA NA NA NA NA NA NA NA NA NA NA NA NA NA NA NA NA NA NA NA NA NA NA NA NA NA NA NA NA NA NA NA NA NA NA NA NA NA NA NA NA NA 326 326 326 325 326 326 326 326 327 327 327 327 327 327 327 327 327 328 329 329 329 329 329 329 330 330 330 330 330 331 331 331 331 331 331 331 331 331 331 331 331 331 331 331 331 331 331 331 331 332 332 332 332 332 332 332 332 332 332 332 332 332 331 331 331 330 331 331 331 332 332 331 332 332 332 332 332 332 332 332 333 333 333 333 333 333 333 333 333 333 333 333 333 333 333 332 333 333 333 333 333 333 333 333 333 333 333 333 333 333 333 334 334 335 335 335 334 334 334 334 334 334 334 334 334 334 334 334 334 334 334 334 334 334 335 335 335 335 335 335 335 335 335 335 335 335 335 335 335 335 335 335 335 335 335 335 335 336 336 336 335 335 334 334 334 334 334 334 334 334 334 334 334 334 335 336 336 336 335 336 336 336 336 336 336 337 336 336 336 336 336 336 336 336 336 336 335 335 335 335 336 336 336 336 335 335 335 335 335 335 335 336 335 335 335 335 335 335 335 335 335 335 335 336 335 335 335 334 334 334 334 334 334 334 334 334 334 334 334 334 334 334 334 334 334 334 334 334 334 334 334 334 334 334 334 334 334 334 334 334 334 334 334 334 333 334 334 333 333 334 334 334 334 334 334 334 334 334 334 333 333 333 333 333 332 333 333 332 333 332 332 333 332 332 332 332 332 332 332 332 331 332 332 332 332 332 331 331 331 331 331 331 331 331 331 331 331 331 331 331 330 330 330 330 329 329 330 329 329 329 329 329 329 329 329 328 328 328 328 328 328 327 327 327 327 327 327 327 327 327 327 326 327 327 327 327 327 NA NA NA NA NA NA NA NA NA NA NA NA NA NA NA NA NA NA NA NA NA NA NA NA NA NA NA NA NA NA NA NA NA NA NA NA NA NA NA NA NA NA NA NA NA NA NA NA NA NA NA NA NA NA NA NA NA NA NA NA NA NA NA NA NA NA NA NA NA NA NA NA NA NA NA NA NA NA
NA NA NA NA NA NA NA NA NA NA NA NA NA NA NA NA NA NA NA NA NA NA NA NA NA NA NA NA NA NA NA NA NA NA NA NA NA NA NA NA NA NA NA NA NA NA NA NA NA NA NA NA NA NA NA NA NA NA NA NA NA NA NA NA NA NA NA NA NA 327 326 326 326 326 325 326 326 327 327 327 327 327 327 327 327 328 328 328 328 329 329 330 331 331 330 330 330 330 330 330 331 331 331 331 331 331 331 331 331 331 331 331 331 331 331 331 332 332 332 332 332 332 332 332 332 332 332 332 332 332 332 332 332 331 331 331 331 331 331 332 332 332 332 332 332 332 332 332 333 333 333 333 333 333 333 333 333 333 333 333 333 333 333 333 333 333 333 333 333 333 333 333 333 333 333 333 333 334 333 333 334 334 334 335 335 334 335 334 334 334 334 334 334 334 334 334 334 334 334 334 334 334 335 335 335 335 335 335 335 335 335 335 335 335 335 335 335 335 335 335 335 335 335 335 335 335 335 336 336 335 335 334 334 334 334 334 334 334 334 335 335 334 336 336 336 336 336 336 336 336 336 336 336 337 336 336 336 336 336 336 336 336 336 336 336 335 335 335 335 336 336 336 336 336 336 336 336 336 335 335 335 335 335 335 335 335 335 335 335 335 335 336 336 335 334 334 334 334 334 334 334 334 334 334 335 335 335 335 334 334 334 334 334 334 334 334 334 334 334 334 334 334 334 334 334 334 334 334 334 334 334 333 334 334 334 333 333 333 333 334 334 334 334 334 334 334 334 334 333 333 333 333 333 332 332 332 332 332 332 333 333 332 332 332 332 331 332 332 331 331 331 332 331 331 331 331 331 331 331 331 331 331 331 331 331 331 331 331 330 330 330 330 330 330 329 329 329 329 329 329 329 329 328 328 328 328 328 328 328 328 328 327 327 327 327 327 327 327 326 327 326 327 327 327 327 NA NA NA NA NA NA NA NA NA NA NA NA NA NA NA NA NA NA NA NA NA NA NA NA NA NA NA NA NA NA NA NA NA NA NA NA NA NA NA NA NA NA NA NA NA NA NA NA NA NA NA NA NA NA NA NA NA NA NA NA NA NA NA NA NA NA NA NA NA NA NA NA NA NA NA NA NA NA
NA NA NA NA NA NA NA NA NA NA NA NA NA NA NA NA NA NA NA NA NA NA NA NA NA NA NA NA NA NA NA NA NA NA NA NA NA NA NA NA NA NA NA NA NA NA NA NA NA NA NA NA NA NA NA NA NA NA NA NA NA NA NA NA NA NA NA NA NA NA NA 327 NA 327 326 325 326 327 327 327 327 327 327 327 327 327 328 328 328 329 329 329 331 331 331 331 331 330 331 330 330 331 331 331 331 331 331 331 331 331 331 331 331 332 332 332 332 332 332 332 332 332 332 332 332 332 332 332 332 332 332 332 332 331 331 331 331 332 332 333 332 332 332 332 332 332 332 333 333 333 333 333 333 333 333 333 333 333 333 333 333 334 334 333 334 334 333 333 333 333 333 333 333 333 333 334 334 334 334 334 334 334 334 335 335 335 335 334 334 334 334 334 334 334 334 334 334 334 334 334 334 335 335 335 335 335 335 335 335 335 335 335 335 335 335 335 335 335 335 335 335 335 335 335 336 335 335 335 335 335 335 335 335 334 334 334 334 334 334 335 335 335 336 336 336 336 336 336 336 336 336 336 336 337 337 336 336 336 336 336 337 337 337 336 336 336 336 336 336 335 336 336 336 336 336 336 336 336 336 335 335 335 335 335 335 335 335 335 335 336 335 336 336 335 335 334 334 334 334 334 334 334 334 335 335 335 335 335 335 334 334 334 334 334 334 334 334 334 334 334 334 334 334 334 334 334 334 334 334 334 334 334 333 334 334 334 333 333 333 333 333 334 334 335 334 334 334 334 334 334 333 333 332 332 332 332 332 332 332 332 332 332 332 332 332 331 332 332 331 331 331 331 331 331 331 331 331 331 331 331 331 331 331 331 331 331 331 331 331 331 330 330 330 330 329 329 330 330 329 329 329 329 329 329 329 328 328 328 328 328 328 328 327 327 327 327 327 327 326 327 327 327 327 327 327 327 NA NA NA NA NA NA NA NA NA NA NA NA NA NA NA NA NA NA NA NA NA NA NA NA NA NA NA NA NA NA NA NA NA NA NA NA NA NA NA NA NA NA NA NA NA NA NA NA NA NA NA NA NA NA NA NA NA NA NA NA NA NA NA NA NA NA NA NA NA NA NA NA NA NA NA NA NA
NA NA NA NA NA NA NA NA NA NA NA NA NA NA NA NA NA NA NA NA NA NA NA NA NA NA NA NA NA NA NA NA NA NA NA NA NA NA NA NA NA NA NA NA NA NA NA NA NA NA NA NA NA NA NA NA NA NA NA NA NA NA NA NA NA NA NA NA NA NA NA NA NA NA 327 326 326 327 328 327 327 327 327 327 327 328 328 328 328 328 328 329 331 331 331 331 331 331 331 330 330 330 330 330 330 331 331 331 331 331 331 332 331 332 332 332 332 332 332 332 332 332 332 332 332 332 332 332 332 332 332 332 332 332 333 332 332 333 333 333 333 332 332 332 332 332 332 333 333 333 333 333 333 333 333 333 333 333 333 333 333 333 334 334 334 334 334 333 333 333 333 333 333 334 334 334 334 334 334 334 334 334 334 334 335 335 335 335 335 335 334 334 334 334 334 334 335 334 334 335 335 335 335 335 335 335 335 335 335 335 335 335 335 335 335 335 335 335 335 335 335 335 335 335 335 335 335 335 335 335 335 335 335 335 334 334 334 334 334 335 335 335 336 336 336 336 336 337 336 336 336 336 336 337 337 337 337 336 337 337 336 337 337 336 336 336 335 335 336 336 336 336 336 336 336 336 336 336 336 335 335 335 336 335 335 336 336 336 336 336 336 336 335 335 334 334 334 334 334 334 334 334 334 335 335 335 335 335 335 335 335 334 334 334 334 334 334 334 334 334 334 334 334 334 334 334 334 334 334 334 334 334 334 334 334 334 334 334 334 333 333 333 334 334 334 334 334 334 334 334 334 334 333 333 333 332 332 333 333 332 333 332 332 332 332 332 332 332 332 333 332 331 331 331 332 332 332 331 331 331 331 331 331 331 331 331 331 331 331 330 330 330 330 330 330 330 330 330 330 330 329 329 329 329 329 328 328 328 328 328 328 328 328 327 328 328 327 327 327 327 327 327 327 326 326 326 NA NA NA NA NA NA NA NA NA NA NA NA NA NA NA NA NA NA NA NA NA NA NA NA NA NA NA NA NA NA NA NA NA NA NA NA NA NA NA NA NA NA NA NA NA NA NA NA NA NA NA NA NA NA NA NA NA NA NA NA NA NA NA NA NA NA NA NA NA NA NA NA NA NA NA NA NA
NA NA NA NA NA NA NA NA NA NA NA NA NA NA NA NA NA NA NA NA NA NA NA NA NA NA NA NA NA NA NA NA NA NA NA NA NA NA NA NA NA NA NA NA NA NA NA NA NA NA NA NA NA NA NA NA NA NA NA NA NA NA NA NA NA NA NA NA NA NA NA NA NA NA 327 327 326 327 327 326 327 327 327 327 328 328 328 329 329 329 329 329 331 331 332 332 332 331 331 331 331 331 331 331 331 331 331 331 331 331 331 331 332 332 332 332 332 332 332 332 332 332 332 332 332 332 333 332 332 332 332 332 332 332 332 333 333 333 332 333 333 333 333 333 333 332 332 333 333 333 333 333 333 333 333 333 333 333 333 334 333 333 333 334 334 334 334 333 333 333 333 334 333 334 334 334 334 334 334 334 334 334 334 334 334 335 335 335 335 335 335 335 334 334 334 335 335 335 335 335 335 335 335 335 335 335 335 335 335 335 335 335 335 335 335 335 335 335 335 335 335 335 335 335 335 335 335 335 335 335 335 335 335 335 335 334 334 334 334 335 335 335 336 336 336 336 336 336 336 337 337 337 336 337 337 337 337 336 337 336 336 336 336 337 336 336 336 336 336 336 336 336 336 336 336 336 336 336 336 336 336 336 336 336 336 336 335 335 335 336 336 335 335 335 334 335 334 335 335 334 334 335 335 335 335 335 335 335 335 335 335 335 334 334 334 334 334 334 334 334 334 334 334 334 334 334 334 334 334 334 334 334 334 334 334 334 334 334 334 334 334 334 333 334 334 334 334 334 334 334 334 334 334 334 333 333 333 333 333 333 333 333 333 333 333 333 334 334 334 335 333 332 331 331 332 333 332 332 332 331 331 331 331 331 331 331 331 331 331 331 330 330 330 330 330 330 330 330 330 329 329 329 329 329 328 328 328 328 329 328 328 328 328 328 328 328 328 328 327 327 327 327 327 327 327 327 327 NA NA NA NA NA NA NA NA NA NA NA NA NA NA NA NA NA NA NA NA NA NA NA NA NA NA NA NA NA NA NA NA NA NA NA NA NA NA NA NA NA NA NA NA NA NA NA NA NA NA NA NA NA NA NA NA NA NA NA NA NA NA NA NA NA NA NA NA NA NA NA NA NA NA NA NA
NA NA NA NA NA NA NA NA NA NA NA NA NA NA NA NA NA NA NA NA NA NA NA NA NA NA NA NA NA NA NA NA NA NA NA NA NA NA NA NA NA NA NA NA NA NA NA NA NA NA NA NA NA NA NA NA NA NA NA NA NA NA NA NA NA NA NA NA NA NA NA NA NA NA NA NA NA 326 326 326 327 327 327 328 328 328 328 329 330 330 330 330 331 331 332 332 332 332 332 332 331 331 331 331 331 331 331 331 331 331 331 331 332 332 332 332 332 332 332 332 332 332 333 333 332 332 332 333 333 332 332 332 332 332 332 332 332 332 332 332 332 333 333 333 334 333 333 333 333 333 333 333 333 333 333 333 334 333 333 334 334 333 333 333 334 334 334 334 333 333 333 333 334 334 334 334 334 334 334 334 334 334 334 334 334 334 335 335 336 335 335 335 335 334 334 335 335 335 335 335 335 335 335 335 335 335 335 335 335 335 335 335 335 335 335 335 335 335 335 335 335 335 335 335 335 335 335 335 335 335 335 336 336 336 335 335 335 335 335 335 335 335 336 336 336 336 336 336 336 337 337 337 336 336 337 337 337 336 336 336 336 336 336 336 336 336 336 336 336 336 336 336 336 336 336 336 336 336 336 336 336 336 336 336 336 336 335 335 335 335 335 335 335 335 335 335 335 335 335 335 335 335 335 335 335 335 335 335 335 335 335 335 335 334 334 334 334 334 334 335 335 335 334 334 334 334 334 334 334 334 334 334 334 334 334 334 334 334 334 334 334 334 334 334 334 334 334 334 334 334 334 334 334 334 334 334 333 333 333 333 333 333 333 333 334 335 334 334 334 334 334 333 333 332 332 333 332 332 332 332 332 331 332 331 331 331 331 331 331 331 331 330 330 331 330 330 330 330 330 329 329 329 329 329 328 328 328 328 329 329 328 328 328 328 328 328 328 327 327 327 327 327 327 327 327 327 327 327 NA NA NA NA NA NA NA NA NA NA NA NA NA NA NA NA NA NA NA NA NA NA NA NA NA NA NA NA NA NA NA NA NA NA NA NA NA NA NA NA NA NA NA NA NA NA NA NA NA NA NA NA NA NA NA NA NA NA NA NA NA NA NA NA NA NA NA NA NA NA NA NA NA NA NA
NA NA NA NA NA NA NA NA NA NA NA NA NA NA NA NA NA NA NA NA NA NA NA NA NA NA NA NA NA NA NA NA NA NA NA NA NA NA NA NA NA NA NA NA NA NA NA NA NA NA NA NA NA NA NA NA NA NA NA NA NA NA NA NA NA NA NA NA NA NA NA NA NA NA NA NA NA NA 326 327 327 327 327 328 328 328 329 330 330 330 330 330 332 332 332 332 332 332 332 332 332 332 332 332 332 331 331 332 332 331 331 331 332 332 332 332 332 332 332 332 332 332 332 332 332 332 332 332 333 333 333 333 332 332 333 333 332 332 332 331 331 332 332 333 333 333 333 334 333 333 333 333 333 333 333 333 334 333 334 334 334 334 334 334 334 334 334 334 334 334 333 333 333 334 334 334 334 334 334 334 334 334 335 335 334 335 335 335 335 335 335 335 334 334 335 334 335 335 335 335 335 335 335 335 335 335 335 335 335 335 335 335 335 335 335 335 335 335 335 335 335 335 335 335 335 335 335 335 335 335 335 336 336 336 335 335 335 335 335 335 335 335 336 336 336 336 336 336 336 336 336 336 336 336 336 336 337 337 337 336 336 336 336 336 336 336 336 336 336 336 336 336 336 336 336 336 336 336 336 336 336 336 336 336 336 335 335 335 335 335 335 335 335 335 335 335 335 335 335 335 335 335 335 335 335 335 335 335 335 335 335 335 335 335 334 334 334 334 335 335 335 335 334 334 334 334 334 334 334 334 334 334 334 334 334 334 334 334 334 334 334 334 335 335 334 335 334 334 334 334 334 335 334 334 334 334 334 334 334 333 333 333 333 333 334 334 334 333 333 333 334 334 334 333 332 332 332 333 333 332 332 332 332 332 331 331 331 331 332 332 331 331 330 330 330 330 330 330 330 330 330 329 329 329 329 328 328 328 329 329 329 329 328 328 328 328 328 328 327 327 327 327 327 327 327 327 327 327 327 NA NA NA NA NA NA NA NA NA NA NA NA NA NA NA NA NA NA NA NA NA NA NA NA NA NA NA NA NA NA NA NA NA NA NA NA NA NA NA NA NA NA NA NA NA NA NA NA NA NA NA NA NA NA NA NA NA NA NA NA NA NA NA NA NA NA NA NA NA NA NA NA NA NA
NA NA NA NA NA NA NA NA NA NA NA NA NA NA NA NA NA NA NA NA NA NA NA NA NA NA NA NA NA NA NA NA NA NA NA NA NA NA NA NA NA NA NA NA NA NA NA NA NA NA NA NA NA NA NA NA NA NA NA NA NA NA NA NA NA NA NA NA NA NA NA NA NA NA NA NA NA NA 327 327 328 328 329 329 329 329 329 329 330 330 330 330 332 332 332 332 332 332 332 332 332 332 332 332 332 332 332 332 332 332 332 332 332 332 332 332 332 333 332 332 332 332 332 332 332 332 332 332 332 333 333 333 332 332 332 333 333 333 332 331 331 331 332 332 332 332 333 333 333 333 333 332 332 333 333 333 333 334 334 334 334 334 334 334 334 334 334 334 334 334 334 333 333 333 334 334 334 334 334 335 334 335 335 335 335 335 335 335 335 335 335 335 335 335 335 335 335 335 335 335 335 335 335 335 335 335 335 335 335 335 335 335 335 335 335 335 335 335 335 335 335 335 335 335 335 335 335 335 335 335 335 335 335 335 335 335 335 335 335 335 335 335 336 336 336 336 336 336 336 336 336 336 336 336 336 337 337 337 337 337 337 337 336 336 336 336 336 336 336 336 336 336 336 336 336 336 336 336 336 336 336 336 336 336 336 336 335 335 335 335 335 335 335 335 335 335 335 335 335 335 335 335 335 335 335 335 335 335 335 335 335 335 335 335 335 335 334 334 334 335 335 335 335 334 334 334 334 334 334 334 334 334 334 334 334 334 334 334 334 334 334 334 334 334 334 334 334 334 334 334 334 335 334 334 334 334 334 334 334 334 334 334 334 334 334 334 333 333 333 333 334 334 334 333 333 332 332 333 333 333 332 332 332 332 331 332 331 331 331 332 331 331 331 330 330 330 330 330 330 330 330 329 329 329 329 329 329 329 329 329 329 329 328 328 328 328 328 328 327 327 327 327 327 327 327 327 327 327 327 327 NA NA NA NA NA NA NA NA NA NA NA NA NA NA NA NA NA NA NA NA NA NA NA NA NA NA NA NA NA NA NA NA NA NA NA NA NA NA NA NA NA NA NA NA NA NA NA NA NA NA NA NA NA NA NA NA NA NA NA NA NA NA NA NA NA NA NA NA NA NA NA NA NA
NA NA NA NA NA NA NA NA NA NA NA NA NA NA NA NA NA NA NA NA NA NA NA NA NA NA NA NA NA NA NA NA NA NA NA NA NA NA NA NA NA NA NA NA NA NA NA NA NA NA NA NA NA NA NA NA NA NA NA NA NA NA NA NA NA NA NA NA NA NA NA NA NA NA NA NA NA NA NA 327 328 328 328 328 329 329 329 330 329 330 330 330 330 331 331 331 331 331 331 331 331 332 332 332 332 331 331 331 331 331 331 331 331 331 331 331 331 332 332 332 332 332 332 332 332 331 331 332 331 331 331 331 331 331 332 332 332 332 332 332 332 332 332 332 331 331 332 332 332 332 332 332 332 332 332 332 333 333 333 334 334 334 334 334 334 334 334 334 334 334 334 333 333 333 333 333 334 334 334 335 334 335 334 335 335 334 334 335 335 335 336 335 335 335 335 334 334 335 335 335 335 335 335 335 335 335 335 335 335 335 335 335 335 335 335 335 335 335 335 335 335 335 335 335 335 335 335 335 335 335 335 335 336 336 335 335 335 335 335 335 335 336 337 337 337 337 337 336 336 337 337 337 337 338 337 338 338 337 337 337 337 337 337 337 336 336 336 336 336 336 336 336 336 336 336 336 336 336 336 336 336 336 336 336 336 336 336 336 336 336 335 335 335 335 335 335 335 336 336 336 336 335 335 335 335 335 335 335 335 335 335 335 335 335 335 335 335 335 335 335 335 335 335 335 335 335 335 335 335 335 335 335 335 335 335 335 335 335 335 335 334 334 334 334 334 334 334 334 334 334 334 334 334 334 334 334 334 334 334 334 334 334 334 334 334 334 334 334 334 334 334 334 334 333 333 333 332 332 333 333 333 332 332 332 332 332 331 331 332 332 331 331 330 330 330 330 330 329 329 331 330 330 329 329 329 329 329 329 329 329 329 329 329 328 328 328 328 327 327 327 327 327 327 328 328 327 327 327 327 328 NA NA NA NA NA NA NA NA NA NA NA NA NA NA NA NA NA NA NA NA NA NA NA NA NA NA NA NA NA NA NA NA NA NA NA NA NA NA NA NA NA NA NA NA NA NA NA NA NA NA NA NA NA NA NA NA NA NA NA NA NA NA NA NA NA NA NA NA NA NA NA NA NA
NA NA NA NA NA NA NA NA NA NA NA NA NA NA NA NA NA NA NA NA NA NA NA NA NA NA NA NA NA NA NA NA NA NA NA NA NA NA NA NA NA NA NA NA NA NA NA NA NA NA NA NA NA NA NA NA NA NA NA NA NA NA NA NA NA NA NA NA NA NA NA NA NA NA NA NA NA NA NA NA 327 327 327 328 328 328 329 329 329 330 331 331 331 331 331 330 331 331 331 331 331 332 332 332 332 332 332 332 332 332 332 332 332 331 331 331 331 331 332 332 332 332 332 332 332 331 331 331 331 332 332 332 332 331 332 332 332 332 333 333 333 333 332 332 332 332 332 332 332 333 333 333 333 333 332 332 333 333 333 333 334 334 334 334 334 334 334 334 334 334 334 333 333 333 334 334 334 334 334 334 334 335 335 335 335 335 335 335 335 335 335 335 335 335 335 334 335 335 335 335 335 335 335 335 335 335 335 335 335 335 335 335 335 335 335 335 335 335 335 335 336 336 336 336 336 336 336 336 335 335 335 335 336 336 335 335 335 335 335 335 336 336 337 337 337 337 337 337 337 337 337 337 337 338 337 337 338 337 337 337 337 337 337 337 337 336 336 336 337 337 337 337 337 337 337 336 336 337 337 336 336 336 336 336 336 336 336 336 336 336 336 336 336 336 335 335 335 336 336 336 336 336 335 336 336 336 335 336 336 336 336 336 335 335 335 335 335 335 335 335 335 335 335 335 335 335 335 335 335 335 335 335 335 335 335 335 335 335 334 334 334 334 334 334 334 334 334 334 335 335 335 334 334 334 334 334 334 334 334 334 334 334 334 334 334 334 334 334 334 334 334 334 334 333 333 333 332 332 332 333 333 333 333 333 332 332 331 331 331 331 331 331 330 331 330 330 330 330 329 331 331 330 330 329 329 329 329 329 329 329 329 329 329 329 328 328 328 327 327 327 327 327 327 328 328 328 327 327 327 328 NA NA NA NA NA NA NA NA NA NA NA NA NA NA NA NA NA NA NA NA NA NA NA NA NA NA NA NA NA NA NA NA NA NA NA NA NA NA NA NA NA NA NA NA NA NA NA NA NA NA NA NA NA NA NA NA NA NA NA NA NA NA NA NA NA NA NA NA NA NA NA NA NA
NA NA NA NA NA NA NA NA NA NA NA NA NA NA NA NA NA NA NA NA NA NA NA NA NA NA NA NA NA NA NA NA NA NA NA NA NA NA NA NA NA NA NA NA NA NA NA NA NA NA NA NA NA NA NA NA NA NA NA NA NA NA NA NA NA NA NA NA NA NA NA NA NA NA NA NA NA NA NA NA NA 328 328 328 328 329 329 329 329 330 330 331 331 330 330 331 331 331 331 331 332 332 332 332 332 332 332 332 332 332 332 332 332 332 331 331 331 332 332 332 332 332 332 332 332 332 332 332 331 331 332 332 332 332 331 331 332 332 332 333 333 333 333 333 333 333 333 332 332 333 333 333 333 333 333 333 333 333 333 333 333 334 334 334 334 334 334 334 334 334 334 334 334 334 334 334 334 334 334 334 334 334 334 335 335 335 335 335 335 335 335 335 335 335 335 335 335 335 335 335 335 335 335 335 335 335 335 335 335 335 335 335 335 335 335 336 336 335 335 335 336 336 336 336 336 336 336 336 336 336 335 335 335 335 335 335 335 335 335 336 336 336 337 337 337 337 337 337 337 337 337 337 337 338 337 337 337 337 337 337 337 337 337 337 337 337 336 336 336 337 337 337 337 337 337 337 337 337 337 336 336 336 336 336 336 336 336 336 336 336 336 336 336 336 335 335 335 336 336 336 336 336 336 336 336 336 336 336 336 336 336 336 336 335 335 335 335 335 335 335 335 335 335 335 335 335 335 335 335 335 335 335 335 334 334 334 334 334 334 334 334 334 335 335 334 334 334 335 335 335 335 334 334 334 334 334 334 334 334 334 334 334 334 334 334 334 334 334 334 333 333 333 333 333 333 333 333 332 332 333 333 333 332 332 332 332 332 332 332 331 331 331 330 331 331 330 330 330 330 331 331 331 331 330 330 330 329 329 329 329 329 329 329 329 329 328 328 328 328 328 327 327 328 328 327 327 328 328 328 NA NA NA NA NA NA NA NA NA NA NA NA NA NA NA NA NA NA NA NA NA NA NA NA NA NA NA NA NA NA NA NA NA NA NA NA NA NA NA NA NA NA NA NA NA NA NA NA NA NA NA NA NA NA NA NA NA NA NA NA NA NA NA NA NA NA NA NA NA NA NA NA NA NA
NA NA NA NA NA NA NA NA NA NA NA NA NA NA NA NA NA NA NA NA NA NA NA NA NA NA NA NA NA NA NA NA NA NA NA NA NA NA NA NA NA NA NA NA NA NA NA NA NA NA NA NA NA NA NA NA NA NA NA NA NA NA NA NA NA NA NA NA NA NA NA NA NA NA NA NA NA NA NA NA NA NA NA 328 328 328 328 329 329 330 330 330 330 330 330 330 330 331 331 331 331 332 332 332 332 332 332 332 332 332 332 332 332 332 332 332 332 332 332 332 332 332 332 332 332 332 332 332 331 332 332 332 333 333 332 331 331 333 333 333 333 333 334 334 333 333 332 333 333 333 333 333 333 333 333 333 333 333 333 333 333 333 334 334 334 334 334 334 334 334 334 334 334 334 334 334 334 334 334 334 334 334 334 335 335 335 335 335 335 335 335 336 336 336 336 336 335 335 335 335 335 335 335 335 335 336 335 335 335 335 335 335 335 335 336 336 335 335 335 335 336 336 336 336 336 336 336 336 336 336 336 336 335 335 335 335 336 336 336 336 336 336 337 337 337 337 337 337 337 337 337 337 337 338 337 337 337 336 337 337 338 337 337 337 337 337 337 337 337 337 337 337 337 336 336 336 337 337 336 336 336 336 336 336 336 336 336 336 336 336 336 336 336 336 336 336 336 336 336 336 336 336 336 336 336 336 336 336 336 336 336 336 336 335 335 335 335 335 335 335 335 336 335 335 335 335 335 335 335 335 335 335 335 335 335 335 334 334 334 334 334 334 334 335 335 335 335 335 335 335 335 334 334 334 334 334 334 334 334 334 334 334 334 334 334 334 334 334 334 333 333 333 333 333 334 333 333 333 332 333 333 333 333 333 333 332 332 332 332 332 332 331 331 331 331 330 330 330 330 331 331 331 331 331 330 330 329 329 330 329 329 329 328 329 329 328 328 328 328 328 328 328 328 328 327 327 327 327 328 328 NA NA NA NA NA NA NA NA NA NA NA NA NA NA NA NA NA NA NA NA NA NA NA NA NA NA NA NA NA NA NA NA NA NA NA NA NA NA NA NA NA NA NA NA NA NA NA NA NA NA NA NA NA NA NA NA NA NA NA NA NA NA NA NA NA NA NA NA NA NA NA NA NA
NA NA NA NA NA NA NA NA NA NA NA NA NA NA NA NA NA NA NA NA NA NA NA NA NA NA NA NA NA NA NA NA NA NA NA NA NA NA NA NA NA NA NA NA NA NA NA NA NA NA NA NA NA NA NA NA NA NA NA NA NA NA NA NA NA NA NA NA NA NA NA NA NA NA NA NA NA NA NA NA NA NA NA NA 329 329 329 329 329 330 329 329 329 330 330 331 331 331 331 331 332 332 332 332 332 332 332 332 332 332 332 332 332 332 333 332 332 332 332 332 332 332 332 332 332 332 332 332 332 332 332 332 332 332 332 332 332 333 333 333 333 333 333 333 333 333 333 333 333 333 333 333 333 333 333 333 333 333 333 333 333 333 334 334 334 334 334 334 334 334 334 334 334 334 334 334 334 334 334 334 334 334 335 335 335 335 335 335 335 335 335 335 336 336 335 335 335 335 335 335 335 336 336 336 335 335 335 335 335 335 335 336 336 336 335 335 335 335 335 336 336 336 336 336 336 336 336 336 336 336 336 336 336 336 336 336 336 336 336 336 336 336 337 337 337 337 337 337 337 337 337 338 338 338 337 336 336 337 338 337 337 337 337 337 337 337 337 337 336 337 337 337 337 337 336 336 337 337 336 336 337 337 337 337 337 337 337 337 337 336 336 336 336 336 336 336 336 336 336 336 336 336 336 336 336 336 336 336 336 336 336 336 336 335 335 335 335 335 335 335 336 336 336 336 336 336 336 335 335 335 335 335 335 335 335 335 335 335 335 335 335 335 335 335 336 336 335 335 335 334 335 335 334 334 334 334 334 334 334 334 334 334 334 334 334 334 333 334 333 334 333 333 333 334 334 333 334 334 333 333 333 333 333 333 333 332 332 332 332 333 332 332 331 331 331 330 330 330 330 330 331 331 331 331 330 330 330 329 329 329 329 329 329 329 328 328 328 328 328 328 328 328 328 328 328 328 328 328 328 328 NA NA NA NA NA NA NA NA NA NA NA NA NA NA NA NA NA NA NA NA NA NA NA NA NA NA NA NA NA NA NA NA NA NA NA NA NA NA NA NA NA NA NA NA NA NA NA NA NA NA NA NA NA NA NA NA NA NA NA NA NA NA NA NA NA NA NA NA NA NA NA NA NA
NA NA NA NA NA NA NA NA NA NA NA NA NA NA NA NA NA NA NA NA NA NA NA NA NA NA NA NA NA NA NA NA NA NA NA NA NA NA NA NA NA NA NA NA NA NA NA NA NA NA NA NA NA NA NA NA NA NA NA NA NA NA NA NA NA NA NA NA NA NA NA NA NA NA NA NA NA NA NA NA NA NA NA NA 329 329 329 329 329 329 329 329 330 330 331 331 332 332 332 332 332 332 332 332 332 332 332 332 332 332 332 332 332 332 333 333 333 333 333 333 332 332 332 332 332 332 332 332 332 332 332 332 331 331 332 332 333 333 333 333 333 333 334 334 333 333 333 333 333 333 334 333 333 333 333 333 333 333 333 333 333 334 334 334 334 334 334 334 334 334 334 334 334 334 334 335 335 334 335 335 335 334 334 335 335 335 335 335 335 335 335 335 335 335 336 336 335 335 336 335 335 335 335 335 335 335 335 335 335 335 335 335 335 335 335 335 335 335 335 336 336 336 336 336 336 336 336 336 336 336 336 336 336 336 336 336 336 336 336 336 336 336 337 337 337 337 337 337 337 337 337 337 337 338 337 337 336 337 337 337 337 337 337 337 337 337 337 337 337 337 337 337 337 337 337 337 337 337 336 337 337 337 337 337 337 337 337 337 336 336 336 336 336 336 336 336 336 336 336 336 336 336 336 336 336 336 336 336 336 336 336 336 336 335 335 335 335 335 335 336 336 336 336 336 336 336 336 336 336 336 336 336 335 335 335 335 335 335 335 336 336 336 335 335 335 335 335 335 335 335 334 335 334 334 334 334 334 334 334 334 334 334 334 334 334 334 333 333 334 334 334 334 334 334 334 334 333 333 333 333 333 333 333 333 333 333 333 332 332 332 332 332 331 331 331 331 331 330 330 331 332 331 331 331 331 330 330 329 329 329 329 329 329 329 329 328 328 328 328 328 328 328 328 328 328 328 328 328 327 328 329 NA NA NA NA NA NA NA NA NA NA NA NA NA NA NA NA NA NA NA NA NA NA NA NA NA NA NA NA NA NA NA NA NA NA NA NA NA NA NA NA NA NA NA NA NA NA NA NA NA NA NA NA NA NA NA NA NA NA NA NA NA NA NA NA NA NA NA NA NA NA NA NA
NA NA NA NA NA NA NA NA NA NA NA NA NA NA NA NA NA NA NA NA NA NA NA NA NA NA NA NA NA NA NA NA NA NA NA NA NA NA NA NA NA NA NA NA NA NA NA NA NA NA NA NA NA NA NA NA NA NA NA NA NA NA NA NA NA NA NA NA NA NA NA NA NA NA NA NA NA NA NA NA NA NA NA NA 329 329 329 329 329 329 330 330 330 330 330 331 331 332 332 332 332 332 332 332 332 333 333 333 332 332 332 332 332 332 332 332 333 333 333 333 333 332 332 332 332 332 332 332 332 333 333 332 332 332 331 332 333 333 333 333 333 333 333 334 334 333 333 333 333 333 334 333 333 333 333 333 333 333 334 334 334 334 334 334 334 334 334 334 334 334 334 335 335 334 334 334 335 335 335 335 335 335 334 334 335 335 335 335 335 335 336 336 335 335 335 336 336 336 336 336 336 335 336 336 336 336 336 335 335 335 335 335 335 335 335 335 335 335 335 335 336 336 336 336 336 336 336 336 336 336 336 336 336 336 336 336 336 336 336 336 336 336 337 337 337 337 337 337 337 337 337 337 337 338 338 337 336 337 337 337 337 337 337 337 337 338 337 337 337 337 337 337 337 337 337 337 337 337 337 337 337 337 337 337 337 337 337 336 336 336 336 336 336 336 336 336 336 336 336 336 336 336 336 336 336 336 336 336 336 336 336 336 336 336 336 335 336 336 336 336 336 336 336 336 336 336 336 336 336 336 336 336 336 336 336 336 336 336 336 336 336 335 335 335 335 336 335 335 335 335 334 335 334 334 334 334 334 334 334 334 334 334 334 334 334 334 334 333 334 334 334 334 334 334 334 334 334 333 333 333 333 333 333 333 333 333 333 333 333 333 332 332 332 331 331 331 331 331 331 331 332 332 331 330 330 330 329 329 329 329 329 329 329 329 329 329 329 329 328 328 328 328 328 328 328 328 329 329 328 328 329 NA NA NA NA NA NA NA NA NA NA NA NA NA NA NA NA NA NA NA NA NA NA NA NA NA NA NA NA NA NA NA NA NA NA NA NA NA NA NA NA NA NA NA NA NA NA NA NA NA NA NA NA NA NA NA NA NA NA NA NA NA NA NA NA NA NA NA NA NA NA NA NA
NA NA NA NA NA NA NA NA NA NA NA NA NA NA NA NA NA NA NA NA NA NA NA NA NA NA NA NA NA NA NA NA NA NA NA NA NA NA NA NA NA NA NA NA NA NA NA NA NA NA NA NA NA NA NA NA NA NA NA NA NA NA NA NA NA NA NA NA NA NA NA NA NA NA NA NA NA NA NA NA NA NA NA NA 330 330 330 330 330 329 330 330 330 331 331 331 331 332 332 332 332 332 332 332 333 333 332 333 333 333 332 332 332 332 332 332 332 333 333 333 333 333 333 333 332 332 333 333 333 333 333 332 332 332 332 333 333 333 333 333 333 333 333 333 333 333 334 333 333 333 334 333 333 333 333 333 333 333 333 333 334 334 334 334 334 334 334 334 334 334 334 334 335 335 335 335 335 335 335 335 335 335 335 335 335 335 335 335 335 335 336 336 336 335 335 335 335 335 335 335 335 335 335 336 336 336 336 336 335 335 335 335 335 335 335 335 335 335 335 335 336 336 336 336 336 336 336 336 336 336 336 336 336 336 336 336 336 336 336 336 336 336 337 337 337 337 337 337 337 337 337 337 337 337 338 337 336 337 337 337 337 337 337 337 337 338 337 337 337 337 337 337 337 337 337 337 337 337 337 337 337 337 337 337 337 337 337 337 337 337 337 336 336 336 336 336 336 336 336 336 336 336 336 336 336 336 336 336 336 336 336 336 336 336 336 336 336 336 336 335 336 335 336 336 336 336 336 336 336 336 336 336 336 336 336 336 336 336 336 336 336 335 335 335 335 336 336 335 335 335 335 335 334 334 334 334 334 334 334 334 334 334 334 334 334 334 334 334 334 334 334 333 334 334 334 334 334 333 333 333 333 333 333 333 333 333 333 333 333 333 333 332 332 332 331 331 331 331 331 331 331 331 331 330 330 329 329 329 329 329 329 329 329 329 329 329 329 329 329 329 328 328 328 328 328 328 328 329 329 328 328 328 NA NA NA NA NA NA NA NA NA NA NA NA NA NA NA NA NA NA NA NA NA NA NA NA NA NA NA NA NA NA NA NA NA NA NA NA NA NA NA NA NA NA NA NA NA NA NA NA NA NA NA NA NA NA NA NA NA NA NA NA NA NA NA NA NA NA NA NA NA NA NA
NA NA NA NA NA NA NA NA NA NA NA NA NA NA NA NA NA NA NA NA NA NA NA NA NA NA NA NA NA NA NA NA NA NA NA NA NA NA NA NA NA NA NA NA NA NA NA NA NA NA NA NA NA NA NA NA NA NA NA NA NA NA NA NA NA NA NA NA NA NA NA NA NA NA NA NA NA NA NA NA NA NA NA NA NA 330 330 330 330 330 329 330 330 331 331 331 331 331 332 332 332 332 332 332 332 332 332 333 333 333 333 333 332 332 332 332 332 332 332 332 332 333 333 333 333 333 333 333 333 333 333 332 332 332 332 333 333 333 333 333 333 333 334 333 333 334 334 334 334 334 334 334 334 334 334 333 333 333 333 334 334 334 334 334 334 334 334 334 334 334 334 334 334 334 335 335 335 335 335 335 335 336 335 335 335 335 335 335 335 335 336 336 336 336 335 335 335 335 335 335 335 335 335 335 335 335 336 336 336 335 335 335 335 335 335 335 335 335 335 335 336 336 336 336 336 336 336 336 336 336 336 336 336 336 336 336 336 336 336 336 336 336 337 337 337 337 337 337 337 337 337 337 337 337 337 338 337 337 337 337 337 337 337 337 338 337 337 337 337 337 337 337 337 337 337 337 337 337 337 337 337 337 337 337 337 337 337 337 337 337 337 337 337 337 337 337 336 336 336 336 336 336 336 336 336 336 336 336 336 336 336 336 336 336 336 336 336 336 335 335 335 336 336 336 336 336 336 336 336 336 336 336 336 336 336 336 336 336 336 336 336 335 335 335 335 336 336 336 336 335 335 335 334 334 334 335 334 334 334 334 334 334 334 334 334 334 334 334 334 334 334 333 333 333 334 334 334 334 333 333 333 333 333 333 333 333 333 333 333 333 332 332 331 331 331 331 331 331 331 331 331 331 331 331 330 330 330 330 330 330 330 330 329 329 329 329 329 329 329 329 329 328 328 328 328 328 328 328 328 328 328 328 328 NA NA NA NA NA NA NA NA NA NA NA NA NA NA NA NA NA NA NA NA NA NA NA NA NA NA NA NA NA NA NA NA NA NA NA NA NA NA NA NA NA NA NA NA NA NA NA NA NA NA NA NA NA NA NA NA NA NA NA NA NA NA NA NA NA NA NA NA NA NA
NA NA NA NA NA NA NA NA NA NA NA NA NA NA NA NA NA NA NA NA NA NA NA NA NA NA NA NA NA NA NA NA NA NA NA NA NA NA NA NA NA NA NA NA NA NA NA NA NA NA NA NA NA NA NA NA NA NA NA NA NA NA NA NA NA NA NA NA NA NA NA NA NA NA NA NA NA NA NA NA NA NA NA NA NA 330 330 330 330 330 330 330 330 331 331 332 332 332 332 332 332 332 332 332 332 332 332 332 332 333 333 333 333 332 332 332 333 332 332 332 332 332 332 333 333 333 333 333 333 333 333 333 332 332 332 333 333 333 333 334 333 333 333 333 334 334 334 333 334 334 334 334 334 333 332 333 333 333 333 334 334 334 334 334 335 334 335 334 334 334 335 334 335 334 334 335 335 335 335 335 335 336 336 336 336 336 335 335 335 336 336 336 336 336 335 335 336 336 336 335 335 335 335 335 335 335 335 336 336 336 335 335 335 336 335 336 335 335 335 335 336 336 336 336 336 336 336 336 336 336 336 336 336 336 336 336 336 336 336 336 336 336 337 337 337 337 337 337 337 337 337 337 337 337 337 337 337 337 337 337 337 337 337 337 337 337 337 337 337 337 337 337 337 337 337 337 337 337 337 337 337 337 337 337 337 337 337 337 337 337 337 337 337 337 337 337 337 336 336 336 336 336 336 336 336 336 336 336 336 336 336 336 336 336 336 336 336 336 335 335 335 336 336 336 336 336 336 336 336 336 336 336 336 336 336 336 336 336 336 336 336 335 336 336 335 335 336 335 335 335 335 335 335 334 334 334 335 334 334 334 334 334 334 334 334 334 334 334 334 334 334 334 334 334 334 334 334 334 334 333 333 333 333 333 333 333 333 333 333 333 332 332 331 331 331 331 331 331 331 331 331 331 331 331 330 330 330 330 330 330 330 330 329 329 329 329 329 329 329 329 329 329 329 329 329 329 328 328 328 328 328 328 328 328 328 NA NA NA NA NA NA NA NA NA NA NA NA NA NA NA NA NA NA NA NA NA NA NA NA NA NA NA NA NA NA NA NA NA NA NA NA NA NA NA NA NA NA NA NA NA NA NA NA NA NA NA NA NA NA NA NA NA NA NA NA NA NA NA NA NA NA NA NA
NA NA NA NA NA NA NA NA NA NA NA NA NA NA NA NA NA NA NA NA NA NA NA NA NA NA NA NA NA NA NA NA NA NA NA NA NA NA NA NA NA NA NA NA NA NA NA NA NA NA NA NA NA NA NA NA NA NA NA NA NA NA NA NA NA NA NA NA NA NA NA NA NA NA NA NA NA NA NA NA NA NA NA NA NA NA 330 330 331 330 330 330 330 331 331 331 332 332 332 332 333 332 332 332 332 332 332 333 333 333 333 334 334 333 332 333 333 332 333 333 332 332 332 332 333 333 333 333 333 333 332 332 332 332 333 333 333 333 334 334 333 333 334 334 334 334 334 333 333 333 333 333 333 332 332 333 333 333 334 334 333 334 334 334 335 335 335 335 335 335 335 335 334 334 334 335 335 335 335 335 336 336 336 336 336 336 335 335 336 336 336 336 335 335 335 336 336 337 336 335 335 335 335 335 335 335 335 335 336 335 335 335 335 335 336 336 336 336 335 335 336 336 336 336 335 336 336 337 336 336 336 336 336 336 336 336 336 336 336 336 336 336 337 337 337 337 337 337 337 337 337 337 337 337 337 337 337 337 337 338 337 337 337 337 337 337 337 337 337 337 337 337 337 337 337 337 337 337 337 337 337 337 337 337 337 337 337 337 337 337 337 337 337 337 337 337 337 337 337 337 337 336 336 336 336 336 336 336 336 336 336 335 336 336 336 336 336 336 335 335 335 336 336 336 336 336 336 336 336 336 336 336 336 336 336 336 336 336 336 336 336 336 336 336 335 335 336 335 335 336 336 335 335 334 334 334 334 334 334 334 334 334 334 334 334 334 334 334 334 334 334 334 334 334 334 334 334 334 334 334 333 333 333 333 333 333 333 334 334 333 333 332 331 331 331 331 331 331 331 331 331 331 331 331 331 330 330 330 330 330 330 329 329 329 329 329 329 329 329 329 329 328 328 328 329 328 328 328 328 328 328 328 328 328 328 328 NA NA NA NA NA NA NA NA NA NA NA NA NA NA NA NA NA NA NA NA NA NA NA NA NA NA NA NA NA NA NA NA NA NA NA NA NA NA NA NA NA NA NA NA NA NA NA NA NA NA NA NA NA NA NA NA NA NA NA NA NA NA NA NA NA NA NA
NA NA NA NA NA NA NA NA NA NA NA NA NA NA NA NA NA NA NA NA NA NA NA NA NA NA NA NA NA NA NA NA NA NA NA NA NA NA NA NA NA NA NA NA NA NA NA NA NA NA NA NA NA NA NA NA NA NA NA NA NA NA NA NA NA NA NA NA NA NA NA NA NA NA NA NA NA NA NA NA NA NA NA NA NA 330 330 330 330 331 331 330 330 330 330 331 331 332 333 333 333 333 333 333 332 333 332 333 333 333 333 333 334 334 333 333 333 332 333 333 332 332 332 332 332 333 333 333 333 333 332 332 333 333 333 334 333 333 334 334 334 333 334 334 334 334 333 334 334 333 333 333 334 334 334 333 332 333 334 334 334 334 334 334 335 334 335 335 335 335 335 336 335 335 335 335 335 335 335 335 336 336 336 336 336 336 336 336 336 336 335 335 336 336 335 335 336 336 336 336 336 335 335 335 335 335 335 335 335 335 335 335 335 335 335 336 336 337 336 336 336 336 337 336 336 335 336 336 336 336 336 336 336 336 336 336 336 336 336 336 336 336 337 337 337 337 337 338 338 338 338 337 337 337 337 337 338 338 337 337 337 337 337 337 337 337 337 337 337 337 337 337 337 337 337 337 337 337 337 337 337 337 337 337 337 337 337 337 337 337 337 337 337 337 337 337 337 337 337 337 337 337 337 337 336 336 336 336 336 336 336 336 336 336 336 336 336 335 336 335 335 336 336 337 336 336 336 336 336 336 336 336 336 336 336 336 336 336 336 336 336 336 336 336 336 335 336 335 335 335 335 335 335 334 334 334 334 334 334 334 334 334 334 334 334 334 334 334 334 334 334 334 334 334 334 334 334 334 334 334 333 333 333 333 333 333 333 333 334 333 333 332 332 332 332 331 332 332 331 331 331 331 331 331 331 331 331 331 330 330 330 330 330 329 329 329 329 329 329 329 329 329 329 329 329 328 328 328 328 328 328 328 328 328 328 328 328 328 328 328 NA NA NA NA NA NA NA NA NA NA NA NA NA NA NA NA NA NA NA NA NA NA NA NA NA NA NA NA NA NA NA NA NA NA NA NA NA NA NA NA NA NA NA NA NA NA NA NA NA NA NA NA NA NA NA NA NA NA NA NA NA NA NA
NA NA NA NA NA NA NA NA NA NA NA NA NA NA NA NA NA NA NA NA NA NA NA NA NA NA NA NA NA NA NA NA NA NA NA NA NA NA NA NA NA NA NA NA NA NA NA NA NA NA NA NA NA NA NA NA NA NA NA NA NA NA NA NA NA NA NA NA NA NA NA NA NA NA NA NA NA NA NA NA NA NA NA NA 329 329 329 330 330 331 331 331 330 330 331 331 331 331 332 332 332 332 333 333 333 333 332 333 333 333 333 333 333 334 334 334 333 333 333 333 333 333 333 332 332 332 332 333 333 333 333 332 333 333 334 334 334 334 334 334 334 333 334 334 334 334 334 335 335 334 333 333 334 334 335 333 333 333 333 334 334 334 334 334 335 335 334 335 335 335 335 336 336 335 335 335 336 336 336 336 336 336 336 336 336 336 336 337 337 336 336 336 337 336 335 336 336 336 337 337 337 336 336 335 335 336 335 335 334 335 335 335 335 336 336 336 336 337 336 336 336 336 337 337 336 336 336 336 337 337 337 337 336 336 336 336 336 336 336 336 336 336 338 338 338 338 338 338 338 338 338 338 337 337 337 337 337 337 337 337 338 337 337 338 337 337 337 337 337 337 337 337 338 337 337 337 337 337 337 337 337 337 337 337 337 337 337 337 337 337 337 337 337 337 337 337 337 337 337 337 337 337 337 337 337 336 336 336 336 336 336 336 336 336 336 336 336 336 336 336 335 336 336 337 337 336 336 336 336 336 336 336 336 336 336 336 336 336 336 336 336 336 336 336 336 336 335 335 336 336 336 335 336 335 335 335 334 334 334 334 334 334 334 334 334 334 333 333 333 334 333 333 333 333 333 333 333 334 334 334 334 333 334 333 333 333 333 333 333 333 333 333 332 332 332 332 332 332 332 331 331 331 332 331 331 330 331 331 331 330 330 330 330 329 329 329 329 329 329 329 329 329 329 329 329 329 329 328 328 328 327 327 328 328 328 328 328 328 328 328 NA NA NA NA NA NA NA NA NA NA NA NA NA NA NA NA NA NA NA NA NA NA NA NA NA NA NA NA NA NA NA NA NA NA NA NA NA NA NA NA NA NA NA NA NA NA NA NA NA NA NA NA NA NA NA NA NA NA NA NA NA NA NA
NA NA NA NA NA NA NA NA NA NA NA NA NA NA NA NA NA NA NA NA NA NA NA NA NA NA NA NA NA NA NA NA NA NA NA NA NA NA NA NA NA NA NA NA NA NA NA NA NA NA NA NA NA NA NA NA NA NA NA NA NA NA NA NA NA NA NA NA NA NA NA NA NA NA NA NA NA NA NA NA NA 328 NA NA 329 329 329 330 330 331 331 331 331 331 331 332 332 332 332 332 332 331 331 332 332 332 333 333 333 333 333 333 334 334 334 334 334 334 334 334 334 334 334 333 333 333 333 333 333 333 333 333 333 333 333 334 333 334 334 334 334 334 335 334 334 334 333 334 334 333 333 333 334 334 334 333 333 333 333 333 333 334 334 334 334 334 335 335 335 335 335 335 336 336 336 335 336 336 336 336 336 336 336 336 336 336 336 337 337 337 336 337 336 336 336 337 337 337 337 337 338 337 336 336 335 335 335 335 334 336 336 335 335 336 336 336 336 337 337 337 337 337 337 337 337 336 336 336 336 337 337 337 337 336 336 336 336 336 336 336 336 336 338 338 338 338 338 338 338 338 338 338 338 337 337 337 337 337 337 337 338 337 338 337 337 337 337 337 337 337 337 337 337 337 337 337 337 337 337 337 337 337 337 337 337 337 337 337 337 337 337 337 337 337 337 337 337 337 337 337 337 337 337 337 337 337 336 336 336 337 337 337 336 336 336 336 336 336 336 336 336 336 336 337 337 337 336 336 336 336 336 336 336 336 336 336 336 336 336 336 336 336 336 336 336 336 336 335 335 336 336 336 336 336 336 335 335 334 335 334 334 334 334 334 334 334 334 334 333 333 333 333 334 333 333 333 333 333 333 333 333 333 333 333 333 333 333 333 333 333 333 333 333 332 332 332 332 332 332 332 331 331 331 331 331 331 331 331 331 331 330 330 330 329 329 329 329 329 329 329 330 330 329 329 329 329 329 329 329 329 328 328 328 327 327 327 327 328 328 328 328 NA NA NA NA NA NA NA NA NA NA NA NA NA NA NA NA NA NA NA NA NA NA NA NA NA NA NA NA NA NA NA NA NA NA NA NA NA NA NA NA NA NA NA NA NA NA NA NA NA NA NA NA NA NA NA NA NA NA NA NA NA NA
NA NA NA NA NA NA NA NA NA NA NA NA NA NA NA NA NA NA NA NA NA NA NA NA NA NA NA NA NA NA NA NA NA NA NA NA NA NA NA NA NA NA NA NA NA NA NA NA NA NA NA NA NA NA NA NA NA NA NA NA NA NA NA NA NA NA NA NA NA NA NA NA NA NA NA NA NA NA NA NA NA 328 328 328 328 329 329 330 329 330 330 330 331 331 331 331 331 331 332 332 332 332 332 331 331 332 332 333 333 333 333 333 333 333 334 333 333 333 333 333 333 334 334 334 334 334 334 334 334 334 334 334 333 333 334 334 334 333 334 334 334 334 335 335 335 335 334 333 334 334 334 333 334 333 333 333 333 334 334 334 333 333 334 334 334 334 334 335 335 335 335 335 335 335 336 336 336 335 336 336 336 337 337 336 337 337 336 336 337 337 337 336 336 336 336 337 337 338 337 337 337 337 336 336 335 335 335 334 335 336 336 336 337 337 337 337 336 336 336 337 337 337 336 336 336 336 336 337 337 337 337 337 337 337 336 336 336 336 336 336 336 336 338 338 338 338 338 338 338 338 338 338 338 337 337 337 337 337 337 337 337 337 337 337 337 337 337 337 337 337 337 337 337 337 337 337 337 337 337 337 337 337 337 337 337 337 337 337 337 338 337 337 337 337 337 337 337 337 337 337 337 337 337 337 337 337 336 336 337 337 337 337 337 337 337 337 337 337 336 336 336 336 336 336 337 336 336 336 336 337 337 337 336 336 336 337 336 336 336 336 336 336 336 336 336 336 336 335 335 335 335 336 336 336 336 336 335 335 335 335 335 335 334 334 334 335 334 335 334 334 334 334 333 333 333 333 333 333 333 333 333 333 333 333 333 333 333 333 333 333 333 333 333 332 332 332 332 332 332 332 331 332 331 331 331 331 331 331 331 331 330 330 330 329 329 329 329 329 329 329 329 329 329 329 329 329 329 329 329 330 330 329 329 328 328 328 327 327 328 328 NA NA NA NA NA NA NA NA NA NA NA NA NA NA NA NA NA NA NA NA NA NA NA NA NA NA NA NA NA NA NA NA NA NA NA NA NA NA NA NA NA NA NA NA NA NA NA NA NA NA NA NA NA NA NA NA NA NA NA NA NA NA NA
NA NA NA NA NA NA NA NA NA NA NA NA NA NA NA NA NA NA NA NA NA NA NA NA NA NA NA NA NA NA NA NA NA NA NA NA NA NA NA NA NA NA NA NA NA NA NA NA NA NA NA NA NA NA NA NA NA NA NA NA NA NA NA NA NA NA NA NA NA NA NA NA NA NA NA NA NA NA NA NA NA 328 329 329 329 329 328 329 329 328 329 330 330 330 330 330 331 331 332 332 332 332 332 332 332 332 332 332 333 333 333 333 334 334 334 334 334 333 333 333 333 333 333 333 333 333 334 334 333 334 334 334 333 334 334 334 334 333 333 333 333 334 334 335 335 334 334 334 335 335 335 334 333 333 333 333 334 334 334 334 334 334 334 334 334 334 335 335 335 335 334 335 335 335 336 336 335 336 336 336 336 336 336 337 337 337 337 337 337 338 337 337 336 336 336 336 337 338 338 337 337 336 336 336 336 336 335 335 335 335 335 336 336 337 337 338 337 337 337 336 336 337 337 336 337 336 336 337 337 337 337 338 337 337 336 336 336 336 336 336 336 336 338 338 338 338 338 338 338 338 338 337 337 337 337 338 338 338 338 337 337 337 337 337 337 337 337 337 337 337 338 338 338 337 338 338 338 338 338 338 337 337 337 337 337 337 337 337 337 337 337 337 338 337 337 337 337 337 337 337 337 337 337 337 337 337 336 337 337 337 337 337 337 337 337 337 337 337 337 336 336 336 336 336 336 336 336 336 336 337 337 337 336 336 337 336 336 336 336 336 336 336 336 336 336 336 336 336 336 336 335 335 336 336 336 335 335 335 335 335 336 335 335 334 334 334 334 335 335 335 334 334 334 334 334 333 333 333 334 334 334 334 334 334 333 333 333 333 333 333 333 333 333 332 332 332 332 332 332 332 332 332 332 331 331 331 331 331 331 331 331 330 330 329 330 330 330 330 329 329 329 329 330 330 330 329 329 329 329 329 330 330 329 329 329 328 328 327 328 327 NA NA NA NA NA NA NA NA NA NA NA NA NA NA NA NA NA NA NA NA NA NA NA NA NA NA NA NA NA NA NA NA NA NA NA NA NA NA NA NA NA NA NA NA NA NA NA NA NA NA NA NA NA NA NA NA NA NA NA NA NA NA NA
NA NA NA NA NA NA NA NA NA NA NA NA NA NA NA NA NA NA NA NA NA NA NA NA NA NA NA NA NA NA NA NA NA NA NA NA NA NA NA NA NA NA NA NA NA NA NA NA NA NA NA NA NA NA NA NA NA NA NA NA NA NA NA NA NA NA NA NA NA NA NA NA NA NA NA NA NA NA NA NA NA NA 328 329 329 329 330 330 330 330 329 329 329 329 329 330 331 331 331 332 332 332 332 331 332 332 332 332 333 333 333 334 334 334 334 334 334 333 333 333 334 334 334 333 333 333 333 333 333 333 333 333 333 333 334 334 334 334 334 334 334 334 334 335 335 334 334 334 334 335 334 333 333 333 334 334 334 334 334 334 334 334 334 334 334 334 335 335 335 335 334 335 335 336 336 336 336 336 336 336 336 336 336 336 336 336 337 337 338 337 337 337 336 336 336 336 336 337 338 338 337 336 336 336 336 336 335 335 335 335 336 336 336 336 337 338 337 337 336 336 336 336 336 336 336 336 336 337 337 337 337 337 337 338 337 337 337 336 336 336 336 336 338 338 338 338 338 338 338 338 338 337 338 338 338 338 338 338 338 338 337 337 337 337 337 337 337 338 338 338 338 338 338 338 338 338 338 338 338 338 338 338 338 338 337 337 337 337 337 337 337 337 338 337 337 337 337 337 337 337 337 337 337 337 337 337 337 337 337 337 337 337 337 337 337 337 337 336 336 336 336 336 336 336 336 336 336 336 337 337 337 337 337 337 336 336 336 337 337 336 336 336 336 336 336 336 336 336 336 336 336 335 336 336 336 335 336 335 335 335 336 336 335 335 335 335 334 335 335 335 335 335 335 335 335 335 334 335 335 335 335 335 334 334 333 333 333 333 333 333 333 334 333 333 332 332 332 332 332 332 332 332 332 332 331 331 331 331 331 331 331 330 330 330 330 330 330 330 330 330 330 330 330 330 330 330 329 329 330 329 329 329 329 330 329 329 329 328 328 328 328 NA NA NA NA NA NA NA NA NA NA NA NA NA NA NA NA NA NA NA NA NA NA NA NA NA NA NA NA NA NA NA NA NA NA NA NA NA NA NA NA NA NA NA NA NA NA NA NA NA NA NA NA NA NA NA NA NA NA NA NA NA NA
NA NA NA NA NA NA NA NA NA NA NA NA NA NA NA NA NA NA NA NA NA NA NA NA NA NA NA NA NA NA NA NA NA NA NA NA NA NA NA NA NA NA NA NA NA NA NA NA NA NA NA NA NA 328 NA NA NA NA NA NA NA NA NA NA NA 327 326 NA NA NA NA NA NA NA NA NA NA NA NA NA NA 328 329 329 329 329 329 330 330 331 330 330 330 330 330 329 330 331 332 332 332 332 332 332 332 332 333 333 333 333 333 334 334 334 334 334 334 334 334 334 334 334 334 334 334 334 334 334 334 334 334 335 334 334 333 334 334 335 335 335 335 335 334 335 336 336 335 335 334 334 334 334 334 334 335 335 335 335 335 334 334 334 334 334 334 334 334 334 334 335 335 335 335 336 336 335 336 336 336 337 336 336 336 337 337 337 337 337 338 337 337 337 337 337 337 337 336 336 337 338 337 336 336 336 336 336 336 336 335 335 336 336 336 337 338 338 338 338 337 336 336 336 337 337 337 336 336 337 337 337 337 337 337 338 337 337 336 336 336 336 336 336 338 338 338 338 338 338 338 338 338 338 338 338 338 338 338 338 338 338 338 338 337 337 337 337 337 338 338 338 338 338 338 338 338 338 338 338 338 338 338 338 338 338 338 338 337 337 337 337 337 337 337 337 337 337 337 337 337 337 337 337 337 337 337 337 337 337 337 337 337 337 337 337 337 337 337 337 337 337 336 336 336 336 337 337 337 336 337 337 337 337 337 337 337 337 337 337 337 337 337 337 337 336 336 336 336 336 336 336 337 336 336 336 336 336 336 335 335 335 336 336 335 335 335 335 335 335 335 336 336 336 336 336 336 336 336 336 335 335 335 335 335 335 334 333 333 333 334 333 333 334 333 333 333 332 332 332 332 332 332 332 331 331 331 331 331 331 331 331 331 331 330 330 330 330 330 330 330 330 330 330 330 330 330 331 330 329 330 329 330 330 330 330 330 330 330 329 329 329 328 NA NA NA NA NA NA NA NA NA NA NA NA NA NA NA NA NA NA NA NA NA NA NA NA NA NA NA NA NA NA NA NA NA NA NA NA NA NA NA NA NA NA NA NA NA NA NA NA NA NA NA NA NA NA NA NA NA NA NA NA NA NA
NA NA NA NA NA NA NA NA NA NA NA NA NA NA NA NA NA NA NA NA NA NA NA NA NA NA NA NA NA NA NA NA NA NA NA NA NA NA NA NA NA NA NA NA NA NA NA NA NA NA NA NA NA NA NA 328 NA 328 NA NA NA NA NA 328 328 327 326 327 NA NA NA NA NA NA NA NA NA NA NA NA NA NA 328 328 329 329 329 330 330 331 331 330 331 331 331 330 330 330 331 331 332 332 332 332 332 332 332 333 333 333 333 333 333 333 334 334 334 334 334 334 334 334 334 334 334 335 335 334 335 335 335 335 335 335 334 334 334 335 335 335 335 335 335 334 335 336 336 335 335 335 335 335 335 335 335 334 334 334 334 334 334 335 335 334 335 335 335 334 334 334 335 335 335 336 336 336 336 337 336 336 336 336 336 337 337 337 337 338 338 338 338 338 338 338 338 338 337 337 337 338 337 337 337 336 336 336 336 336 336 335 335 336 336 337 338 338 337 337 338 337 338 338 337 337 337 336 336 336 337 337 337 337 338 338 338 337 337 337 337 337 337 336 338 338 338 338 338 338 338 337 338 338 338 338 338 338 338 338 338 338 338 338 338 338 338 337 337 337 338 338 338 338 338 338 338 338 338 338 338 338 338 338 338 338 338 338 338 338 337 337 337 337 337 337 337 337 337 337 338 338 338 338 338 337 337 337 337 337 337 337 337 337 337 337 337 337 337 337 337 337 337 337 337 337 337 337 337 337 336 337 337 337 337 337 337 337 337 337 337 337 337 337 337 336 336 336 336 336 336 336 337 337 337 336 337 337 337 336 336 336 336 337 336 336 336 336 336 336 336 336 336 336 336 336 336 336 336 336 336 336 335 335 335 335 334 334 333 334 334 334 334 333 333 333 332 332 332 332 332 332 332 332 332 331 331 331 331 331 331 331 331 331 330 330 330 330 330 330 330 330 330 330 330 330 330 330 330 330 330 330 329 329 330 329 330 330 330 330 329 330 330 NA NA NA NA NA NA NA NA NA NA NA NA NA NA NA NA NA NA NA NA NA NA NA NA NA NA NA NA NA NA NA NA NA NA NA NA NA NA NA NA NA NA NA NA NA NA NA NA NA NA NA NA NA NA NA NA NA NA NA NA NA NA
NA NA NA NA NA NA NA NA NA NA NA NA NA NA NA NA NA NA NA NA NA NA NA NA NA NA NA NA NA NA NA NA NA NA NA NA NA NA NA NA NA NA NA NA NA NA NA NA NA NA NA NA 327 327 327 328 329 328 329 329 329 329 329 328 327 327 327 327 327 327 NA NA NA NA NA NA NA NA NA NA NA NA NA 328 328 329 329 329 329 330 331 331 331 332 331 331 331 330 330 331 332 332 331 332 332 332 333 333 333 333 333 333 333 333 333 334 335 335 334 334 334 334 334 334 334 334 334 334 334 335 335 335 334 335 335 334 334 334 335 336 336 336 335 335 335 335 335 335 336 336 335 335 334 334 334 334 334 334 334 335 335 335 335 335 335 336 335 335 335 334 335 335 336 336 336 336 336 336 336 336 336 336 336 336 336 337 338 337 338 338 339 339 339 339 339 338 338 338 338 338 337 337 338 337 336 336 336 336 336 336 336 335 336 337 337 337 337 337 337 337 337 337 337 337 336 336 337 337 337 337 337 337 337 337 338 338 338 338 337 337 336 336 338 338 338 338 338 338 338 338 338 338 338 338 338 338 338 338 338 338 338 338 338 338 338 338 338 338 338 338 338 338 338 338 338 338 338 338 338 338 338 338 338 338 338 338 338 338 338 338 338 337 337 338 338 338 338 338 338 338 338 338 338 338 338 337 337 337 337 337 337 337 337 337 337 337 337 337 337 337 337 337 337 337 337 337 337 337 337 337 337 337 337 337 337 337 337 337 337 337 337 337 337 337 336 336 336 336 336 336 337 337 337 336 336 337 337 337 336 336 336 336 337 337 337 337 337 337 336 336 335 335 336 336 336 336 336 336 336 336 336 335 335 335 335 335 334 334 334 334 334 334 333 333 333 332 332 332 332 332 332 332 332 332 332 331 331 331 331 331 331 331 331 330 330 330 330 330 330 330 330 330 330 330 330 330 331 330 330 330 330 329 329 330 330 330 330 329 329 329 330 NA NA NA NA NA NA NA NA NA NA NA NA NA NA NA NA NA NA NA NA NA NA NA NA NA NA NA NA NA NA NA NA NA NA NA NA NA NA NA NA NA NA NA NA NA NA NA NA NA NA NA NA NA NA NA NA NA NA NA NA NA NA
NA NA NA NA NA NA NA NA NA NA NA NA NA NA NA NA NA NA NA NA NA NA NA NA NA NA NA NA NA NA NA NA NA NA NA NA NA NA NA NA NA NA NA NA NA NA NA NA NA NA NA NA 328 327 328 328 329 329 328 328 328 328 328 327 327 327 327 328 327 NA NA NA NA 328 329 330 NA NA NA NA NA NA 329 329 328 328 329 329 329 330 330 330 331 331 331 331 331 331 331 331 331 331 331 333 332 332 333 333 333 333 333 333 333 333 334 334 334 335 335 335 335 334 334 334 335 335 335 334 334 334 334 334 334 334 334 334 334 334 334 335 335 336 336 336 336 335 335 335 335 336 336 335 335 335 335 334 334 335 335 335 335 335 336 336 335 335 335 335 335 334 335 335 336 336 336 336 336 336 337 337 337 337 337 337 337 337 338 337 338 338 338 339 339 339 339 339 339 339 339 338 338 338 338 337 336 336 337 336 336 336 336 336 335 336 336 336 336 336 336 336 337 338 338 338 337 337 337 337 337 337 337 338 338 338 338 338 339 339 338 337 337 337 338 338 338 339 338 338 338 338 338 338 338 338 338 337 338 338 338 338 339 338 338 338 338 338 338 338 338 338 338 338 338 338 338 338 338 338 338 338 338 338 338 338 338 338 338 338 338 338 338 338 338 338 338 338 338 338 338 338 338 338 338 338 338 338 338 338 337 337 338 338 337 337 337 337 337 337 337 337 337 337 337 337 337 337 337 337 337 337 337 337 337 337 337 337 337 337 337 337 337 337 337 337 337 336 336 336 336 336 336 337 337 337 336 336 336 336 336 336 336 336 337 337 336 336 337 336 336 336 336 335 336 336 336 336 336 336 336 336 336 336 336 336 335 335 334 334 334 334 334 334 334 333 333 332 332 332 332 332 332 332 332 332 332 332 332 331 331 331 331 331 331 331 331 331 331 330 330 330 330 330 330 330 330 330 331 331 331 331 330 330 329 329 329 329 329 330 329 329 330 NA NA NA NA NA NA NA NA NA NA NA NA NA NA NA NA NA NA NA NA NA NA NA NA NA NA NA NA NA NA NA NA NA NA NA NA NA NA NA NA NA NA NA NA NA NA NA NA NA NA NA NA NA NA NA NA NA NA NA NA NA NA
NA NA NA NA NA NA NA NA NA NA NA NA NA NA NA NA NA NA NA NA NA NA NA NA NA NA NA NA NA NA NA NA NA NA NA NA NA NA NA NA NA NA NA NA NA NA NA NA NA NA NA NA 328 327 328 328 328 329 329 328 327 327 328 328 328 328 329 328 328 328 NA 328 327 328 328 329 329 329 330 331 331 330 329 329 329 328 329 329 329 329 330 330 330 331 332 332 332 332 331 332 331 331 332 333 333 332 332 332 333 333 333 333 333 334 334 334 335 335 335 335 335 334 335 334 335 335 335 335 334 334 334 335 334 335 335 335 335 335 335 335 336 336 336 336 336 336 336 336 335 336 336 335 335 335 334 334 335 335 335 335 335 335 336 336 336 336 336 336 335 335 335 335 335 336 336 335 336 336 336 336 337 337 337 337 338 338 338 337 338 338 338 338 339 339 339 338 338 338 339 339 338 339 338 337 336 336 336 336 336 336 336 336 336 335 335 336 336 337 336 336 337 338 338 337 337 337 337 338 338 337 337 337 337 337 338 338 338 339 339 338 338 338 339 339 339 339 339 338 338 338 338 338 338 338 338 338 338 338 338 338 338 338 338 338 338 338 338 338 338 338 338 338 338 338 338 338 338 338 338 338 338 338 338 338 338 338 338 338 338 338 338 338 338 338 338 338 338 338 338 338 338 338 338 338 338 338 338 338 337 338 338 338 337 337 337 337 338 338 337 337 337 337 337 337 337 337 337 337 337 337 337 337 337 337 337 337 337 337 337 337 337 337 337 337 337 336 336 336 336 336 336 336 337 337 336 336 336 336 336 336 336 336 336 336 336 336 336 336 336 336 336 336 336 336 336 336 336 336 336 336 336 336 336 336 336 335 335 334 334 334 334 335 334 334 333 333 332 332 332 332 332 332 332 332 332 332 332 332 331 331 331 331 331 331 330 330 331 331 331 331 331 330 330 330 330 330 330 331 330 331 331 331 330 329 330 329 330 330 330 330 330 NA NA NA NA NA NA NA NA NA NA NA NA NA NA NA NA NA NA NA NA NA NA NA NA NA NA NA NA NA NA NA NA NA NA NA NA NA NA NA NA NA NA NA NA NA NA NA NA NA NA NA NA NA NA NA NA NA NA NA NA NA NA
NA NA NA NA NA NA NA NA NA NA NA NA NA NA NA NA NA NA NA NA NA NA NA NA NA NA NA NA NA NA NA NA NA NA NA NA NA NA NA NA NA NA NA NA NA NA NA NA NA NA NA NA 328 328 328 329 329 329 328 328 328 328 328 329 329 329 329 329 328 328 328 NA NA 328 329 329 329 329 329 330 330 330 329 329 329 329 329 329 330 330 330 330 330 331 331 331 331 331 332 332 332 332 333 333 333 332 332 333 333 333 334 334 334 334 334 334 334 334 334 334 335 335 335 335 335 335 335 335 335 335 335 335 336 336 336 336 335 335 335 335 335 335 336 336 336 336 336 335 334 335 335 335 335 335 334 335 335 336 336 335 335 335 336 336 336 336 336 336 336 336 335 335 335 335 335 336 336 337 337 336 336 337 337 337 338 338 338 338 338 338 338 338 338 338 338 338 338 338 338 339 339 339 339 338 337 337 337 337 336 336 336 336 337 336 335 335 336 336 336 337 337 337 337 337 337 337 338 338 338 338 338 338 338 338 338 338 338 338 339 339 339 339 340 340 340 340 340 340 339 339 339 339 338 338 338 338 338 338 338 338 338 338 338 338 338 338 338 338 338 338 338 338 338 338 338 338 338 338 338 338 338 338 338 338 338 338 338 338 338 338 338 338 338 338 338 338 338 338 338 338 338 338 338 338 338 338 338 338 338 338 338 338 338 338 338 338 338 338 337 337 337 337 337 337 337 337 337 338 338 337 337 337 337 337 337 337 337 337 337 337 337 337 337 337 337 337 336 336 336 336 336 336 337 337 337 336 336 336 336 336 336 336 336 336 336 336 336 336 336 336 336 336 336 336 336 336 336 336 336 336 336 336 335 335 336 336 335 335 335 334 334 334 334 334 334 333 333 332 332 332 332 332 332 332 332 332 332 332 331 331 331 331 331 331 331 330 330 331 331 330 330 330 330 330 330 330 330 330 330 330 330 330 331 330 330 330 330 330 330 330 330 NA NA NA NA NA NA NA NA NA NA NA NA NA NA NA NA NA NA NA NA NA NA NA NA NA NA NA NA NA NA NA NA NA NA NA NA NA NA NA NA NA NA NA NA NA NA NA NA NA NA NA NA NA NA NA NA NA NA NA NA NA NA
NA NA NA NA NA NA NA NA NA NA NA NA NA NA NA NA NA NA NA NA NA NA NA NA NA NA NA NA NA NA NA NA NA NA NA NA NA NA NA NA NA NA NA NA NA NA NA NA NA NA NA NA 329 328 329 329 329 330 329 329 329 329 329 329 330 330 329 329 328 328 NA NA NA 328 329 329 328 329 329 329 330 330 329 329 329 330 329 329 329 330 330 330 330 331 331 331 331 331 332 332 332 333 333 333 333 332 332 332 333 333 333 334 334 334 334 334 334 334 334 334 334 335 335 335 335 335 335 335 335 335 336 336 336 336 336 336 336 335 335 336 336 336 336 336 336 336 335 335 334 335 335 335 335 335 335 335 336 336 336 335 335 335 336 336 336 336 336 335 335 336 336 336 335 336 336 337 337 337 337 337 337 337 337 338 338 338 338 338 337 338 338 338 339 339 338 338 338 337 338 338 339 339 339 339 338 338 338 337 337 337 337 337 337 336 336 335 336 336 336 337 338 337 337 337 337 338 337 338 338 338 338 338 338 338 339 339 339 339 339 339 339 339 341 341 341 341 341 340 340 340 339 339 339 339 339 339 338 338 338 338 338 338 338 338 338 338 338 338 338 338 338 338 338 338 338 338 338 338 338 338 338 338 338 338 338 338 338 338 338 338 338 338 338 338 338 338 338 338 338 338 338 338 338 338 338 338 338 338 338 338 338 338 338 338 338 338 338 338 338 337 337 337 337 337 337 337 338 338 338 337 337 337 338 337 337 337 337 337 337 337 337 337 337 337 337 337 337 336 336 336 336 336 337 337 337 337 336 336 336 336 336 336 336 336 336 336 336 336 336 337 336 336 336 336 336 336 336 336 336 336 336 336 335 335 335 335 336 335 335 335 335 335 334 334 334 334 333 333 333 333 332 332 332 332 332 332 331 331 331 331 331 331 331 331 331 331 330 331 331 330 331 331 331 331 331 330 330 330 330 330 330 330 330 331 330 331 331 330 330 330 330 NA NA NA NA NA NA NA NA NA NA NA NA NA NA NA NA NA NA NA NA NA NA NA NA NA NA NA NA NA NA NA NA NA NA NA NA NA NA NA NA NA NA NA NA NA NA NA NA NA NA NA NA NA NA NA NA NA NA NA NA NA NA
NA NA NA NA NA NA NA NA NA NA NA NA NA NA NA NA NA NA NA NA NA NA NA NA NA NA NA NA NA NA NA NA NA NA NA NA NA NA NA NA NA NA NA NA NA NA NA NA NA NA NA NA 329 328 329 329 330 330 330 330 330 329 329 330 330 330 330 329 328 328 328 NA NA 328 329 329 329 329 329 329 330 330 330 329 329 329 329 329 329 330 330 330 331 332 331 331 331 331 332 332 333 333 333 333 333 333 332 332 332 333 334 334 334 334 334 334 334 334 334 334 334 335 334 335 335 335 335 335 335 335 335 336 336 335 335 335 335 335 336 336 337 337 337 337 337 337 337 336 335 334 335 335 335 336 335 336 337 336 336 336 336 336 336 336 336 336 336 336 335 336 336 336 335 335 336 336 337 337 337 338 338 338 338 338 338 337 338 337 337 337 338 338 339 339 338 338 338 337 337 337 337 338 338 339 339 339 339 338 338 338 338 337 337 336 336 336 336 336 337 337 338 338 337 338 338 338 338 338 338 338 338 338 338 338 339 339 339 339 339 339 339 339 340 340 340 340 340 340 340 340 340 340 340 340 339 338 338 338 338 338 338 339 339 339 338 338 338 338 338 338 338 338 338 338 338 338 338 338 338 338 338 338 338 338 338 338 338 338 338 338 338 338 338 338 338 338 338 338 338 338 338 338 338 338 338 338 338 338 338 338 338 338 338 338 338 338 338 338 338 337 337 337 337 337 337 337 338 338 338 337 338 338 338 338 337 337 337 337 337 337 337 337 337 337 337 337 337 337 337 337 337 337 337 337 337 337 337 336 336 336 336 336 336 336 336 336 336 336 336 336 336 336 336 336 336 336 336 336 336 335 335 335 336 336 336 336 336 336 335 335 335 335 334 334 334 334 334 333 333 333 332 332 332 331 331 331 331 331 331 331 331 331 331 331 331 331 330 331 331 331 331 331 331 331 331 330 330 330 330 330 330 330 330 330 330 330 330 330 329 330 330 331 NA NA NA NA NA NA NA NA NA NA NA NA NA NA NA NA NA NA NA NA NA NA NA NA NA NA NA NA NA NA NA NA NA NA NA NA NA NA NA NA NA NA NA NA NA NA NA NA NA NA NA NA NA NA NA NA NA NA NA NA NA
NA NA NA NA NA NA NA NA NA NA NA NA NA NA NA NA NA NA NA NA NA NA NA NA NA NA NA NA NA NA NA NA NA NA NA NA NA NA NA NA NA NA NA NA NA NA NA NA NA NA NA NA 329 329 329 330 330 330 329 329 329 328 329 330 330 330 330 329 329 328 328 329 330 329 329 330 329 330 330 330 330 330 330 329 329 329 329 329 329 329 329 330 331 332 332 331 331 331 331 332 332 332 333 333 333 333 333 333 333 333 334 334 334 334 334 334 334 334 334 334 335 335 335 335 335 335 335 335 335 335 336 336 336 336 336 335 335 335 335 335 335 336 336 337 337 337 336 335 335 335 336 336 335 336 336 336 337 337 337 337 336 336 336 336 335 336 336 336 336 335 335 335 335 335 335 336 336 336 337 337 338 338 338 338 338 338 339 338 338 337 337 338 338 339 339 338 338 338 338 337 337 337 338 338 338 339 339 339 339 338 338 337 336 336 335 335 336 336 336 337 337 338 338 338 338 339 339 339 339 339 339 339 339 339 339 339 340 340 339 339 339 339 341 341 341 340 340 340 341 340 341 340 340 339 339 339 339 339 339 339 338 338 339 339 339 338 339 339 338 338 338 338 338 338 338 338 338 338 338 338 338 338 338 338 338 338 338 338 338 338 338 338 338 338 338 338 338 338 338 338 338 338 338 338 338 338 338 338 338 338 338 338 338 338 338 338 338 338 338 337 337 337 337 337 337 338 338 338 338 338 338 338 338 338 337 337 337 337 337 337 337 337 337 337 337 337 337 337 337 337 337 336 337 337 337 337 337 336 336 336 336 336 336 336 336 336 336 336 336 336 336 336 336 336 336 336 336 336 336 336 335 336 336 336 336 335 335 335 335 335 335 334 334 334 334 334 334 333 333 333 333 332 332 332 332 331 332 332 332 331 331 331 332 332 331 331 331 331 331 331 331 331 331 331 330 331 331 331 330 330 330 330 330 330 330 330 330 330 330 330 330 330 NA NA NA NA NA NA NA NA NA NA NA NA NA NA NA NA NA NA NA NA NA NA NA NA NA NA NA NA NA NA NA NA NA NA NA NA NA NA NA NA NA NA NA NA NA NA NA NA NA NA NA NA NA NA NA NA NA NA NA NA NA
NA NA NA NA NA NA NA NA NA NA NA NA NA NA NA NA NA NA NA NA NA NA NA NA NA NA NA NA NA NA NA NA NA NA NA NA NA NA NA NA NA NA NA NA NA NA NA NA NA NA NA 329 329 329 329 330 330 330 329 329 329 328 329 329 330 330 329 329 328 328 329 330 330 329 329 330 330 330 330 330 331 331 330 330 330 330 329 329 329 329 329 330 330 330 331 331 331 331 331 331 332 332 332 333 333 333 333 333 333 333 333 334 334 334 334 334 334 334 334 335 335 335 335 335 335 335 336 336 336 335 336 336 336 336 336 336 336 335 336 336 336 336 336 336 336 336 335 335 336 336 336 336 335 336 336 337 336 336 336 336 335 335 335 335 335 335 335 335 335 335 336 336 336 336 336 336 336 336 336 337 338 338 338 338 338 339 339 338 337 337 337 337 338 338 338 338 337 338 338 338 337 338 338 337 337 338 339 338 338 338 338 337 336 336 335 335 336 337 337 337 337 338 339 339 339 339 338 339 339 339 339 339 340 340 340 340 340 339 339 339 339 339 341 341 341 340 340 340 341 340 340 341 341 340 340 340 340 340 339 339 339 339 339 339 339 339 339 338 338 338 338 338 338 338 338 338 338 338 338 338 338 338 338 338 338 338 338 338 338 338 338 338 338 338 338 338 339 339 338 338 338 338 338 338 338 338 338 338 338 338 338 338 338 338 338 338 338 338 338 338 337 338 338 338 338 338 338 338 338 338 338 338 338 337 337 337 338 338 337 337 337 337 337 337 337 337 337 337 337 337 337 337 337 337 337 337 337 337 336 336 336 336 336 336 336 336 336 336 336 336 336 336 337 336 336 336 335 336 336 336 336 336 336 336 335 335 335 335 335 335 334 334 334 334 334 334 334 334 333 333 332 332 332 332 332 331 332 332 332 332 331 331 332 332 331 331 331 331 331 331 331 331 331 331 331 331 330 330 330 330 330 330 330 330 330 330 330 330 330 330 330 330 NA NA NA NA NA NA NA NA NA NA NA NA NA NA NA NA NA NA NA NA NA NA NA NA NA NA NA NA NA NA NA NA NA NA NA NA NA NA NA NA NA NA NA NA NA NA NA NA NA NA NA NA NA NA NA NA NA NA NA NA NA
NA NA NA NA NA NA NA NA NA NA NA NA NA NA NA NA NA NA NA NA NA NA NA NA NA NA NA NA NA NA NA NA NA NA NA NA NA NA NA NA NA NA NA NA NA NA NA NA NA NA 330 330 330 330 330 329 329 330 330 330 330 329 328 328 329 329 328 328 328 328 329 330 330 329 330 331 331 331 331 331 331 332 331 331 331 330 330 330 330 330 329 329 330 330 330 331 332 332 332 332 332 332 332 332 332 332 332 333 333 333 333 333 334 334 334 334 334 334 334 334 335 335 335 335 335 335 335 335 335 335 336 336 336 336 336 337 336 336 336 337 337 337 337 337 337 336 336 336 336 336 336 336 336 336 337 337 336 335 336 336 336 335 335 336 336 336 336 336 335 335 336 336 336 337 337 336 336 336 337 338 338 338 337 337 338 338 338 338 338 338 337 337 337 337 338 338 337 337 337 336 336 337 337 337 337 337 338 338 338 338 338 338 337 336 336 335 336 337 337 338 338 339 339 339 339 338 338 339 339 339 338 339 339 339 340 340 340 339 339 339 339 339 340 341 340 341 341 340 340 341 341 341 341 341 340 340 340 340 340 340 339 339 339 340 340 339 339 339 339 339 339 338 338 338 338 338 339 339 338 339 338 338 338 338 338 338 338 338 338 338 338 338 338 338 338 338 338 338 338 338 338 338 338 338 338 338 338 338 339 338 338 338 338 338 338 338 338 338 338 338 338 338 338 338 338 338 338 338 338 338 338 338 338 337 338 338 338 338 338 337 337 337 337 337 337 337 337 337 337 337 337 337 337 337 337 337 337 337 336 337 337 336 336 336 336 336 336 336 336 336 337 337 336 336 336 336 336 336 337 336 336 336 336 335 335 335 335 335 335 334 334 334 334 334 334 334 334 334 333 333 333 332 333 333 332 332 332 332 332 332 332 331 331 332 332 331 331 330 331 331 331 331 330 330 330 330 330 330 330 330 330 331 331 330 330 330 330 330 330 330 330 330 331 NA NA NA NA NA NA NA NA NA NA NA NA NA NA NA NA NA NA NA NA NA NA NA NA NA NA NA NA NA NA NA NA NA NA NA NA NA NA NA NA NA NA NA NA NA NA NA NA NA NA NA NA NA NA NA NA NA NA NA NA
NA NA NA NA NA NA NA NA NA NA NA NA NA NA NA NA NA NA NA NA NA NA NA NA NA NA NA NA NA NA NA NA NA NA NA NA NA NA NA NA NA NA NA NA NA NA NA NA NA 330 329 329 330 331 330 329 329 330 329 329 329 330 329 328 328 328 328 328 329 329 330 330 330 329 329 330 330 331 332 332 332 332 332 332 332 332 332 331 330 330 330 330 330 330 331 331 332 332 332 333 333 332 332 332 332 332 332 332 333 333 333 333 333 334 334 334 334 334 334 334 334 334 335 335 335 334 334 335 335 335 335 335 336 336 336 336 336 337 337 337 337 337 337 337 337 336 336 335 336 336 336 336 336 336 337 336 336 336 335 335 336 335 335 336 336 336 336 336 336 335 336 336 337 337 337 337 337 337 337 338 338 338 338 337 338 338 339 339 339 338 338 338 337 337 337 337 337 337 338 337 337 336 336 336 337 337 338 338 338 338 338 338 338 337 336 336 336 337 337 338 338 339 339 339 338 338 338 339 338 338 338 338 339 339 339 339 339 339 339 339 339 339 340 340 340 340 340 340 341 341 341 341 341 341 340 340 340 340 340 340 340 340 340 339 340 340 339 339 339 339 339 339 339 339 339 339 339 339 339 339 339 338 338 339 339 339 339 338 338 338 338 338 338 338 338 339 339 338 338 338 338 338 338 338 338 338 338 338 338 339 338 338 338 338 338 338 338 338 338 338 338 338 338 338 338 338 338 338 338 338 338 338 338 337 338 338 338 338 338 338 338 337 337 337 337 338 338 338 337 337 337 337 337 337 337 337 337 337 337 337 337 337 337 336 337 337 336 336 337 337 337 337 336 336 336 336 336 336 336 336 336 336 336 335 335 335 335 335 335 335 335 335 334 334 334 334 334 334 333 333 333 332 333 333 333 332 332 333 332 332 332 332 331 331 332 332 332 331 330 330 331 331 331 331 331 331 330 331 331 331 331 331 331 331 331 331 331 330 330 330 330 330 331 NA NA NA NA NA NA NA NA NA NA NA NA NA NA NA NA NA NA NA NA NA NA NA NA NA NA NA NA NA NA NA NA NA NA NA NA NA NA NA NA NA NA NA NA NA NA NA NA NA NA NA NA NA NA NA NA NA NA NA NA
NA NA NA NA NA NA NA NA NA NA NA NA NA NA NA NA NA NA NA NA NA NA NA NA NA NA NA NA NA NA NA NA NA NA NA NA NA NA NA NA NA NA NA NA NA NA NA NA NA 329 329 329 330 330 330 329 329 329 330 329 329 329 329 328 328 328 329 329 330 330 330 329 329 329 330 329 330 331 331 331 331 331 331 332 332 333 333 332 331 331 331 330 330 330 330 331 331 331 332 332 333 333 333 333 333 333 333 333 333 333 334 334 334 334 334 334 334 334 334 334 334 335 335 335 335 334 335 335 335 335 335 336 336 336 336 336 337 336 336 336 337 337 338 338 338 337 336 336 336 336 336 336 336 336 337 337 337 337 336 336 335 336 336 336 336 337 337 336 336 336 336 336 337 337 337 338 338 338 338 338 337 337 338 337 338 338 338 338 338 338 338 337 337 337 337 337 338 338 338 338 338 337 337 336 337 338 338 338 338 338 337 337 337 337 337 336 337 337 338 337 337 338 338 338 338 338 338 338 338 338 338 338 338 338 339 339 340 340 339 339 339 339 340 340 340 340 340 340 340 340 340 341 341 340 340 340 340 340 340 340 340 340 340 340 339 340 340 339 339 339 339 339 339 339 339 339 339 339 339 339 339 338 339 339 339 339 339 338 338 338 338 338 338 339 339 339 338 338 338 338 338 338 338 338 338 338 338 339 338 338 338 338 338 338 339 339 338 338 338 338 338 338 338 338 338 338 338 338 338 338 338 338 338 338 338 338 338 338 338 338 338 338 337 337 337 338 338 338 338 338 337 337 337 337 337 337 337 337 337 337 337 337 337 337 337 337 337 337 337 337 337 337 337 337 336 335 336 336 336 336 336 336 336 335 335 335 335 335 335 335 335 335 334 334 334 334 334 333 333 333 332 333 333 333 333 333 333 333 333 333 332 332 332 332 332 332 332 332 331 330 330 330 331 331 332 331 331 331 331 331 331 331 330 331 331 331 331 330 330 330 330 330 330 331 NA NA NA NA NA NA NA NA NA NA NA NA NA NA NA NA NA NA NA NA NA NA NA NA NA NA NA NA NA NA NA NA NA NA NA NA NA NA NA NA NA NA NA NA NA NA NA NA NA NA NA NA NA NA NA NA NA NA NA
NA NA NA NA NA NA NA NA NA NA NA NA NA NA NA NA NA NA NA NA NA NA NA NA NA NA NA NA NA NA NA NA NA NA NA NA NA NA NA NA NA NA NA NA NA NA NA NA NA 328 328 329 329 330 330 330 329 329 330 330 329 329 328 329 329 329 330 331 331 331 331 330 329 330 330 330 330 330 331 331 331 331 331 332 332 332 333 333 332 331 330 330 330 331 330 330 330 330 331 331 332 332 333 333 333 334 334 334 334 334 334 334 335 335 335 334 334 335 335 335 334 335 335 335 335 335 335 335 335 336 335 335 336 336 336 336 337 337 336 336 337 337 337 337 337 337 338 337 337 336 336 336 337 337 337 337 337 337 336 336 336 337 337 337 337 336 336 336 336 337 336 336 336 336 337 338 339 339 338 338 338 338 338 338 338 337 338 338 338 338 337 337 337 338 338 338 338 338 339 339 338 337 337 337 336 337 337 337 338 338 338 338 337 337 337 336 337 337 337 337 337 337 338 338 338 338 338 338 338 338 338 339 339 339 339 340 340 340 340 339 339 340 341 340 341 341 340 340 340 340 340 340 340 340 340 340 340 340 340 340 340 340 340 340 339 339 339 340 339 339 339 339 339 339 339 339 339 339 339 339 339 339 338 339 339 339 339 339 338 339 339 338 338 339 339 338 338 338 338 338 338 338 338 338 339 338 338 338 338 339 338 338 338 338 338 338 338 338 338 338 338 338 338 338 338 338 338 338 338 338 338 338 338 338 338 338 338 338 338 338 338 338 338 337 337 337 338 338 338 338 338 337 337 337 337 337 337 337 337 337 337 337 337 337 337 337 337 337 336 336 337 337 336 336 336 335 336 336 336 336 336 336 336 335 335 335 335 335 335 335 335 335 334 334 334 334 333 333 333 333 333 333 333 333 333 333 333 333 333 333 333 332 332 332 332 332 332 332 331 331 330 331 331 331 331 331 331 331 331 331 331 331 331 331 331 331 330 330 330 330 330 330 331 331 332 NA NA NA NA NA NA NA NA NA NA NA NA NA NA NA NA NA NA NA NA NA NA NA NA NA NA NA NA NA NA NA NA NA NA NA NA NA NA NA NA NA NA NA NA NA NA NA NA NA NA NA NA NA NA NA NA NA NA
NA NA NA NA NA NA NA NA NA NA NA NA NA NA NA NA NA NA NA NA NA NA NA NA NA NA NA NA NA NA NA NA NA NA NA NA NA NA NA NA NA NA NA NA NA NA NA NA NA 330 329 329 328 328 329 329 330 329 329 329 329 329 330 330 330 331 331 331 331 331 332 330 331 331 331 331 330 330 330 331 331 332 332 332 332 333 333 333 332 332 331 331 331 331 331 331 331 330 330 330 331 332 333 333 333 333 334 335 334 334 335 335 335 335 335 335 335 335 336 335 335 335 335 336 336 336 335 335 335 335 336 336 336 336 336 336 337 337 336 337 337 337 338 338 337 337 338 338 337 337 336 336 336 336 336 337 337 336 337 336 336 336 337 337 337 337 336 336 337 337 336 337 337 337 337 337 338 339 339 339 339 339 339 339 338 338 338 338 338 337 337 337 338 338 338 339 339 339 340 339 338 338 338 337 337 337 337 337 338 338 339 338 337 337 336 336 337 337 337 338 338 338 339 339 339 338 338 338 338 338 338 338 339 340 340 340 340 341 340 340 340 340 341 341 341 341 341 341 341 340 340 340 340 340 340 341 340 340 340 340 340 340 340 339 340 340 339 340 339 339 339 339 339 339 339 339 339 339 339 339 339 339 339 339 339 339 339 339 339 339 339 339 339 339 339 338 338 338 338 339 339 339 339 338 339 339 338 339 338 338 338 338 338 338 338 338 338 338 338 338 338 338 338 338 338 338 338 338 339 338 338 338 338 338 338 338 338 338 338 338 338 338 338 338 338 337 337 338 338 338 338 338 338 337 337 337 337 337 337 337 337 337 337 337 337 337 337 337 336 336 337 337 336 336 336 336 335 336 336 336 336 336 336 336 336 335 335 335 335 335 335 335 334 334 333 333 333 333 333 333 333 333 333 333 333 333 333 333 334 333 333 333 333 332 332 332 332 332 332 331 331 330 331 331 331 330 331 331 331 331 331 331 331 331 331 330 330 330 330 331 330 330 330 331 332 NA NA NA NA NA NA NA NA NA NA NA NA NA NA NA NA NA NA NA NA NA NA NA NA NA NA NA NA NA NA NA NA NA NA NA NA NA NA NA NA NA NA NA NA NA NA NA NA NA NA NA NA NA NA NA NA NA NA
NA NA NA NA NA NA NA NA NA NA NA NA NA NA NA NA NA NA NA NA NA NA NA NA NA NA NA NA NA NA NA NA NA NA NA NA NA NA NA NA NA NA NA NA NA NA NA NA NA 331 330 330 329 329 329 329 329 329 329 329 329 329 329 330 330 331 331 331 331 331 331 330 330 332 332 332 332 331 330 331 332 332 332 332 333 333 333 334 333 333 333 332 332 332 331 332 332 331 331 330 331 332 332 333 333 333 333 334 334 334 334 334 335 335 335 335 335 336 336 336 335 335 336 336 336 336 336 336 335 335 335 336 336 336 337 337 337 337 337 337 337 337 337 337 337 337 338 338 338 337 336 336 336 336 336 336 336 336 336 336 336 337 337 337 337 337 337 337 337 337 336 337 337 337 338 338 338 339 339 339 339 339 339 339 338 338 338 338 337 337 337 338 338 338 338 339 340 340 340 340 339 338 338 338 337 337 337 338 338 338 338 338 337 337 337 337 337 337 338 338 339 339 339 338 338 337 338 338 338 339 339 339 339 340 340 341 341 341 342 341 341 340 341 341 341 341 341 340 340 340 340 340 340 340 340 340 340 340 340 340 340 340 340 340 339 340 340 339 339 339 339 339 339 339 339 339 339 339 339 339 339 339 339 339 339 339 339 339 339 339 339 339 339 339 338 338 338 339 339 339 339 339 339 339 338 339 338 338 338 338 338 338 338 338 339 339 339 338 338 338 338 338 338 338 339 339 338 339 339 338 338 338 338 338 338 338 339 339 338 338 338 338 338 338 338 338 337 338 338 338 338 338 338 338 337 337 337 338 338 337 337 337 337 337 337 337 337 337 337 337 337 337 336 336 336 336 335 335 336 336 336 336 336 336 336 336 335 335 335 335 335 335 334 334 334 334 334 334 334 334 334 334 333 334 334 334 334 334 334 334 334 333 333 333 333 333 333 333 332 331 331 331 331 331 331 331 331 331 331 331 331 331 331 331 330 330 330 331 331 331 330 330 331 331 331 332 NA NA NA NA NA NA NA NA NA NA NA NA NA NA NA NA NA NA NA NA NA NA NA NA NA NA NA NA NA NA NA NA NA NA NA NA NA NA NA NA NA NA NA NA NA NA NA NA NA NA NA NA NA NA NA NA NA
NA NA NA NA NA NA NA NA NA NA NA NA NA NA NA NA NA NA NA NA NA NA NA NA NA NA NA NA NA NA NA NA NA NA NA NA NA NA NA NA NA NA NA NA NA NA NA NA NA NA NA 331 330 330 329 329 329 329 329 329 330 330 330 330 330 330 331 332 332 331 331 331 331 331 332 332 332 333 331 331 332 332 332 332 332 333 333 333 333 333 333 333 333 332 332 332 332 332 331 331 331 331 331 332 332 332 332 332 333 334 334 333 334 334 335 335 336 336 336 336 336 336 335 336 336 336 336 336 336 336 335 336 336 336 337 337 337 337 337 337 337 337 337 337 338 338 338 338 338 337 337 337 336 336 337 336 336 337 337 336 336 336 337 337 337 338 337 337 337 337 336 337 337 338 338 338 339 339 339 338 339 339 338 338 338 338 338 338 338 338 338 338 338 338 339 340 340 340 341 340 340 339 339 338 338 338 337 337 337 338 338 338 337 337 337 337 337 337 337 337 338 338 338 337 337 337 338 338 338 339 339 339 339 340 340 341 341 342 342 341 341 340 341 342 342 342 341 341 341 340 340 340 340 340 340 340 340 341 340 340 340 340 340 340 339 339 340 340 339 339 339 339 339 339 339 339 339 339 339 339 339 339 339 339 339 339 339 339 339 339 339 339 339 338 339 339 339 339 339 339 339 339 339 339 338 338 338 339 339 339 339 338 338 338 338 339 339 339 339 338 338 338 338 339 339 339 338 339 338 338 338 338 338 338 338 339 339 339 338 338 338 338 338 338 338 338 338 338 338 338 338 338 338 338 338 337 338 338 337 337 337 338 338 337 337 337 337 337 337 337 337 337 336 336 336 335 335 336 336 336 336 336 336 336 336 335 335 335 335 335 335 335 334 334 334 335 334 334 334 334 334 334 334 334 334 334 334 334 334 334 334 334 333 333 333 333 333 333 332 331 331 331 331 330 330 330 330 331 331 331 331 331 330 331 331 331 331 331 330 330 330 330 330 331 332 332 NA NA NA NA NA NA NA NA NA NA NA NA NA NA NA NA NA NA NA NA NA NA NA NA NA NA NA NA NA NA NA NA NA NA NA NA NA NA NA NA NA NA NA NA NA NA NA NA NA NA NA NA NA NA NA NA NA
NA NA NA NA NA NA NA NA NA NA NA NA NA NA NA NA NA NA NA NA NA NA NA NA NA NA NA NA NA NA NA NA NA NA NA NA NA NA NA NA NA NA NA NA NA NA NA NA NA NA NA NA NA 331 330 329 330 330 329 329 329 329 330 330 331 331 331 332 332 331 331 332 331 331 331 332 333 333 332 332 332 332 333 333 332 333 333 333 332 332 333 333 333 333 333 332 331 331 331 331 331 332 332 332 332 332 333 333 333 333 333 333 333 333 334 334 335 335 335 335 336 336 336 336 336 336 336 336 336 336 335 336 336 336 336 337 337 337 337 337 338 338 338 338 338 338 338 338 338 338 337 336 336 336 337 337 337 337 337 337 336 336 336 337 337 337 337 337 337 337 337 337 337 337 338 339 339 339 339 339 338 338 338 339 339 338 338 339 339 340 339 340 340 339 339 340 340 340 340 340 339 339 338 338 338 337 338 338 337 337 337 338 337 337 337 337 337 337 337 337 337 337 337 337 338 338 338 339 339 339 340 340 340 340 340 341 341 341 341 341 341 340 342 342 342 342 342 342 341 341 341 341 340 340 340 340 340 340 340 340 340 340 340 340 340 339 339 339 339 339 340 340 340 340 340 340 340 339 339 339 339 339 339 339 339 339 339 339 339 339 339 338 339 339 339 339 339 339 339 339 339 339 339 339 339 338 339 339 339 339 339 338 339 339 338 338 339 339 339 339 339 338 338 339 339 339 339 339 339 338 338 338 339 339 338 338 339 339 339 339 339 339 338 338 338 338 338 338 338 338 338 338 338 338 338 338 338 338 337 338 338 338 338 337 337 337 337 337 337 337 336 336 336 336 336 336 336 336 336 336 336 336 336 336 336 336 336 336 336 336 336 335 335 334 334 334 334 334 334 334 334 334 334 334 334 334 334 334 334 334 334 334 334 333 333 333 333 333 333 332 331 331 331 331 331 331 330 330 330 331 331 330 331 331 331 330 330 330 330 331 330 330 331 331 331 331 332 333 NA 333 332 NA NA NA NA NA NA NA NA NA NA NA NA NA NA NA NA NA NA NA NA NA NA NA NA NA NA NA NA NA NA NA NA NA NA NA NA NA NA NA NA NA NA NA NA NA NA NA NA NA NA NA NA
NA NA NA NA NA NA NA NA NA NA NA NA NA NA NA NA NA NA NA NA NA NA NA NA NA NA NA NA NA NA NA NA NA NA NA NA NA NA NA NA NA NA NA NA NA NA NA NA NA NA NA NA NA NA NA 331 330 330 330 329 330 330 330 331 331 332 331 331 332 332 331 331 331 332 333 333 333 333 333 333 332 332 333 333 334 333 334 333 332 332 332 332 333 333 333 332 331 331 331 331 332 333 333 333 333 333 333 333 334 333 333 333 334 334 334 334 335 335 336 336 336 336 336 336 336 336 336 336 336 336 336 336 336 336 337 337 337 337 337 337 338 338 338 338 338 338 338 338 338 338 338 337 336 337 337 337 337 337 337 337 336 336 337 337 338 337 337 337 337 337 337 338 338 337 338 340 339 339 338 338 338 338 339 339 338 338 338 339 339 340 340 340 340 340 340 340 340 340 340 340 340 339 338 337 338 338 339 338 338 337 337 337 337 337 337 337 337 338 337 337 337 337 337 337 338 338 338 339 339 339 339 340 340 340 340 341 341 342 341 341 341 341 343 342 342 342 342 342 342 341 341 340 340 340 341 340 340 340 340 340 340 340 340 340 340 340 340 340 339 340 340 340 340 339 339 339 339 339 339 339 339 339 339 339 339 339 339 339 339 339 339 339 339 339 339 339 339 339 339 339 339 339 339 339 339 339 339 339 340 340 339 339 339 339 339 339 339 339 339 339 339 339 339 339 339 339 339 339 339 339 338 339 339 339 339 339 339 339 339 339 339 339 338 338 338 338 338 338 338 338 338 338 338 338 338 338 338 338 338 338 338 338 338 337 337 337 337 337 337 336 336 336 336 336 337 336 336 336 336 336 336 336 336 336 336 336 336 336 336 335 335 335 334 334 334 334 334 334 334 334 334 334 334 334 334 334 334 334 334 334 334 334 334 334 333 333 333 333 333 333 332 332 332 332 331 332 332 331 330 330 330 331 331 331 330 330 331 331 331 331 331 331 331 331 331 331 332 332 332 331 331 331 NA NA NA NA NA NA NA NA NA NA NA NA NA NA NA NA NA NA NA NA NA NA NA NA NA NA NA NA NA NA NA NA NA NA NA NA NA NA NA NA NA NA NA NA NA NA NA NA NA NA NA
NA NA NA NA NA NA NA NA NA NA NA NA NA NA NA NA NA NA NA NA NA NA NA NA NA NA NA NA NA NA NA NA NA NA NA NA NA NA NA NA NA NA NA NA NA NA NA NA NA NA NA NA NA NA NA NA NA 331 331 331 331 331 331 331 331 331 331 331 331 331 332 331 331 333 333 333 334 334 333 333 333 332 333 333 333 333 334 333 332 332 332 332 332 333 333 332 332 331 331 332 332 332 333 333 334 335 334 334 334 335 335 334 335 335 335 334 334 335 335 336 336 336 336 336 336 336 336 337 336 336 337 337 336 336 337 337 337 337 337 337 337 338 338 338 338 339 339 339 339 339 338 338 337 338 337 338 338 337 338 337 337 336 336 337 338 337 337 337 337 337 337 338 339 338 339 340 340 339 339 339 339 338 338 339 339 338 338 338 339 339 339 340 340 341 340 340 340 340 340 340 340 339 338 338 339 339 339 338 338 338 338 338 338 338 338 337 338 338 339 338 338 337 337 338 338 338 338 339 339 340 339 340 340 340 340 340 341 341 341 340 341 341 343 343 342 342 342 342 342 342 341 341 341 341 341 341 340 340 340 340 340 341 340 340 340 340 340 340 340 339 340 340 340 340 340 340 340 339 339 339 339 339 339 339 339 339 339 339 339 339 339 339 339 339 339 339 339 339 339 339 339 339 339 339 339 339 339 340 340 340 340 340 340 339 339 339 339 339 339 339 339 339 339 339 339 339 339 339 339 339 339 339 339 339 339 339 339 339 339 339 339 339 338 338 338 338 338 338 338 338 338 338 338 338 338 338 338 338 338 338 338 338 337 337 338 338 337 337 338 338 338 338 337 337 337 337 337 337 337 336 336 336 336 335 336 336 335 335 335 335 335 335 334 334 334 334 334 334 334 334 334 334 334 334 334 334 334 334 334 334 334 334 334 334 333 333 333 333 333 333 333 333 332 332 332 332 332 331 331 331 330 331 331 330 330 331 331 331 331 331 331 331 331 331 331 331 331 331 330 330 330 331 332 NA NA NA NA NA NA NA NA NA NA NA NA NA NA NA NA NA NA NA NA NA NA NA NA NA NA NA NA NA NA NA NA NA NA NA NA NA NA NA NA NA NA NA NA NA NA NA NA NA NA
NA NA NA NA NA NA NA NA NA NA NA NA NA NA NA NA NA NA NA NA NA NA NA NA NA NA NA NA NA NA NA NA NA NA NA NA NA NA NA NA NA NA NA NA NA NA NA NA NA NA NA NA NA NA NA NA NA NA NA NA NA NA 332 331 331 331 331 331 331 332 332 332 332 333 333 334 334 334 334 334 333 333 333 333 333 334 334 333 333 333 333 332 332 332 333 332 332 332 331 332 332 332 333 333 333 334 334 334 335 335 335 335 335 335 335 335 335 335 336 336 336 336 336 336 336 336 337 337 337 337 337 337 337 336 337 337 337 337 338 338 338 338 338 338 338 339 339 339 339 339 339 339 339 339 338 338 338 338 338 338 337 336 337 337 338 337 337 337 337 337 338 338 339 339 339 340 339 339 340 340 340 339 339 340 339 338 338 338 338 338 339 339 340 341 340 340 340 340 341 341 341 340 339 339 339 339 338 338 338 339 339 338 338 338 338 338 337 338 338 337 337 337 337 338 338 339 339 340 340 340 339 339 339 339 339 340 340 340 340 340 341 341 342 343 342 342 343 343 343 343 343 342 341 341 340 340 340 340 340 340 340 340 341 340 340 340 340 340 340 340 340 340 340 340 340 339 339 339 339 339 339 339 340 340 340 339 339 339 339 339 339 339 339 339 339 339 339 339 339 339 339 340 339 340 339 339 339 339 339 340 340 341 340 340 339 339 339 339 339 339 339 339 339 339 339 339 339 339 339 339 339 339 339 339 339 339 339 339 339 339 338 338 338 338 338 338 338 338 338 338 338 338 338 338 338 338 338 338 338 338 338 338 338 337 338 337 337 338 338 338 338 338 338 338 338 338 337 337 337 337 336 336 336 336 336 335 335 335 335 335 335 335 335 335 334 334 334 334 334 334 335 334 334 334 334 334 334 334 334 334 334 334 334 334 333 334 334 334 333 333 333 333 333 333 333 333 332 332 332 331 331 330 331 331 331 331 331 331 331 330 331 331 331 331 331 331 331 331 330 330 331 331 332 NA NA NA NA NA NA NA NA NA NA NA NA NA NA NA NA NA NA NA NA NA NA NA NA NA NA NA NA NA NA NA NA NA NA NA NA NA NA NA NA NA NA NA NA NA NA NA NA NA NA
NA NA NA NA NA NA NA NA NA NA NA NA NA NA NA NA NA NA NA NA NA NA NA NA NA NA NA NA NA NA NA NA NA NA NA NA NA NA NA NA NA NA NA NA NA NA NA NA NA NA NA NA NA NA NA NA NA NA NA NA NA NA NA 332 332 332 332 331 331 332 333 333 333 333 334 334 334 334 334 334 334 334 334 334 334 334 334 334 334 333 333 332 332 332 332 332 332 332 332 332 333 333 333 333 333 333 334 335 335 335 335 335 336 336 336 335 335 336 336 336 336 336 336 336 336 337 337 337 337 337 337 337 337 336 337 337 337 338 338 338 338 338 338 338 339 339 339 339 339 339 339 339 339 339 338 338 338 338 337 337 337 338 338 338 338 337 337 338 338 337 338 338 339 339 340 340 340 340 340 340 340 340 340 340 339 339 338 338 339 339 339 339 340 340 340 340 340 340 340 340 340 340 339 339 340 339 338 339 339 339 339 338 338 338 338 338 338 338 338 337 337 338 338 338 338 339 339 339 339 340 339 339 339 339 339 340 340 340 340 340 340 341 342 342 342 342 343 343 343 343 343 342 341 341 341 340 340 341 340 340 340 340 341 340 340 340 340 340 340 340 340 340 340 340 340 339 339 339 339 339 339 339 340 339 339 339 339 339 339 339 339 339 339 339 339 339 339 339 339 339 339 340 340 340 340 339 339 339 339 339 340 341 340 340 340 340 340 339 339 339 339 339 339 339 339 339 339 339 339 339 339 339 339 339 339 339 339 339 338 338 338 338 338 338 338 338 338 338 338 338 338 338 338 338 338 338 338 338 338 338 338 338 338 338 337 337 337 337 337 337 337 337 337 337 337 337 337 338 337 337 337 337 336 336 336 336 336 336 336 335 335 335 335 335 335 335 335 334 334 334 334 334 334 334 334 334 334 334 334 334 334 334 334 334 333 334 334 334 334 334 333 333 333 333 333 333 333 332 332 331 331 331 331 331 331 331 330 330 330 330 331 331 332 331 331 331 331 330 330 331 331 331 331 332 332 333 NA NA 333 333 NA NA NA NA NA NA NA NA NA NA NA NA NA NA NA NA NA NA NA NA NA NA NA NA NA NA NA NA NA NA NA NA NA NA NA NA NA NA NA NA NA NA NA
NA NA NA NA NA NA NA NA NA NA NA NA NA NA NA NA NA NA NA NA NA NA NA NA NA NA NA NA NA NA NA NA NA NA NA NA NA NA NA NA NA NA NA NA NA NA NA NA NA NA NA NA NA NA NA NA NA NA NA NA NA NA NA NA 333 333 333 333 332 333 333 333 333 334 334 334 334 335 335 335 335 335 335 335 335 335 335 335 334 334 333 333 332 332 332 332 332 332 332 333 333 333 333 333 334 334 335 335 335 334 334 334 335 336 336 336 336 336 336 336 336 336 336 336 336 336 337 337 337 337 337 337 337 336 337 337 338 338 338 338 338 338 339 339 339 339 339 338 339 339 339 339 339 339 339 338 337 338 338 337 337 338 339 339 338 337 337 338 339 338 338 338 339 340 340 340 340 340 341 341 340 340 340 339 340 339 338 338 339 339 339 339 340 340 340 341 341 340 340 340 340 340 340 340 339 339 339 339 339 339 339 339 339 338 338 338 338 338 338 338 338 338 338 339 339 339 339 339 339 340 339 339 339 339 340 341 340 340 340 340 340 341 342 342 342 342 343 343 343 343 343 342 341 341 341 341 341 341 341 340 340 340 341 341 341 340 340 340 340 340 340 340 340 340 340 340 340 340 340 340 340 340 340 339 339 339 339 339 339 339 339 339 339 339 340 339 339 340 339 340 339 339 340 340 340 339 339 339 339 339 339 340 341 341 341 341 340 340 339 339 339 339 339 339 339 339 339 339 339 339 339 339 339 339 339 339 338 338 338 338 338 338 338 338 338 338 338 338 338 338 338 338 338 338 338 338 338 338 338 338 338 338 338 338 338 338 338 338 338 338 338 338 338 338 338 338 338 338 337 337 337 337 337 336 336 336 336 336 336 336 336 336 335 335 335 335 335 335 335 335 334 334 335 334 334 334 334 334 334 334 334 334 334 334 334 334 334 334 334 333 333 333 333 333 333 333 333 333 332 331 331 331 330 331 331 331 331 331 331 331 331 332 331 331 331 331 331 331 331 331 331 331 331 331 331 332 332 332 332 332 333 NA NA NA NA NA NA NA NA NA NA NA NA NA NA NA NA NA NA NA NA NA NA NA NA NA NA NA NA NA NA NA NA NA NA NA NA NA NA NA NA NA NA
NA NA NA NA NA NA NA NA NA NA NA NA NA NA NA NA NA NA NA NA NA NA NA NA NA NA NA NA NA NA NA NA NA NA NA NA NA NA NA NA NA NA NA NA NA NA NA NA NA NA NA NA NA NA NA NA NA NA NA NA NA NA NA NA NA 333 NA NA 333 333 333 333 334 334 334 334 334 335 335 335 335 335 335 335 335 335 335 335 335 335 334 334 333 333 332 332 332 331 332 333 333 333 333 334 334 334 334 335 334 334 334 334 335 336 336 337 337 337 337 337 337 337 337 336 336 336 336 336 336 337 337 337 337 337 337 337 337 338 338 338 338 339 339 339 339 339 339 338 339 339 339 339 340 340 339 338 338 337 338 338 338 338 339 339 339 338 337 338 339 338 338 338 339 340 340 340 341 340 340 340 340 340 339 339 339 339 339 339 338 339 340 340 341 340 340 341 341 341 341 341 341 340 340 339 339 339 339 339 339 339 339 338 338 338 338 339 339 339 339 338 338 338 338 339 338 338 339 339 339 340 339 339 339 340 341 341 341 340 340 340 340 340 342 342 342 343 343 343 343 343 343 342 342 341 341 341 341 341 340 340 340 340 341 341 341 341 340 340 340 340 340 340 340 340 340 340 340 340 340 340 340 339 339 339 339 339 339 339 339 339 339 339 339 340 340 339 340 340 339 340 340 339 339 340 341 340 340 339 339 339 340 341 342 341 341 340 340 339 340 339 340 340 339 339 339 339 339 339 339 339 339 339 339 339 339 339 339 339 339 338 339 339 338 338 338 338 338 338 338 338 338 338 338 338 338 338 338 338 338 338 338 338 338 338 338 338 338 338 338 338 338 338 338 338 338 338 338 338 338 338 337 337 337 337 336 336 336 336 336 336 336 336 335 335 335 335 334 334 334 334 334 334 334 334 334 334 334 334 334 334 334 334 334 334 334 334 334 334 333 333 333 333 333 333 333 333 333 333 332 332 331 331 331 331 331 330 330 331 331 331 331 331 332 331 331 331 331 331 331 331 331 331 331 331 331 331 331 331 331 332 332 333 NA NA NA NA NA NA NA NA NA NA NA NA NA NA NA NA NA NA NA NA NA NA NA NA NA NA NA NA NA NA NA NA NA NA NA NA NA NA NA NA NA
NA NA NA NA NA NA NA NA NA NA NA NA NA NA NA NA NA NA NA NA NA NA NA NA NA NA NA NA NA NA NA NA NA NA NA NA NA NA NA NA NA NA NA NA NA NA NA NA NA NA NA NA NA NA NA NA NA NA NA NA NA NA NA NA NA NA NA NA NA 334 334 334 334 334 334 334 335 335 335 335 335 335 335 335 335 335 335 335 335 334 334 334 334 333 333 332 332 332 331 332 333 333 333 333 333 333 334 335 335 334 334 334 335 336 336 337 337 337 337 337 338 338 337 337 337 337 337 336 336 336 337 337 337 337 338 337 338 338 338 338 338 338 338 339 339 339 339 339 339 339 339 339 339 339 339 338 338 338 338 338 338 338 338 339 339 338 338 338 339 339 338 339 339 340 340 340 340 340 340 339 340 339 339 340 340 339 340 340 339 339 339 341 341 341 341 341 340 340 340 340 341 340 339 339 339 339 339 339 339 339 339 338 339 339 338 338 338 338 338 338 338 338 338 338 338 338 338 338 338 338 339 339 340 340 341 341 341 340 341 341 341 341 342 342 342 342 343 343 343 343 343 342 341 341 341 341 341 341 341 341 341 340 340 341 341 341 341 341 340 340 340 340 340 340 340 340 340 340 340 340 340 340 340 340 340 340 340 340 340 340 340 339 339 340 340 340 340 340 340 340 340 340 340 341 341 341 341 340 340 340 341 342 342 341 341 340 341 340 341 340 340 340 339 339 340 340 339 339 339 339 339 339 339 339 339 339 339 339 339 339 339 339 339 339 339 339 338 338 338 338 338 338 338 338 338 338 338 339 338 338 338 338 338 338 338 338 338 339 338 338 338 338 338 338 338 339 338 338 338 338 338 337 337 337 337 336 336 336 336 336 336 336 335 335 335 335 335 334 334 334 334 334 334 334 334 334 334 334 334 335 335 334 334 334 334 334 334 334 333 333 334 334 333 333 333 333 333 332 332 332 332 332 331 331 331 330 330 330 330 331 331 330 331 331 331 331 331 332 332 332 331 331 331 331 331 331 332 332 332 333 333 334 NA NA NA NA NA NA NA NA NA NA NA NA NA NA NA NA NA NA NA NA NA NA NA NA NA NA NA NA NA NA NA NA NA NA NA NA NA NA NA NA NA
NA NA NA NA NA NA NA NA NA NA NA NA NA NA NA NA NA NA NA NA NA NA NA NA NA NA NA NA NA NA NA NA NA NA NA NA NA NA NA NA NA NA NA NA NA NA NA NA NA NA NA NA NA NA NA NA NA NA NA NA NA NA NA NA NA NA NA NA NA NA NA 334 334 334 335 335 334 335 335 335 335 335 335 335 335 335 335 335 334 334 334 333 333 334 333 333 333 332 332 332 332 332 333 333 333 333 334 334 334 334 334 334 335 335 336 337 337 337 337 337 337 337 337 337 337 337 337 337 337 337 337 337 337 337 337 338 338 338 339 339 338 338 339 339 339 339 339 339 339 339 340 340 340 340 339 339 339 338 338 338 338 338 339 339 339 338 338 339 340 339 338 338 339 339 340 339 340 340 340 340 340 339 340 341 340 340 341 340 339 340 340 341 341 341 341 341 341 341 340 341 341 341 340 339 339 339 339 339 340 340 339 339 339 338 338 338 338 338 338 338 338 338 338 338 338 339 338 339 339 339 339 339 339 340 340 340 340 340 340 341 341 341 342 343 343 343 343 343 343 343 343 343 342 342 341 341 341 341 341 341 341 340 340 341 341 341 341 341 341 341 340 340 340 340 340 340 340 340 340 340 340 339 340 340 340 340 340 340 340 340 340 339 339 340 340 340 340 340 340 341 341 341 341 341 341 342 341 341 341 341 341 342 342 342 342 342 341 340 341 341 341 340 340 340 340 340 340 339 339 339 339 339 339 339 340 339 340 340 340 340 340 339 339 339 339 339 339 339 339 339 339 339 338 338 338 338 339 339 338 338 338 338 339 339 338 339 338 338 338 338 338 338 338 338 338 338 338 338 338 338 338 338 337 337 337 337 336 336 336 336 336 336 335 335 335 335 334 334 334 334 334 334 334 334 334 334 334 334 335 335 335 335 335 334 334 334 334 334 333 334 334 334 334 333 333 333 332 332 332 332 332 332 331 331 332 331 331 330 330 330 330 330 331 332 331 331 331 331 331 331 331 332 332 331 331 331 332 332 333 333 333 333 334 NA NA NA NA NA NA NA NA NA NA NA NA NA NA NA NA NA NA NA NA NA NA NA NA NA NA NA NA NA NA NA NA NA NA NA NA NA NA NA NA
NA NA NA NA NA NA NA NA NA NA NA NA NA NA NA NA NA NA NA NA NA NA NA NA NA NA NA NA NA NA NA NA NA NA NA NA NA NA NA NA NA NA NA NA NA NA NA NA NA NA NA NA NA NA NA NA NA NA NA NA NA NA NA NA NA NA NA NA NA NA NA NA NA NA NA NA 335 335 335 335 335 335 335 335 335 335 335 335 334 333 333 333 333 334 334 334 333 333 332 332 332 332 332 333 333 334 334 334 334 334 334 335 336 336 337 337 336 337 337 337 338 338 337 337 337 337 337 337 337 337 337 337 337 337 337 338 338 338 338 338 339 339 339 339 339 339 339 340 339 339 339 340 340 340 340 339 338 338 338 338 338 339 339 339 338 338 338 338 339 339 339 339 339 340 340 340 339 340 340 340 340 340 341 341 340 340 341 340 340 339 340 341 341 341 341 341 341 341 340 341 341 340 339 339 339 338 339 339 339 339 339 340 339 339 338 338 338 338 338 338 338 338 338 338 339 339 339 340 340 340 339 339 339 339 339 339 340 340 340 341 341 342 343 343 343 343 343 343 343 343 343 343 343 342 341 341 341 341 341 341 341 341 341 341 341 341 341 341 341 341 341 340 340 340 340 340 340 340 340 340 340 339 339 340 340 340 340 340 340 340 340 340 340 340 340 341 341 341 341 341 341 341 341 341 341 341 341 341 341 341 342 341 341 341 342 342 342 342 342 342 341 340 340 340 340 340 340 339 339 339 339 339 340 339 340 340 340 341 340 340 340 340 339 339 339 340 340 340 339 339 339 339 338 338 338 339 339 339 339 339 338 338 338 339 339 339 338 338 338 338 338 338 338 338 338 338 338 338 338 338 338 338 338 338 338 337 337 337 337 337 336 336 336 335 335 335 335 335 335 334 334 334 334 334 334 334 334 334 334 334 335 335 334 334 334 334 334 334 334 334 334 334 334 333 333 333 333 332 332 332 331 331 331 331 332 332 331 331 331 330 330 330 331 331 332 332 332 331 331 332 331 331 332 332 331 332 332 333 333 332 332 332 333 334 334 333 333 333 332 333 333 NA NA NA NA NA NA NA NA NA NA NA NA NA NA NA NA NA NA NA NA NA NA NA NA NA NA NA NA NA NA NA NA
NA NA NA NA NA NA NA NA NA NA NA NA NA NA NA NA NA NA NA NA NA NA NA NA NA NA NA NA NA NA NA NA NA NA NA NA NA NA NA NA NA NA NA NA NA NA NA NA NA NA NA NA NA NA NA NA NA NA NA NA NA NA NA NA NA NA NA NA NA NA NA NA NA NA NA NA 335 335 335 335 335 335 335 335 335 335 335 335 334 333 333 332 332 333 334 334 333 332 332 333 333 333 333 333 333 334 334 334 334 334 335 336 337 337 337 337 337 336 337 337 338 338 338 338 338 338 338 338 338 338 337 337 337 337 337 338 338 338 338 338 339 339 339 339 339 339 339 339 340 340 340 340 340 340 340 339 340 339 338 338 338 338 339 339 339 338 339 339 339 340 340 339 339 340 340 340 340 340 340 340 340 340 341 340 340 341 341 341 340 340 340 340 340 341 341 341 341 341 340 341 341 340 340 339 339 339 338 339 339 339 339 339 339 339 338 338 338 338 338 338 338 338 338 339 339 340 340 341 340 339 339 339 339 340 340 340 340 340 340 341 341 342 344 343 343 344 344 343 343 343 343 343 343 342 341 341 341 342 342 342 342 341 341 341 341 341 340 341 341 341 341 341 340 340 340 340 340 341 340 340 340 339 339 340 340 340 340 341 341 341 341 340 340 341 341 341 341 341 341 341 341 341 341 341 341 341 340 341 341 342 341 341 341 341 341 341 341 342 342 342 341 341 340 340 340 340 340 340 340 339 339 340 340 340 340 341 340 340 340 340 340 340 340 340 340 340 340 340 339 339 339 339 338 338 338 339 339 339 339 339 339 338 338 338 338 338 338 338 338 338 338 338 338 338 338 338 338 338 338 338 338 338 338 337 337 337 337 336 336 337 337 336 336 336 335 336 336 335 335 334 334 335 335 334 334 334 334 334 334 334 334 334 334 334 334 334 334 334 334 333 333 333 333 334 334 334 333 333 333 333 332 331 331 331 331 332 332 331 332 332 331 331 331 331 331 331 332 332 332 332 332 331 331 332 332 332 332 333 332 332 331 331 331 332 333 333 332 331 331 332 331 332 332 NA NA NA NA NA NA NA NA NA NA NA NA NA NA NA NA NA NA NA NA NA NA NA NA NA NA NA NA NA NA
NA NA NA NA NA NA NA NA NA NA NA NA NA NA NA NA NA NA NA NA NA NA NA NA NA NA NA NA NA NA NA NA NA NA NA NA NA NA NA NA NA NA NA NA NA NA NA NA NA NA NA NA NA NA NA NA NA NA NA NA NA NA NA NA NA NA NA NA NA NA NA NA NA NA NA NA 335 335 335 335 335 335 335 335 335 335 335 335 335 334 333 333 332 332 332 333 332 332 333 333 334 334 334 334 333 333 333 333 334 335 335 336 336 337 337 337 337 336 337 338 338 338 338 338 338 338 338 338 338 338 338 337 338 338 338 338 338 338 339 339 339 339 339 339 339 340 339 339 340 340 339 340 340 340 340 340 340 339 338 338 338 339 339 339 339 338 339 339 339 339 340 340 340 341 341 340 340 340 340 340 340 341 341 340 340 340 341 341 340 340 341 340 341 341 341 341 341 341 340 340 340 339 339 339 339 339 339 338 339 339 339 339 339 339 339 339 339 339 338 338 338 338 338 339 339 339 340 341 340 339 339 340 340 340 341 341 340 341 341 340 341 341 344 344 344 344 343 343 343 343 343 344 343 342 342 341 342 342 342 342 341 341 341 341 342 341 341 341 340 341 341 341 341 340 340 340 340 340 340 340 340 340 339 340 340 340 340 340 341 341 341 341 341 341 341 341 341 341 341 341 341 341 341 341 341 340 341 341 341 342 341 341 341 341 341 341 341 341 341 341 341 341 341 341 341 341 341 340 340 340 339 340 340 340 341 341 340 340 340 340 340 340 340 339 339 339 339 339 339 339 339 339 339 339 339 339 339 339 339 339 339 339 339 339 339 339 339 338 338 338 338 338 338 338 338 338 338 338 338 338 337 338 338 337 337 337 337 336 336 336 336 336 336 336 336 336 336 336 335 335 335 335 335 334 334 334 334 334 334 334 334 334 334 334 334 334 333 333 333 333 333 333 333 333 333 333 333 333 333 333 333 332 332 331 331 332 332 331 332 332 332 332 332 331 331 331 331 331 332 331 332 332 332 332 333 334 333 332 331 331 331 331 331 331 332 332 332 331 330 330 331 331 331 332 NA NA NA NA NA NA NA NA NA NA NA NA NA NA NA NA NA NA NA NA NA NA NA NA NA NA NA NA NA
NA NA NA NA NA NA NA NA NA NA NA NA NA NA NA NA NA NA NA NA NA NA NA NA NA NA NA NA NA NA NA NA NA NA NA NA NA NA NA NA NA NA NA NA NA NA NA NA NA NA NA NA NA NA NA NA NA NA NA NA NA NA NA NA NA NA NA NA NA NA NA NA NA NA NA NA NA 335 335 335 335 335 335 335 335 335 335 334 334 333 333 332 333 333 333 333 333 333 333 333 334 334 334 334 334 334 334 334 334 334 335 335 335 336 337 337 337 337 337 338 338 337 338 338 338 338 338 338 338 338 338 338 338 339 338 338 338 338 339 339 339 339 339 339 339 339 339 339 339 339 339 339 340 340 340 340 340 339 338 338 338 338 339 339 339 339 339 339 339 339 340 341 340 341 341 341 340 340 341 340 341 341 341 340 340 340 341 340 340 340 340 341 341 341 341 341 341 341 340 340 339 339 339 339 339 339 339 339 338 339 339 339 339 339 339 339 339 339 339 338 338 338 338 339 340 340 340 341 340 340 339 340 341 341 342 341 341 341 341 341 341 342 344 344 344 344 343 343 343 344 344 344 343 343 342 342 341 341 341 341 341 341 342 341 342 342 341 341 341 341 340 341 341 341 341 341 340 340 340 340 340 340 340 340 340 340 340 341 341 341 341 341 341 341 341 341 342 341 341 341 341 341 341 340 341 340 341 341 341 341 341 341 340 341 341 341 341 341 341 341 341 341 341 341 341 341 341 341 341 341 340 340 340 340 341 340 340 340 340 340 340 340 340 340 339 339 339 339 339 339 339 339 339 339 339 339 339 339 339 339 339 339 339 339 339 339 339 338 339 338 338 338 339 338 338 338 338 338 338 337 337 337 337 337 337 337 337 337 337 337 337 337 337 336 336 336 336 336 335 336 336 336 336 335 335 335 335 335 334 334 334 334 334 334 334 334 333 333 334 333 334 334 333 333 333 333 333 333 333 333 333 333 332 331 331 331 332 332 332 332 332 332 332 332 331 331 331 331 332 332 333 333 333 333 333 333 333 333 332 331 330 330 330 331 332 331 331 332 331 330 330 331 331 332 333 NA NA NA NA NA NA NA NA NA NA NA NA NA NA NA NA NA NA NA NA NA NA NA NA NA NA NA NA
NA NA NA NA NA NA NA NA NA NA NA NA NA NA NA NA NA NA NA NA NA NA NA NA NA NA NA NA NA NA NA NA NA NA NA NA NA NA NA NA NA NA NA NA NA NA NA NA NA NA NA NA NA NA NA NA NA NA NA NA NA NA NA NA NA NA NA NA NA NA NA NA NA NA NA NA NA 335 335 335 335 336 336 336 335 335 334 333 333 332 333 334 334 333 333 333 333 333 333 333 333 334 334 334 334 335 335 335 335 335 335 336 335 335 336 337 337 336 337 337 337 337 337 338 338 338 338 338 338 338 338 338 338 339 339 338 338 338 338 339 339 339 339 339 339 340 340 340 340 340 340 340 340 340 340 340 340 340 338 338 339 339 339 339 339 340 339 340 340 340 341 341 341 341 341 341 340 341 341 340 341 341 341 341 340 340 341 341 340 340 340 341 341 341 342 341 341 340 340 339 339 339 339 339 340 340 340 339 339 338 339 339 339 339 339 339 339 339 338 338 338 339 339 339 339 339 340 341 340 340 341 340 341 341 342 342 342 342 342 342 341 342 344 344 344 344 344 344 343 344 344 343 343 342 342 342 342 342 342 342 341 341 342 341 342 341 341 341 341 341 341 340 341 341 341 341 341 341 341 340 340 340 340 340 340 340 340 341 340 341 341 341 341 341 341 341 342 341 341 341 340 341 341 340 341 340 340 341 341 341 341 341 341 341 341 341 341 341 341 341 341 340 341 341 341 341 341 341 341 341 341 340 340 340 340 340 340 340 340 340 340 340 340 339 339 339 339 339 339 339 339 339 339 339 339 339 339 339 339 339 339 339 339 339 339 339 339 339 339 339 339 339 339 338 338 338 338 338 338 338 338 338 338 337 337 337 337 337 337 337 337 337 337 337 337 336 336 336 336 336 336 337 336 336 336 336 336 335 335 334 334 334 334 334 335 335 334 335 335 334 334 334 334 333 333 333 333 333 333 334 333 333 333 332 331 331 332 332 332 332 332 332 332 332 331 331 331 331 331 331 332 333 333 333 333 332 332 332 333 332 332 331 330 331 331 330 331 331 331 330 330 330 331 331 331 332 NA NA NA NA NA NA NA NA NA NA NA NA NA NA NA NA NA NA NA NA NA NA NA NA NA NA NA
NA NA NA NA NA NA NA NA NA NA NA NA NA NA NA NA NA NA NA NA NA NA NA NA NA NA NA NA NA NA NA NA NA NA NA NA NA NA NA NA NA NA NA NA NA NA NA NA NA NA NA NA NA NA NA NA NA NA NA NA NA NA NA NA NA NA NA NA NA NA NA NA NA NA NA NA NA NA 335 335 336 336 336 336 335 334 333 333 333 333 333 334 334 334 334 334 333 333 333 333 333 333 333 333 334 334 334 335 336 336 336 337 337 335 336 337 337 336 336 336 337 337 337 338 338 338 338 338 338 338 338 338 339 339 339 339 338 339 339 338 339 339 339 339 339 339 340 340 340 340 340 340 340 340 340 340 340 340 339 338 339 340 340 339 339 340 340 340 340 341 341 341 341 341 342 341 341 341 341 341 341 341 340 340 341 341 341 340 340 340 340 341 342 342 342 341 341 340 340 340 339 339 339 339 340 341 340 339 339 339 338 339 339 339 339 339 339 339 339 338 338 338 338 339 339 339 340 340 341 341 341 341 342 342 342 343 343 343 343 343 342 342 344 344 345 344 344 344 343 344 344 343 342 342 342 342 342 342 342 341 341 342 342 342 342 341 341 341 341 341 341 341 340 341 340 340 340 340 340 340 340 340 340 339 340 340 340 340 340 340 340 341 341 341 341 341 341 341 341 341 341 340 341 341 341 341 341 341 341 341 341 341 341 341 341 341 341 341 341 341 341 341 340 341 341 341 340 340 340 340 340 340 340 340 340 340 340 340 340 340 340 340 339 339 339 339 339 339 339 339 339 339 339 339 339 339 339 339 339 339 339 339 339 339 339 339 339 339 339 339 339 339 339 338 338 338 338 338 338 338 338 338 338 338 337 337 337 337 337 337 337 336 335 336 336 335 335 335 336 336 336 335 335 334 335 335 336 336 336 335 335 334 334 335 335 336 335 335 335 335 334 334 333 333 333 333 333 333 333 333 333 333 333 332 331 331 331 332 332 332 332 332 332 332 332 331 331 332 332 332 332 333 332 333 333 332 331 332 333 332 332 331 331 331 331 331 331 331 330 330 331 330 330 330 331 331 332 NA NA NA NA NA NA NA NA NA NA NA NA NA NA NA NA NA NA NA NA NA NA NA NA NA NA
NA NA NA NA NA NA NA NA NA NA NA NA NA NA NA NA NA NA NA NA NA NA NA NA NA NA NA NA NA NA NA NA NA NA NA NA NA NA NA NA NA NA NA NA NA NA NA NA NA NA NA NA NA NA NA NA NA NA NA NA NA NA NA NA NA NA NA NA NA NA NA NA NA NA NA NA NA NA NA 336 336 336 336 336 335 334 333 334 334 334 334 335 334 335 335 334 333 333 333 333 333 333 333 334 334 334 334 334 335 335 335 336 337 336 336 336 336 337 338 337 337 337 338 338 338 338 338 338 338 338 339 339 339 338 338 338 339 339 339 339 339 339 339 340 340 340 340 340 340 340 340 340 340 340 340 341 341 340 339 339 339 340 340 339 340 340 340 341 341 341 341 341 341 341 342 342 341 341 341 341 341 341 340 341 341 341 341 341 341 341 341 341 342 342 342 341 340 340 340 339 339 340 340 340 340 340 340 340 339 339 339 339 339 340 339 339 339 339 338 338 339 339 339 339 339 340 340 341 341 341 342 342 342 343 343 343 343 343 343 343 342 343 344 345 345 344 344 344 343 343 343 342 342 342 342 342 342 342 342 342 342 342 342 343 342 342 342 341 341 341 341 341 341 341 341 340 340 340 340 341 340 340 340 340 340 340 340 340 340 340 340 341 341 341 341 341 341 341 341 341 341 340 341 341 341 341 341 341 341 341 341 341 341 341 341 341 341 341 341 341 341 341 341 340 341 341 340 340 340 340 340 340 340 340 340 340 341 340 340 340 340 340 340 340 340 340 340 340 340 339 339 339 339 339 339 339 339 340 340 340 339 339 339 339 339 339 339 339 339 339 339 339 338 338 338 338 338 338 338 338 338 338 338 338 337 337 337 337 337 337 337 336 335 335 335 334 334 334 334 334 334 334 334 334 334 335 335 336 336 336 336 336 336 336 335 335 336 336 335 335 335 335 334 334 333 333 333 333 333 333 333 334 333 333 332 332 331 331 331 332 332 332 332 332 332 332 332 332 332 332 332 333 332 332 332 332 331 332 332 331 331 331 331 330 330 330 330 330 330 331 331 331 331 331 331 331 332 333 333 NA NA NA NA NA NA NA NA NA NA NA NA NA NA NA NA NA NA NA NA NA NA NA NA
NA NA NA NA NA NA NA NA NA NA NA NA NA NA NA NA NA NA NA NA NA NA NA NA NA NA NA NA NA NA NA NA NA NA NA NA NA NA NA NA NA NA NA NA NA NA NA NA NA NA NA NA NA NA NA NA NA NA NA NA NA NA NA NA NA NA NA NA NA NA NA NA NA NA NA NA NA NA NA NA 335 336 336 336 336 335 334 334 334 334 334 334 335 335 334 334 333 334 333 333 333 333 333 334 335 335 335 335 335 335 335 335 336 337 337 337 336 337 338 338 338 338 338 338 338 338 338 338 338 338 338 339 339 339 338 338 338 339 339 339 339 339 339 339 339 339 339 339 339 340 340 340 340 340 341 340 341 340 340 339 339 340 340 339 340 340 340 340 340 341 341 340 340 341 340 341 342 341 342 342 341 341 341 341 341 341 341 341 341 341 341 341 342 342 341 341 341 340 340 340 339 340 340 340 340 340 340 340 340 339 340 339 339 339 339 339 338 338 338 339 339 339 339 340 340 340 340 341 341 341 342 343 343 343 343 343 344 344 344 344 343 343 343 343 343 343 342 342 341 341 341 341 341 341 341 341 340 341 341 340 340 341 341 341 341 340 340 340 340 340 340 340 340 340 340 340 339 340 340 339 339 339 339 339 340 340 339 339 339 339 340 340 340 340 340 340 340 340 340 340 340 340 340 340 340 340 340 340 340 340 340 340 340 340 340 340 340 340 340 340 340 340 340 340 340 340 340 340 340 340 340 340 340 340 340 340 340 340 340 340 340 339 340 340 340 340 340 340 340 340 340 340 340 340 339 339 339 339 340 340 340 339 339 339 339 339 339 339 339 339 339 339 339 339 339 338 338 338 338 338 338 338 338 338 337 337 337 337 337 336 336 336 336 336 335 335 335 335 335 335 335 334 334 334 334 335 335 335 335 336 336 336 337 337 336 336 336 336 336 336 336 336 335 335 334 333 334 334 334 334 334 334 334 334 333 333 332 332 332 332 332 332 332 333 333 332 332 332 332 332 332 333 332 332 331 331 331 332 332 332 331 331 332 332 332 332 331 331 331 332 332 332 333 333 332 333 333 333 332 332 332 NA NA NA NA NA NA NA NA NA NA NA NA NA NA NA NA NA NA NA NA NA NA
NA NA NA NA NA NA NA NA NA NA NA NA NA NA NA NA NA NA NA NA NA NA NA NA NA NA NA NA NA NA NA NA NA NA NA NA NA NA NA NA NA NA NA NA NA NA NA NA NA NA NA NA NA NA NA NA NA NA NA NA NA NA NA NA NA NA NA NA NA NA NA NA NA NA NA NA NA NA NA NA NA NA NA 336 336 336 335 335 334 334 334 334 335 334 334 333 334 334 333 333 334 334 333 333 334 334 335 335 336 336 336 336 336 337 338 337 336 336 337 338 338 338 338 338 338 338 338 338 338 338 339 339 339 339 338 338 338 339 339 339 339 339 339 339 339 339 339 340 340 340 340 340 340 340 340 340 340 340 340 340 339 340 340 340 341 340 340 340 341 340 341 340 340 340 340 340 341 341 341 341 341 341 341 342 342 341 341 342 342 342 342 341 341 341 341 341 341 340 340 340 340 340 340 340 340 340 340 340 340 340 340 339 339 339 338 338 338 338 339 339 339 339 339 340 340 340 340 340 340 340 342 343 343 343 343 343 344 344 344 344 344 344 344 343 343 343 342 342 342 342 341 341 341 341 342 341 341 341 341 341 340 340 340 340 340 340 339 339 340 340 340 340 340 340 340 340 340 340 339 339 339 340 340 340 340 340 339 339 339 339 340 340 340 340 340 340 340 340 340 340 340 340 340 340 340 340 340 340 340 340 340 340 340 340 340 340 340 340 340 340 340 340 340 340 340 340 340 340 340 340 340 340 340 340 340 340 340 340 340 340 340 340 340 340 340 340 340 340 340 340 340 340 340 340 340 339 339 339 340 340 340 340 340 339 339 339 339 339 339 339 339 339 339 339 339 338 338 338 338 338 338 338 337 337 337 337 337 337 336 337 337 337 337 337 336 335 335 335 336 337 336 335 334 335 335 334 335 335 335 335 335 335 336 336 336 336 336 335 336 336 336 335 335 334 334 334 334 334 334 334 334 333 333 334 333 333 333 332 332 332 332 332 332 333 332 332 332 332 332 332 332 333 333 332 332 332 331 331 331 331 331 331 331 331 332 333 332 332 332 332 333 333 333 334 333 333 333 332 332 332 332 NA NA NA NA NA NA NA NA NA NA NA NA NA NA NA NA NA NA NA NA NA NA
NA NA NA NA NA NA NA NA NA NA NA NA NA NA NA NA NA NA NA NA NA NA NA NA NA NA NA NA NA NA NA NA NA NA NA NA NA NA NA NA NA NA NA NA NA NA NA NA NA NA NA NA NA NA NA NA NA NA NA NA NA NA NA NA NA NA NA NA NA NA NA NA NA NA NA NA NA NA NA NA NA NA NA NA NA NA 336 335 334 335 335 334 335 334 334 334 334 334 334 334 334 335 334 333 333 333 334 334 335 335 336 336 337 337 338 337 337 337 336 336 337 337 338 338 338 338 338 338 338 339 339 339 339 339 339 339 339 339 339 339 339 339 339 339 339 340 340 340 340 340 340 340 340 340 340 340 340 340 340 340 340 340 340 340 340 341 341 340 340 340 340 339 340 339 339 340 341 341 342 342 341 341 342 342 342 341 342 342 343 342 341 341 341 341 341 341 341 341 341 340 340 340 340 340 340 339 339 339 339 340 340 339 339 339 339 338 339 339 339 339 339 339 340 340 340 340 340 340 340 340 341 342 343 343 343 343 343 344 344 344 344 344 344 343 342 342 342 342 342 342 341 341 341 342 342 342 341 341 342 341 340 340 341 340 340 341 340 340 340 339 340 340 340 340 341 340 339 339 340 339 339 340 340 340 340 340 339 339 340 340 340 340 340 340 340 340 340 340 340 340 340 340 340 340 340 340 340 340 340 340 340 340 340 340 340 340 340 340 340 340 340 340 340 340 340 340 340 340 340 340 340 340 340 340 340 340 340 340 340 340 340 340 340 340 340 340 340 340 340 340 340 340 340 340 340 339 339 339 340 340 340 340 340 340 339 339 339 339 339 339 339 339 339 339 338 338 338 338 338 338 338 338 338 337 337 337 337 337 336 337 337 337 337 337 336 336 336 335 336 336 336 335 335 335 335 334 334 335 335 335 335 335 335 336 335 335 335 335 335 335 335 335 335 334 334 334 334 334 334 334 333 333 333 333 333 333 333 333 332 332 332 332 332 332 333 332 332 332 332 332 332 332 332 332 332 332 332 331 331 331 331 332 332 332 332 333 333 333 333 333 333 333 332 332 333 332 332 331 332 333 333 333 NA NA NA NA NA NA NA NA NA NA NA NA NA NA NA NA NA NA NA NA NA
NA NA NA NA NA NA NA NA NA NA NA NA NA NA NA NA NA NA NA NA NA NA NA NA NA NA NA NA NA NA NA NA NA NA NA NA NA NA NA NA NA NA NA NA NA NA NA NA NA NA NA NA NA NA NA NA NA NA NA NA NA NA NA NA NA NA NA NA NA NA NA NA NA NA NA NA NA NA NA NA NA NA NA NA NA NA NA 336 335 335 334 335 335 334 334 334 334 334 334 335 335 334 334 334 334 333 333 333 334 334 335 336 337 338 338 338 338 338 337 337 337 338 338 338 338 338 338 339 339 339 339 339 339 339 339 339 339 339 339 339 339 339 339 339 339 339 340 340 340 340 340 340 340 340 340 340 341 340 340 341 340 340 340 340 341 340 340 341 341 340 340 340 340 339 340 340 340 341 341 342 341 342 342 342 342 342 342 342 343 342 341 341 340 340 340 341 341 341 341 341 340 340 339 339 339 339 339 339 339 340 339 339 339 339 339 339 339 339 339 339 339 340 340 340 340 340 340 340 340 340 341 342 343 343 344 344 344 344 344 344 344 344 343 343 342 342 342 342 342 342 341 341 342 342 343 342 341 342 342 341 341 341 341 341 341 341 340 340 340 339 340 340 340 340 341 340 340 339 340 339 340 340 340 340 340 339 339 339 340 340 340 340 340 340 340 340 340 340 340 340 340 340 340 340 340 340 340 340 340 340 340 340 340 340 340 340 340 340 340 340 340 340 340 340 340 340 340 340 340 340 340 340 340 340 340 340 340 340 340 340 340 340 340 340 340 340 340 340 340 340 340 340 340 340 340 340 340 340 340 340 340 340 340 339 339 339 339 339 339 339 339 339 339 339 339 338 338 338 338 338 338 338 338 337 337 337 337 337 337 337 337 337 337 337 337 337 337 336 336 336 336 336 335 335 334 334 334 334 335 335 335 335 336 335 335 335 335 335 335 335 335 335 335 335 334 334 334 334 334 333 333 333 333 333 333 333 333 333 333 333 332 332 331 331 332 332 332 332 332 332 332 331 332 331 332 331 331 331 331 332 332 331 332 333 333 332 332 333 333 333 333 333 332 332 332 331 331 332 333 333 333 333 333 NA NA NA NA NA NA NA NA NA NA NA NA NA NA NA NA NA NA NA NA
NA NA NA NA NA NA NA NA NA NA NA NA NA NA NA NA NA NA NA NA NA NA NA NA NA NA NA NA NA NA NA NA NA NA NA NA NA NA NA NA NA NA NA NA NA NA NA NA NA NA NA NA NA NA NA NA NA NA NA NA NA NA NA NA NA NA NA NA NA NA NA NA NA NA NA NA NA NA NA NA NA NA NA NA NA NA 336 336 336 335 335 335 335 334 334 334 334 334 335 335 335 334 335 335 335 334 334 333 334 334 335 336 337 338 338 338 339 338 338 337 338 338 338 338 339 338 339 339 338 338 339 339 339 339 339 339 339 339 339 339 339 339 339 340 339 339 340 340 340 340 340 340 340 340 340 340 340 340 340 340 340 340 340 340 340 340 341 341 341 340 339 339 339 340 340 340 340 340 341 341 342 342 342 343 343 342 342 342 343 342 342 341 340 340 340 341 341 341 341 340 340 340 339 339 339 339 339 339 339 339 339 339 339 340 340 339 339 340 340 340 340 340 340 340 340 340 340 340 340 341 342 342 343 343 343 343 344 344 344 344 344 345 344 344 343 342 342 342 342 342 342 342 342 342 342 342 341 341 341 341 342 341 341 342 341 341 341 340 340 340 340 340 340 340 341 341 340 340 340 340 340 340 340 340 340 340 340 340 340 340 340 340 340 340 340 340 340 340 340 340 340 340 340 340 340 340 340 340 340 340 340 340 340 340 340 340 340 340 340 340 340 340 340 340 340 340 340 340 340 340 340 340 340 340 340 340 340 340 340 340 340 340 340 340 340 340 340 340 340 340 340 340 340 340 340 340 340 340 340 340 340 340 340 340 339 339 339 339 339 339 339 339 339 339 339 339 338 338 338 338 338 338 337 337 337 337 337 337 336 337 337 336 337 337 337 337 337 337 336 336 336 336 336 335 335 335 334 334 334 335 335 335 335 335 335 336 336 335 335 335 336 336 335 335 335 334 334 333 334 334 333 333 333 333 333 334 333 333 333 333 333 332 332 331 332 332 332 332 332 332 332 331 331 331 331 331 332 332 332 332 332 332 332 333 333 332 331 332 332 333 333 333 332 332 331 332 332 332 333 333 333 332 332 NA NA NA NA NA NA NA NA NA NA NA NA NA NA NA NA NA NA NA NA
NA NA NA NA NA NA NA NA NA NA NA NA NA NA NA NA NA NA NA NA NA NA NA NA NA NA NA NA NA NA NA NA NA NA NA NA NA NA NA NA NA NA NA NA NA NA NA NA NA NA NA NA NA NA NA NA NA NA NA NA NA NA NA NA NA NA NA NA NA NA NA NA NA NA NA NA NA NA NA NA NA NA NA NA NA 336 336 336 336 336 335 335 335 334 335 335 335 335 336 335 335 335 336 335 335 335 335 334 334 335 336 336 337 338 338 338 339 339 339 338 339 339 338 338 338 338 338 338 338 338 338 339 339 339 339 339 339 339 339 339 339 339 340 340 340 340 340 340 340 340 340 340 340 340 340 340 340 340 340 340 340 340 340 340 340 340 341 341 341 341 340 339 340 340 341 341 340 340 341 341 342 342 342 342 342 342 342 342 342 341 341 340 340 340 340 340 341 341 341 340 340 340 340 340 340 339 339 339 339 339 339 339 339 339 339 339 339 339 339 340 340 340 340 340 340 340 340 341 341 341 342 342 342 343 343 343 344 344 344 344 345 345 344 343 343 343 342 342 342 342 342 342 342 342 341 342 342 341 341 341 341 341 341 341 341 341 341 341 340 340 340 341 340 340 340 341 341 341 340 340 341 341 341 341 341 340 340 340 340 340 341 341 340 340 340 341 340 340 340 340 340 340 340 340 340 340 340 340 340 340 340 340 340 340 340 340 340 340 340 340 340 340 340 340 340 340 340 340 340 340 340 341 340 340 340 340 340 340 340 340 340 340 340 340 340 340 340 340 340 340 340 340 340 340 340 340 340 340 340 340 340 340 340 340 339 339 339 339 339 339 339 339 339 339 339 339 339 339 338 338 338 338 338 338 337 337 337 337 336 336 337 337 337 337 337 337 337 337 337 336 336 337 336 336 336 335 335 335 334 334 335 335 335 335 335 335 335 335 335 335 335 335 335 335 335 334 334 334 333 333 333 333 333 333 333 333 333 333 333 333 333 333 332 332 331 332 332 332 332 332 331 331 331 331 332 331 331 331 332 331 332 332 333 333 332 331 331 332 333 333 333 333 332 331 331 332 332 332 333 332 332 331 331 NA NA NA NA NA NA NA NA NA NA NA NA NA NA NA NA NA NA NA NA
NA NA NA NA NA NA NA NA NA NA NA NA NA NA NA NA NA NA NA NA NA NA NA NA NA NA NA NA NA NA NA NA NA NA NA NA NA NA NA NA NA NA NA NA NA NA NA NA NA NA NA NA NA NA NA NA NA NA NA NA NA NA NA NA NA NA NA NA NA NA NA NA NA NA NA NA NA NA NA NA NA NA NA NA NA 337 336 336 336 336 336 335 335 335 335 336 336 336 335 335 336 336 336 336 336 335 335 334 334 335 335 336 337 337 338 338 338 339 339 339 339 339 339 339 338 338 338 338 338 339 339 339 339 339 339 339 339 339 339 339 339 340 340 340 340 340 340 340 340 340 340 340 340 340 340 340 340 340 340 340 340 340 340 341 340 340 341 341 341 340 339 339 340 340 340 341 341 340 340 340 341 342 342 342 342 342 342 342 341 341 341 340 340 340 340 340 341 341 341 341 341 340 340 340 340 340 340 340 340 340 340 339 340 340 339 339 339 339 339 339 340 340 340 340 341 341 341 340 340 341 341 342 342 342 343 343 343 344 344 344 345 344 344 344 343 342 342 342 342 342 342 342 342 342 342 341 341 341 342 341 341 341 341 341 341 341 341 341 341 341 341 341 341 340 340 341 341 342 341 341 341 341 341 341 340 340 340 340 341 341 340 340 340 340 340 341 340 340 340 341 341 340 340 340 340 340 340 340 340 340 341 340 340 340 340 340 340 340 340 340 340 340 340 340 340 340 340 340 340 340 340 340 340 340 340 340 340 340 340 340 340 340 341 340 340 340 340 340 340 340 340 340 340 340 340 340 340 340 340 340 340 340 340 340 340 339 339 339 339 339 339 339 339 339 339 339 339 339 338 338 337 338 338 339 338 338 337 337 337 336 337 337 337 337 338 337 337 337 337 337 337 337 337 337 336 336 336 335 335 335 335 335 335 335 335 335 334 335 335 335 335 335 335 334 335 334 334 334 334 334 334 334 333 333 333 333 333 333 333 333 333 333 333 333 332 332 332 332 332 331 331 331 331 332 333 331 331 331 331 331 332 332 332 332 332 331 331 332 332 333 333 333 333 332 331 332 332 332 333 332 331 331 331 331 NA NA NA NA NA NA NA NA NA NA NA NA NA NA NA NA NA NA NA
NA NA NA NA NA NA NA NA NA NA NA NA NA NA NA NA NA NA NA NA NA NA NA NA NA NA NA NA NA NA NA NA NA NA NA NA NA NA NA NA NA NA NA NA NA NA NA NA NA NA NA NA NA NA NA NA NA NA NA NA NA NA NA NA NA NA NA NA NA NA NA NA NA NA NA NA NA NA NA NA NA NA NA NA NA NA 337 336 337 337 336 336 336 336 336 336 336 335 335 335 336 336 336 336 336 335 334 334 335 335 336 336 336 337 337 338 338 339 339 339 339 339 339 339 338 338 338 338 338 339 339 339 340 339 339 339 339 339 339 339 339 339 340 340 340 340 340 340 340 340 340 340 340 340 340 340 340 340 340 340 340 340 340 340 340 341 341 341 341 340 339 339 340 340 340 340 341 340 340 341 341 341 342 342 342 342 341 341 341 340 340 340 341 340 341 340 340 341 341 341 341 341 340 340 340 340 340 340 340 340 340 340 339 339 339 339 340 340 340 339 340 340 340 340 340 341 340 340 340 341 341 342 342 342 343 343 343 343 344 345 345 345 344 343 342 342 342 341 342 342 342 342 342 342 342 341 341 341 342 341 342 342 342 341 341 341 341 341 341 341 342 341 341 341 341 341 342 342 341 341 341 341 341 341 340 340 341 341 341 341 341 341 340 340 340 341 340 341 341 341 341 341 340 340 340 340 340 340 340 340 340 341 340 340 341 340 340 340 340 340 340 340 340 340 340 340 340 340 340 340 340 340 340 340 340 340 340 340 340 340 340 340 341 341 341 341 340 340 340 340 340 340 340 340 340 340 340 340 340 340 340 340 340 340 340 339 339 339 339 339 339 339 339 339 339 339 339 338 338 338 337 337 338 338 338 339 338 338 337 337 337 337 337 337 337 337 337 337 337 337 337 337 337 337 336 336 336 336 335 335 335 335 335 334 335 335 334 334 334 334 334 335 334 334 335 334 333 334 333 333 333 334 334 333 333 333 333 333 333 333 333 333 333 333 333 332 332 332 331 331 331 332 332 332 332 333 332 331 331 331 331 331 331 331 332 331 331 332 332 332 333 333 332 332 331 332 332 332 332 332 331 331 330 331 331 331 NA NA NA NA NA NA NA NA NA NA NA NA NA NA NA NA NA
NA NA NA NA NA NA NA NA NA NA NA NA NA NA NA NA NA NA NA NA NA NA NA NA NA NA NA NA NA NA NA NA NA NA NA NA NA NA NA NA NA NA NA NA NA NA NA NA NA NA NA NA NA NA NA NA NA NA NA NA NA NA NA NA NA NA NA NA NA NA NA NA NA NA NA NA NA NA NA NA NA NA NA NA NA NA NA 337 336 336 336 336 336 336 336 335 336 335 336 336 336 335 335 335 336 335 334 335 336 336 336 336 336 336 337 337 337 338 339 339 339 339 339 339 339 339 339 339 339 339 340 340 340 340 340 340 340 340 340 340 339 339 340 340 340 340 340 340 340 340 340 340 340 340 340 340 340 340 340 341 341 341 341 341 341 341 341 341 341 340 340 339 339 340 340 340 340 340 340 340 340 341 341 342 341 340 341 340 340 340 340 340 341 341 341 340 341 341 341 341 341 341 340 340 340 340 340 340 339 340 340 340 339 339 340 340 340 340 340 340 339 340 340 340 340 340 340 340 340 340 341 341 342 342 342 343 343 343 NA NA NA NA 344 343 342 342 342 342 342 341 341 342 342 342 341 342 342 341 341 341 341 341 341 341 341 341 341 341 341 341 342 341 342 341 341 342 342 341 341 341 341 340 340 341 340 340 340 341 341 341 341 341 340 341 341 341 341 341 341 341 341 341 341 341 341 340 340 340 341 341 340 341 341 340 341 341 340 340 340 340 340 340 340 340 340 340 340 340 340 340 340 340 340 340 340 340 340 340 340 340 340 340 341 341 341 341 341 341 341 340 340 340 340 340 340 340 340 340 340 340 340 340 340 340 340 340 339 339 339 339 339 339 339 339 339 339 339 339 339 338 338 337 337 337 338 338 338 338 338 338 337 337 337 337 337 337 337 338 337 337 337 337 337 337 336 336 336 336 336 336 335 335 335 334 334 335 334 334 334 334 334 334 334 334 334 334 334 334 333 333 333 334 334 334 333 333 333 333 333 333 333 333 333 332 332 332 332 332 332 332 331 331 331 332 332 332 332 331 331 331 331 331 331 332 331 331 331 331 331 332 332 332 332 332 331 331 332 332 332 332 331 331 330 330 331 331 NA NA NA NA NA NA NA NA NA NA NA NA NA NA NA NA NA
NA NA NA NA NA NA NA NA NA NA NA NA NA NA NA NA NA NA NA NA NA NA NA NA NA NA NA NA NA NA NA NA NA NA NA NA NA NA NA NA NA NA NA NA NA NA NA NA NA NA NA NA NA NA NA NA NA NA NA NA NA NA NA NA NA NA NA NA NA NA NA NA NA NA NA NA NA NA NA NA NA NA NA NA NA NA NA 337 337 337 337 337 337 336 336 336 336 336 336 335 334 334 334 335 335 335 335 335 335 336 336 336 336 336 336 337 337 338 338 338 339 339 339 339 339 339 339 339 339 339 340 340 340 340 340 340 340 340 340 340 339 339 339 340 340 340 340 340 340 340 340 340 340 340 340 340 340 341 341 341 341 341 341 341 341 341 341 341 341 341 340 340 339 339 340 340 341 341 340 340 341 341 341 341 341 340 340 340 340 340 340 340 340 340 340 340 341 341 341 341 341 340 340 340 340 340 340 340 340 339 340 340 339 339 340 340 340 340 340 340 340 340 340 340 340 340 340 340 340 340 341 341 341 341 342 343 343 NA NA NA NA NA NA 343 343 342 342 342 342 342 341 341 342 342 341 341 341 341 341 341 341 341 340 340 340 340 340 341 341 341 341 341 341 342 342 342 342 342 342 341 341 341 340 341 341 341 340 340 341 341 341 341 341 341 341 341 341 341 341 341 341 341 341 341 341 341 340 340 340 341 341 340 341 341 340 340 341 340 340 340 340 340 340 340 340 340 340 340 340 340 340 340 340 340 340 340 340 340 340 340 340 340 341 341 341 341 341 341 341 340 340 340 340 340 340 340 340 340 340 340 340 340 340 340 340 339 339 339 339 339 339 339 339 339 339 339 339 339 339 339 338 338 337 337 337 338 338 338 338 338 338 337 337 337 337 337 337 337 337 337 337 337 337 337 336 336 336 336 336 336 336 335 335 334 334 334 334 334 334 334 334 334 334 334 333 334 334 334 334 333 333 333 333 333 333 333 333 333 333 333 333 333 333 333 332 332 332 332 332 332 332 332 332 332 332 332 332 331 331 331 331 331 331 332 331 331 331 331 331 331 332 332 332 333 332 331 332 332 332 332 332 331 331 330 331 331 331 NA NA NA NA NA NA NA NA NA NA NA NA NA NA NA NA
NA NA NA NA NA NA NA NA NA NA NA NA NA NA NA NA NA NA NA NA NA NA NA NA NA NA NA NA NA NA NA NA NA NA NA NA NA NA NA NA NA NA NA NA NA NA NA NA NA NA NA NA NA NA NA NA NA NA NA NA NA NA NA NA NA NA NA NA NA NA NA NA NA NA NA NA NA NA NA NA NA NA NA NA NA NA NA NA 337 NA NA 337 337 337 336 337 336 336 336 335 335 334 335 335 335 336 336 335 335 336 336 336 335 337 337 337 338 338 338 338 338 339 339 340 340 339 339 339 339 339 339 340 340 340 340 340 340 340 340 340 340 340 340 340 340 340 340 340 340 341 341 340 340 340 340 340 341 341 341 341 341 341 341 341 341 341 341 341 341 341 341 340 340 339 339 340 340 340 340 341 341 341 341 341 340 340 340 340 340 340 340 340 340 340 341 340 341 341 341 341 341 340 340 340 340 340 340 340 340 340 339 339 339 340 340 340 341 340 340 340 340 340 340 340 340 340 340 340 341 341 NA NA NA 342 342 NA NA NA NA NA NA NA NA NA NA 343 342 342 342 342 342 342 342 343 342 341 341 342 342 341 341 341 341 341 341 341 341 341 341 341 341 341 341 341 342 342 342 342 341 342 341 341 341 341 340 341 341 341 341 341 341 341 341 341 341 341 341 341 341 341 341 341 341 341 341 341 341 341 340 341 341 341 340 341 341 340 341 341 341 341 340 340 341 341 341 340 340 340 340 340 340 340 340 340 340 340 340 340 340 340 340 340 341 341 341 341 341 341 341 341 340 340 340 340 340 340 340 340 340 340 340 340 340 340 340 339 339 339 339 339 339 339 339 339 339 339 339 340 339 339 338 338 337 337 338 338 338 338 337 337 338 338 338 337 337 337 337 337 337 337 337 337 336 336 336 336 336 336 336 336 335 335 335 334 334 334 334 334 334 334 334 334 334 334 334 334 334 334 333 333 333 333 333 333 333 333 333 333 333 333 333 333 333 333 332 332 332 332 332 332 332 332 333 333 333 333 332 331 332 331 331 331 331 331 331 331 331 332 331 331 330 331 332 333 332 331 332 332 332 332 332 332 331 330 331 331 332 331 NA NA NA NA NA NA NA NA NA NA NA NA NA NA NA
NA NA NA NA NA NA NA NA NA NA NA NA NA NA NA NA NA NA NA NA NA NA NA NA NA NA NA NA NA NA NA NA NA NA NA NA NA NA NA NA NA NA NA NA NA NA NA NA NA NA NA NA NA NA NA NA NA NA NA NA NA NA NA NA NA NA NA NA NA NA NA NA NA NA NA NA NA NA NA NA NA NA NA NA NA NA NA NA NA NA NA NA NA 337 337 337 337 337 336 335 334 335 335 335 335 335 336 335 335 336 335 336 336 336 337 337 337 337 338 338 338 339 339 339 339 339 339 339 339 340 340 340 340 340 340 340 340 340 340 340 340 340 340 340 340 340 340 341 341 341 341 341 340 340 340 340 341 341 341 341 341 341 341 341 341 341 341 341 341 341 341 341 340 340 339 339 340 340 340 340 341 341 341 341 340 340 340 340 340 340 340 340 341 341 341 341 341 341 341 341 341 340 340 340 340 340 340 340 340 340 340 340 340 340 340 341 341 340 340 340 340 340 339 340 340 340 340 341 341 NA NA NA NA NA NA NA NA NA NA NA NA NA NA NA NA NA 343 342 342 342 342 342 342 343 342 341 341 342 342 341 341 342 342 341 342 342 342 341 341 341 341 341 341 341 341 342 341 341 341 341 341 341 341 341 341 341 340 341 341 341 341 341 341 341 341 341 341 341 341 341 341 341 341 341 341 341 341 341 341 341 341 341 341 341 341 341 341 341 341 341 340 340 340 340 340 340 340 340 340 340 340 340 340 340 340 340 340 340 340 340 340 340 341 341 341 341 341 341 341 341 341 341 341 340 340 340 340 340 340 340 340 340 340 340 339 339 339 339 339 339 340 340 339 339 340 339 340 340 340 339 339 339 338 337 337 338 338 338 337 337 337 338 338 337 337 337 337 337 337 337 337 337 337 337 336 336 336 336 336 336 335 335 334 334 334 334 334 334 334 334 334 334 334 334 333 333 333 333 333 333 333 333 333 333 333 333 333 333 332 333 333 333 333 332 332 332 332 332 332 332 332 332 332 333 333 333 332 332 332 332 332 331 331 331 331 331 332 331 331 331 330 331 332 333 332 331 332 332 332 332 332 332 331 330 331 331 331 331 NA NA NA NA NA NA NA NA NA NA NA NA NA NA NA
NA NA NA NA NA NA NA NA NA NA NA NA NA NA NA NA NA NA NA NA NA NA NA NA NA NA NA NA NA NA NA NA NA NA NA NA NA NA NA NA NA NA NA NA NA NA NA NA NA NA NA NA NA NA NA NA NA NA NA NA NA NA NA NA NA NA NA NA NA NA NA NA NA NA NA NA NA NA NA NA NA NA NA NA NA NA NA NA NA NA NA NA NA NA NA NA 337 337 336 335 335 336 335 336 336 336 336 335 335 336 336 336 336 336 336 336 337 337 337 337 338 339 339 340 339 339 339 339 339 339 340 340 340 340 340 340 340 340 340 340 340 340 340 340 340 340 340 340 340 340 340 341 341 340 340 341 341 341 341 341 341 341 341 341 341 341 341 341 341 341 341 341 340 340 340 340 340 340 340 340 341 341 341 341 341 340 340 340 340 340 340 340 341 341 341 341 341 341 341 341 341 341 340 340 340 340 340 340 340 340 340 339 340 340 341 341 340 340 340 340 340 340 340 340 340 340 340 NA NA NA NA NA NA NA NA NA NA NA NA NA NA NA NA NA NA NA NA 343 343 342 342 341 341 342 342 341 342 342 342 342 342 342 342 342 342 342 342 341 341 342 341 340 340 341 341 341 340 341 341 341 341 341 341 341 341 341 341 341 341 341 341 341 341 341 341 341 341 341 341 341 341 340 340 340 341 341 341 341 341 341 341 341 341 341 341 341 341 340 340 340 340 340 340 340 340 340 340 340 340 340 340 340 340 340 340 340 340 340 340 340 340 340 341 341 341 341 341 341 341 341 341 341 341 341 340 340 340 340 340 340 340 340 340 340 339 339 340 340 340 340 340 340 340 340 340 340 340 340 340 339 339 338 338 338 338 338 338 338 338 338 337 338 338 338 337 337 337 337 337 337 337 337 337 336 336 336 336 336 336 337 336 335 334 334 334 334 334 334 334 334 334 334 334 334 333 333 333 333 333 333 333 333 333 333 333 332 332 332 332 332 332 332 333 333 332 332 332 332 332 332 332 332 332 332 333 333 333 333 333 333 332 332 331 331 330 330 330 331 331 331 331 332 332 333 332 331 331 331 331 332 332 331 331 330 331 331 331 331 332 332 NA NA NA NA NA NA NA NA NA NA NA NA NA
NA NA NA NA NA NA NA NA NA NA NA NA NA NA NA NA NA NA NA NA NA NA NA NA NA NA NA NA NA NA NA NA NA NA NA NA NA NA NA NA NA NA NA NA NA NA NA NA NA NA NA NA NA NA NA NA NA NA NA NA NA NA NA NA NA NA NA NA NA NA NA NA NA NA NA NA NA NA NA NA NA NA NA NA NA NA NA NA NA NA NA NA NA NA NA NA NA 337 336 335 336 336 336 336 336 336 336 335 335 335 335 335 335 335 336 336 337 337 338 339 339 338 339 339 339 339 339 339 339 339 340 340 340 340 340 340 340 340 340 340 340 340 340 340 340 340 340 340 340 340 340 341 341 341 341 341 341 341 341 341 341 341 341 341 341 341 342 341 341 341 341 341 341 340 340 340 340 340 340 340 341 341 341 341 341 341 341 341 340 340 340 340 340 341 341 341 341 341 341 341 341 341 341 341 340 340 340 340 340 340 340 340 340 340 340 341 340 340 340 341 341 341 340 340 340 NA NA NA NA NA NA NA NA NA NA NA NA NA NA NA NA NA NA NA NA NA NA NA 343 343 342 342 342 342 342 342 342 343 343 342 343 343 342 342 342 342 342 341 341 342 342 341 340 340 341 340 340 341 341 341 341 341 341 341 341 341 341 341 341 341 341 341 341 341 341 341 341 341 340 341 341 341 340 340 340 341 341 341 340 340 340 340 340 341 341 341 341 341 340 340 340 340 340 340 340 340 340 340 340 340 340 340 340 340 340 340 340 340 340 340 340 340 341 341 341 341 341 341 341 341 341 341 341 341 341 341 340 340 340 340 340 340 340 340 340 340 340 340 340 340 340 340 340 340 340 340 339 339 339 339 338 338 338 338 338 338 338 338 338 338 337 337 338 339 338 338 338 337 337 337 337 337 336 336 336 336 336 336 336 337 337 336 335 335 334 334 334 334 334 334 334 334 334 334 334 334 334 334 334 333 333 333 333 333 333 333 333 332 332 332 332 332 332 333 332 332 332 332 332 332 332 332 332 332 332 332 332 332 332 332 332 333 333 332 331 331 330 330 331 331 331 331 331 332 332 332 331 331 331 331 332 331 331 331 331 331 331 332 332 332 332 332 NA NA NA NA NA NA NA NA NA NA NA
NA NA NA NA NA NA NA NA NA NA NA NA NA NA NA NA NA NA NA NA NA NA NA NA NA NA NA NA NA NA NA NA NA NA NA NA NA NA NA NA NA NA NA NA NA NA NA NA NA NA NA NA NA NA NA NA NA NA NA NA NA NA NA NA NA NA NA NA NA NA NA NA NA NA NA NA NA NA NA NA NA NA NA NA NA NA NA NA NA NA NA NA NA NA NA NA NA NA 336 336 336 336 336 335 335 335 335 335 336 336 337 337 336 335 336 336 337 337 338 339 338 338 338 338 339 339 340 339 340 340 340 340 339 340 340 340 340 341 341 340 340 340 340 340 340 340 340 340 340 340 340 341 341 341 341 341 341 341 341 341 341 341 341 341 341 341 341 341 341 341 341 341 341 341 340 340 340 340 340 341 341 341 341 341 341 342 341 341 341 341 340 340 340 341 341 341 341 341 341 341 341 341 341 341 341 341 340 340 340 340 340 340 340 340 340 341 341 341 341 341 341 341 340 340 NA NA NA NA NA NA NA NA NA NA NA NA NA NA NA NA NA NA NA NA NA NA NA NA 342 342 342 342 342 342 342 342 342 342 343 343 343 342 342 342 342 343 342 341 342 342 342 341 341 340 340 340 340 341 341 341 341 340 341 341 341 341 341 341 341 341 341 341 341 341 341 341 341 341 341 341 341 341 341 340 340 340 340 340 340 340 340 340 341 341 341 341 341 340 340 340 340 340 340 341 340 340 341 340 340 340 340 340 340 340 340 340 340 340 340 340 340 340 341 341 341 341 341 341 341 341 341 341 341 341 341 341 341 341 340 340 340 340 340 340 340 340 340 340 340 340 340 340 340 340 340 339 339 339 339 339 339 339 338 338 338 338 338 338 338 338 338 338 338 338 339 340 339 338 338 337 337 337 337 336 336 336 336 336 336 336 337 337 336 335 335 334 334 334 335 335 334 334 334 334 334 334 334 334 334 333 333 334 334 334 334 334 334 333 333 333 333 332 332 332 332 332 333 332 332 332 332 332 332 333 333 332 332 332 332 332 332 333 333 333 333 332 332 331 330 330 330 330 331 331 332 333 333 331 331 331 332 331 331 331 331 332 332 332 331 331 332 332 332 NA NA NA NA NA NA NA NA NA NA
NA NA NA NA NA NA NA NA NA NA NA NA NA NA NA NA NA NA NA NA NA NA NA NA NA NA NA NA NA NA NA NA NA NA NA NA NA NA NA NA NA NA NA NA NA NA NA NA NA NA NA NA NA NA NA NA NA NA NA NA NA NA NA NA NA NA NA NA NA NA NA NA NA NA NA NA NA NA NA NA NA NA NA NA NA NA NA NA NA NA NA NA NA NA NA NA NA NA 337 337 336 336 336 335 335 336 335 335 336 337 338 336 336 335 336 337 338 338 338 339 338 338 338 338 338 339 339 340 340 340 340 340 340 340 340 340 341 341 340 340 340 340 340 341 340 340 340 341 341 341 341 341 341 341 341 341 341 341 341 341 341 341 341 341 341 341 341 341 341 341 342 342 341 340 340 340 340 340 340 340 340 341 341 341 342 342 342 341 341 341 341 340 341 341 341 341 341 341 341 340 341 341 341 341 341 341 340 340 340 341 341 340 340 340 NA NA NA NA NA NA NA NA NA NA NA NA NA NA NA NA NA NA NA NA NA NA NA NA NA NA NA NA NA 342 342 342 342 342 NA 343 342 342 342 342 342 342 342 343 343 343 343 343 342 342 341 342 342 341 342 342 342 342 341 341 341 341 341 340 340 340 340 340 341 341 341 342 342 341 341 341 341 341 341 341 341 341 341 341 341 341 341 341 341 341 340 340 340 341 341 341 341 341 341 341 341 341 341 341 341 341 341 340 341 341 341 341 341 341 340 340 340 340 340 340 340 340 340 340 340 340 340 340 340 341 341 341 341 341 341 341 341 341 341 341 341 341 340 340 340 340 340 340 340 340 340 340 340 340 340 340 339 339 340 340 340 339 339 339 339 339 339 339 339 339 338 338 339 339 338 338 338 338 338 338 338 339 340 340 339 338 337 337 337 337 336 336 336 336 336 337 337 338 336 336 335 334 334 334 334 335 335 334 334 334 334 334 334 334 334 334 334 334 334 334 334 335 335 335 334 334 333 333 332 332 332 332 332 333 332 332 332 332 333 332 332 333 333 333 332 332 332 332 332 332 332 332 333 332 332 331 330 330 330 330 331 332 332 332 331 331 332 331 331 332 332 332 331 331 331 332 332 332 331 332 332 331 331 331 331 NA NA NA NA
NA NA NA NA NA NA NA NA NA NA NA NA NA NA NA NA NA NA NA NA NA NA NA NA NA NA NA NA NA NA NA NA NA NA NA NA NA NA NA NA NA NA NA NA NA NA NA NA NA NA NA NA NA NA NA NA NA NA NA NA NA NA NA NA NA NA NA NA NA NA NA NA NA NA NA NA NA NA NA NA NA NA NA NA NA NA NA NA NA NA NA NA NA NA NA NA NA NA 337 337 336 337 336 336 336 335 335 335 336 337 336 336 336 335 336 337 337 337 337 338 337 337 338 338 338 338 339 340 340 340 340 340 340 341 341 341 341 341 340 340 341 341 341 341 341 341 341 341 341 341 341 341 341 341 341 341 341 341 341 341 341 341 341 341 342 342 341 341 341 342 342 342 341 341 341 341 340 340 340 340 340 340 341 341 341 341 341 340 341 341 341 341 341 341 341 341 341 341 341 341 341 341 341 341 341 341 340 340 340 340 340 341 341 340 341 NA NA NA NA NA NA NA NA NA NA NA NA NA NA NA NA NA NA NA NA NA NA NA NA NA NA NA NA NA 342 342 343 343 343 343 342 342 342 342 342 343 343 343 343 344 343 343 343 342 342 342 341 342 343 343 342 342 341 341 341 341 342 341 341 341 340 340 341 341 341 342 342 341 341 341 341 341 341 341 341 341 341 341 341 341 341 341 341 341 340 340 341 341 341 341 341 341 341 341 341 341 340 341 341 341 341 341 341 341 341 341 341 341 340 341 340 340 340 340 340 340 341 340 340 340 340 340 340 341 341 341 341 341 341 341 341 341 341 341 341 341 341 341 341 340 340 340 340 340 340 340 340 340 340 339 339 340 340 339 339 339 339 339 339 339 339 339 339 339 338 339 339 339 338 338 338 338 338 338 338 338 338 338 338 339 338 338 337 337 337 336 336 336 336 336 337 338 337 336 335 335 334 334 334 335 335 335 335 334 334 334 334 334 334 335 334 335 335 334 334 335 335 335 335 335 334 334 334 333 333 332 333 333 333 332 333 333 333 332 333 333 333 333 333 332 332 332 332 332 332 332 332 333 332 332 332 331 331 331 331 332 332 332 332 331 332 331 331 332 332 332 332 331 331 332 331 331 331 331 331 332 331 331 331 331 331 NA NA
NA NA NA NA NA NA NA NA NA NA NA NA NA NA NA NA NA NA NA NA NA NA NA NA NA NA NA NA NA NA NA NA NA NA NA NA NA NA NA NA NA NA NA NA NA NA NA NA NA NA NA NA NA NA NA NA NA NA NA NA NA NA NA NA NA NA NA NA NA NA NA NA NA NA NA NA NA NA NA NA NA NA NA NA NA NA NA NA NA NA NA NA NA NA NA NA NA NA NA NA 337 337 337 337 337 336 336 336 336 335 335 335 335 335 336 336 337 337 337 337 337 337 338 338 339 339 339 339 339 340 340 341 341 341 341 341 341 341 341 341 341 341 341 341 341 341 341 341 342 341 341 341 341 341 341 341 341 341 341 341 341 341 341 342 342 341 341 342 342 342 342 342 341 341 342 342 341 341 340 340 340 339 340 341 341 341 341 340 340 341 341 341 341 341 341 341 341 341 341 341 341 341 341 341 341 341 340 340 341 341 341 341 341 341 341 341 NA NA NA NA NA NA NA NA NA NA NA NA NA NA NA NA NA NA NA NA NA NA NA NA NA NA NA NA NA 343 343 343 343 343 343 342 342 342 342 343 343 343 344 343 343 343 343 343 343 342 342 342 342 343 342 342 342 341 341 342 342 342 341 341 340 341 341 340 341 341 341 341 341 341 341 341 341 341 341 341 341 341 341 341 341 341 341 341 340 340 340 341 341 341 341 341 341 341 341 341 341 340 341 341 341 341 341 341 341 342 341 341 341 341 340 340 340 340 340 340 341 340 341 340 340 340 341 341 341 341 341 341 341 341 341 341 341 341 341 341 341 341 340 340 340 340 340 340 340 340 340 340 340 340 340 340 340 340 339 339 339 339 339 339 339 339 339 339 338 338 339 338 339 338 338 338 338 338 338 338 338 338 338 338 339 340 339 338 337 337 336 336 336 336 337 338 338 337 335 335 334 334 334 335 335 335 335 335 334 334 334 334 334 334 335 335 335 335 336 336 335 334 335 335 334 334 334 334 334 334 333 333 333 332 332 333 333 332 333 333 333 333 333 333 333 333 332 332 332 332 332 332 332 332 332 332 331 331 331 332 332 332 332 332 331 331 331 331 332 332 332 331 331 332 331 331 331 331 331 331 331 332 332 332 332 332 332
NA NA NA NA NA NA NA NA NA NA NA NA NA NA NA NA NA NA NA NA NA NA NA NA NA NA NA NA NA NA NA NA NA NA NA NA NA NA NA NA NA NA NA NA NA NA NA NA NA NA NA NA NA NA NA NA NA NA NA NA NA NA NA NA NA NA NA NA NA NA NA NA NA NA NA NA NA NA NA NA NA NA NA NA NA NA NA NA NA NA NA NA NA NA NA NA NA NA NA NA NA NA NA NA 337 337 336 336 336 336 336 336 336 336 336 337 337 338 338 338 338 339 339 339 338 338 339 339 339 340 341 341 341 341 341 341 341 341 341 341 341 341 341 341 341 341 341 342 342 342 341 341 341 341 341 341 341 341 341 342 341 341 342 342 342 342 342 342 342 342 342 342 341 342 342 342 341 342 341 341 340 340 339 339 340 341 341 340 340 340 340 340 341 341 341 341 342 341 341 341 341 341 341 341 341 341 340 341 341 341 341 341 341 341 341 342 NA NA NA NA NA NA NA NA NA NA NA NA NA NA NA NA NA NA NA NA NA NA NA NA NA NA 342 342 342 342 342 342 343 343 343 342 342 342 342 343 343 343 343 343 342 343 343 344 343 342 342 342 343 343 343 342 341 341 341 342 342 342 342 342 341 341 341 341 341 341 341 341 341 341 341 341 341 341 341 341 341 341 341 341 341 341 341 340 340 340 340 341 341 341 341 341 341 341 341 341 341 340 340 341 341 341 341 342 342 341 341 341 341 340 340 341 340 340 341 340 341 341 341 341 341 340 340 341 341 341 341 341 341 341 341 341 341 341 341 341 341 341 341 341 341 340 340 340 340 340 340 340 340 340 340 340 340 340 340 340 340 339 339 339 339 339 339 339 339 338 338 338 338 338 338 338 338 338 338 338 338 338 338 338 338 340 341 341 339 338 337 337 336 336 337 339 339 338 336 335 335 335 334 335 335 335 336 336 335 335 335 335 335 335 335 335 335 335 335 335 335 335 334 334 334 334 334 334 334 334 334 334 333 333 332 332 333 332 332 333 333 333 333 333 333 333 333 333 333 332 332 332 332 331 331 331 331 331 331 331 331 332 332 332 331 331 331 332 332 332 331 331 332 332 332 331 331 330 331 330 331 331 331 331 332 332 NA
NA NA NA NA NA NA NA NA NA NA NA NA NA NA NA NA NA NA NA NA NA NA NA NA NA NA NA NA NA NA NA NA NA NA NA NA NA NA NA NA NA NA NA NA NA NA NA NA NA NA NA NA NA NA NA NA NA NA NA NA NA NA NA NA NA NA NA NA NA NA NA NA NA NA NA NA NA NA NA NA NA NA NA NA NA NA NA NA NA NA NA NA NA NA NA NA NA NA NA NA NA NA NA NA 338 338 337 NA NA 337 336 336 336 336 336 336 337 337 337 338 338 338 338 338 338 338 339 339 339 340 340 341 341 341 341 341 341 341 341 341 341 341 341 341 341 341 342 342 342 342 341 341 341 341 341 341 341 341 342 342 342 342 342 342 341 341 341 342 342 342 342 341 342 342 342 342 342 342 342 342 341 341 340 339 339 339 340 340 340 339 339 340 341 341 341 341 341 342 341 341 341 341 341 341 341 341 340 341 341 341 341 341 341 341 342 342 NA NA NA NA NA NA NA NA NA NA NA NA NA NA NA NA NA NA NA NA NA NA NA NA NA NA NA NA NA 342 343 343 343 343 343 343 342 342 343 343 343 343 342 342 342 342 342 343 343 342 342 341 342 343 343 342 342 341 341 341 342 343 342 342 341 341 341 342 341 341 341 341 341 341 341 341 341 341 341 341 341 341 341 341 341 341 341 340 341 341 340 341 341 341 341 342 341 341 342 341 341 340 340 341 341 341 341 342 342 342 341 341 341 341 341 341 340 340 341 341 341 341 341 341 340 340 340 341 341 341 341 341 341 341 341 341 341 341 341 341 341 341 341 341 341 340 340 340 340 341 340 340 340 340 340 340 340 340 340 340 339 339 339 339 339 339 339 339 339 339 339 338 338 338 338 338 338 338 338 338 338 338 338 338 338 338 340 340 341 340 340 339 338 337 338 339 339 338 337 337 336 335 335 335 335 335 335 336 336 336 336 336 336 336 336 336 335 335 335 335 334 334 334 334 334 334 334 334 334 333 333 333 333 333 333 333 333 333 333 333 332 332 332 332 333 333 333 333 333 333 333 333 333 332 331 331 331 331 331 331 331 331 331 332 331 331 332 332 332 331 331 331 331 332 332 331 331 330 330 330 331 331 331 331 331 NA NA
NA NA NA NA NA NA NA NA NA NA NA NA NA NA NA NA NA NA NA NA NA NA NA NA NA NA NA NA NA NA NA NA NA NA NA NA NA NA NA NA NA NA NA NA NA NA NA NA NA NA NA NA NA NA NA NA NA NA NA NA NA NA NA NA NA NA NA NA NA NA NA NA NA NA NA NA NA NA NA NA NA NA NA NA NA NA NA NA NA NA NA NA NA NA NA NA NA NA NA NA NA NA NA NA NA NA NA NA NA NA NA 337 338 NA NA 337 337 337 337 337 337 338 338 338 338 339 340 340 340 340 340 341 341 341 341 341 341 341 341 341 341 341 341 341 341 341 342 342 342 342 342 341 341 341 341 341 341 341 342 342 342 342 342 341 342 342 342 342 342 342 342 342 342 342 342 342 342 342 342 342 342 342 341 340 340 339 339 339 339 339 339 339 340 341 341 341 341 341 341 341 342 342 341 341 341 341 341 341 341 341 341 342 342 341 341 341 342 342 341 NA NA NA NA NA NA NA NA NA NA NA NA NA NA NA NA NA NA NA NA NA NA NA NA NA NA NA NA NA NA 344 343 343 343 343 343 343 343 343 343 343 343 343 342 342 342 342 342 342 342 343 343 343 342 342 341 341 342 343 343 342 342 341 341 342 342 341 341 341 341 340 341 341 341 341 341 341 341 341 341 341 341 341 341 340 340 341 341 341 341 341 341 342 342 341 341 341 341 340 341 341 341 341 342 341 341 341 342 342 341 341 341 341 341 340 341 341 342 342 341 341 341 341 341 341 341 341 341 341 341 341 341 341 341 341 341 341 341 341 341 341 341 341 340 340 341 341 341 340 340 340 340 340 340 340 340 340 340 340 340 340 339 339 339 339 339 339 338 338 338 339 338 338 338 338 338 338 338 338 338 338 338 338 338 339 340 340 340 340 340 339 339 340 339 339 339 338 337 336 335 334 335 335 335 336 337 337 337 336 337 336 336 336 336 335 335 335 334 334 334 334 334 334 334 334 334 334 333 333 333 333 333 333 333 333 333 333 332 332 332 332 332 332 332 332 332 333 333 333 333 333 332 331 331 331 331 331 331 330 331 331 331 331 331 332 331 331 331 331 332 332 331 331 332 331 331 331 331 331 331 331 332 NA NA
NA NA NA NA NA NA NA NA NA NA NA NA NA NA NA NA NA NA NA NA NA NA NA NA NA NA NA NA NA NA NA NA NA NA NA NA NA NA NA NA NA NA NA NA NA NA NA NA NA NA NA NA NA NA NA NA NA NA NA NA NA NA NA NA NA NA NA NA NA NA NA NA NA NA NA NA NA NA NA NA NA NA NA NA NA NA NA NA NA NA NA NA NA NA NA NA NA NA NA NA NA NA NA NA NA NA NA NA NA NA NA NA NA NA NA NA 337 338 338 337 338 338 338 339 339 339 340 340 339 340 340 341 341 341 341 341 341 341 342 341 341 342 342 341 341 342 342 342 342 342 342 341 341 341 341 342 341 342 342 342 342 342 342 342 342 342 342 342 342 342 342 342 342 342 342 341 341 342 342 342 342 342 342 342 341 341 340 340 341 341 340 339 340 340 340 341 341 341 342 341 341 341 341 341 341 341 341 341 341 341 341 341 342 341 342 342 342 342 342 341 341 NA NA NA NA NA NA NA NA NA NA NA NA NA NA NA NA NA NA NA NA NA NA NA NA NA NA NA NA NA 344 343 344 344 343 343 343 343 343 343 343 343 342 342 343 343 342 342 342 342 342 343 343 342 342 341 342 343 343 343 342 342 342 342 342 341 341 341 341 341 341 340 341 341 341 341 341 341 341 341 341 340 340 340 341 341 341 341 341 341 341 342 342 341 341 341 341 340 341 341 341 341 341 341 341 341 342 342 342 341 342 341 341 341 341 341 342 342 341 341 342 341 341 341 341 341 341 341 341 341 341 341 341 341 341 341 341 341 341 341 341 341 341 341 341 341 341 340 340 340 340 340 340 340 340 340 340 340 340 340 340 339 340 340 340 340 339 339 339 338 338 339 338 338 338 338 338 338 338 338 338 337 337 338 339 340 341 340 340 340 340 340 339 339 339 339 338 337 336 335 335 335 335 335 336 336 337 337 337 336 336 336 336 336 335 335 335 334 334 334 334 334 334 334 334 334 334 334 334 334 334 334 333 333 333 333 333 333 332 332 332 332 332 332 332 332 332 333 333 333 333 332 332 332 331 331 331 331 330 330 330 330 330 331 331 331 331 331 331 332 331 331 331 331 331 331 331 331 331 331 331 332 NA
NA NA NA NA NA NA NA NA NA NA NA NA NA NA NA NA NA NA NA NA NA NA NA NA NA NA NA NA NA NA NA NA NA NA NA NA NA NA NA NA NA NA NA NA NA NA NA NA NA NA NA NA NA NA NA NA NA NA NA NA NA NA NA NA NA NA NA NA NA NA NA NA NA NA NA NA NA NA NA NA NA NA NA NA NA NA NA NA NA NA NA NA NA NA NA NA NA NA NA NA NA NA NA NA NA NA NA NA NA NA NA NA NA NA NA NA 336 337 338 338 338 338 338 339 340 340 340 340 340 340 340 341 341 341 341 341 341 342 341 341 341 342 342 342 342 342 342 342 342 342 342 342 342 342 342 342 342 342 342 342 342 342 342 342 342 342 342 341 342 342 342 342 342 342 342 342 342 342 342 342 342 342 342 342 342 342 341 341 341 341 341 341 341 340 340 340 341 341 341 341 341 342 341 341 341 341 341 341 341 341 342 341 341 342 342 342 342 342 342 342 342 342 NA NA NA NA NA NA NA NA NA NA NA NA NA NA NA NA NA NA NA NA NA NA NA NA NA NA NA NA NA NA NA 344 344 343 343 343 343 343 343 343 343 343 344 343 343 342 342 342 343 343 343 343 342 342 343 344 343 343 342 342 342 341 342 342 342 341 341 341 341 341 340 340 341 341 341 340 340 340 341 341 341 340 340 341 341 341 341 342 341 341 342 341 341 341 341 341 341 341 342 341 341 341 341 341 341 342 342 342 342 342 341 341 341 341 342 342 342 342 342 341 341 341 341 341 341 341 341 341 341 341 341 341 341 341 341 341 341 341 341 341 341 341 341 341 340 340 340 340 340 340 340 340 340 340 340 340 340 340 340 340 340 340 340 340 340 339 339 338 339 338 338 338 338 338 338 338 338 338 338 338 338 338 338 340 340 341 341 340 340 340 339 339 339 339 338 337 337 336 335 335 335 335 336 336 336 336 336 336 336 336 335 335 335 335 335 335 334 334 334 334 334 334 334 334 334 334 334 334 334 334 334 334 333 333 333 333 332 333 332 332 332 332 332 333 333 333 332 333 333 333 333 333 332 332 332 333 332 332 331 331 330 330 330 331 331 331 331 331 331 331 330 330 331 330 331 331 331 331 331 NA NA
NA NA NA NA NA NA NA NA NA NA NA NA NA NA NA NA NA NA NA NA NA NA NA NA NA NA NA NA NA NA NA NA NA NA NA NA NA NA NA NA NA NA NA NA NA NA NA NA NA NA NA NA NA NA NA NA NA NA NA NA NA NA NA NA NA NA NA NA NA NA NA NA NA NA NA NA NA NA NA NA NA NA NA NA NA NA NA NA NA NA NA NA NA NA NA NA NA NA NA NA NA NA NA NA NA NA NA NA NA NA NA NA NA NA NA 336 337 338 338 339 339 339 339 339 339 340 340 340 339 340 340 341 341 341 341 341 341 341 341 341 341 341 342 342 342 342 342 342 342 342 342 342 342 342 342 342 342 342 342 342 342 342 342 342 341 341 341 341 342 342 342 342 341 342 342 342 342 342 342 342 342 342 342 342 342 342 342 341 341 341 340 340 341 341 340 340 341 341 341 341 341 341 341 341 341 341 342 342 341 341 342 342 342 342 342 342 342 343 343 342 343 NA NA NA NA NA NA NA NA NA NA NA NA NA NA NA NA NA NA NA NA NA NA NA NA NA NA NA NA NA NA NA NA NA 345 344 343 344 344 344 344 344 344 344 344 344 343 342 342 342 342 343 344 344 343 343 343 343 344 343 343 342 342 342 341 342 342 342 342 341 341 341 341 341 341 341 340 340 341 341 341 341 341 341 340 341 341 341 341 342 342 341 342 342 342 341 341 341 341 341 341 341 341 341 341 341 341 341 342 342 342 342 342 342 342 342 342 342 342 342 341 341 341 341 341 341 341 341 341 341 341 341 341 341 341 341 341 341 341 341 341 341 341 341 341 340 340 340 340 340 340 340 340 340 340 340 340 339 340 340 339 340 340 340 339 340 340 340 339 339 339 339 339 339 338 338 338 338 338 338 338 338 338 338 338 339 340 340 341 340 340 340 339 339 339 339 338 337 337 337 336 335 336 336 336 336 336 336 336 336 336 336 336 336 335 335 335 335 335 334 334 334 334 334 334 334 334 334 334 334 334 334 334 334 334 333 333 333 333 333 332 332 332 332 332 333 333 333 333 332 332 332 333 332 332 332 332 332 332 333 333 332 331 330 330 331 331 331 331 331 331 331 331 331 331 331 331 331 331 331 331 NA NA
NA NA NA NA NA NA NA NA NA NA NA NA NA NA NA NA NA NA NA NA NA NA NA NA NA NA NA NA NA NA NA NA NA NA NA NA NA NA NA NA NA NA NA NA NA NA NA NA NA NA NA NA NA NA NA NA NA NA NA NA NA NA NA NA NA NA NA NA NA NA NA NA NA NA NA NA NA NA NA NA NA NA NA NA NA NA NA NA NA NA NA NA NA NA NA NA NA NA NA NA NA NA NA NA NA NA NA NA NA NA NA NA NA NA NA NA 337 338 338 338 338 339 339 340 340 340 340 340 340 339 340 341 341 341 341 341 341 341 341 342 342 341 342 342 342 342 342 342 342 342 342 342 342 342 342 342 342 342 342 342 342 342 342 342 342 341 341 341 341 341 341 341 342 342 342 342 342 342 342 342 342 342 342 342 342 342 341 341 341 340 340 340 340 341 341 341 341 341 341 341 341 341 341 341 341 341 341 342 342 341 341 342 342 342 342 342 342 343 343 343 343 343 342 NA NA NA NA NA NA NA NA NA NA NA NA NA NA NA NA NA NA NA NA NA NA NA NA NA NA NA NA NA NA NA NA NA 345 345 345 NA NA NA NA NA NA 344 343 343 343 343 343 344 NA NA 344 343 343 343 343 343 343 343 342 342 341 341 342 341 341 341 341 341 341 341 341 341 340 341 341 341 341 341 341 341 341 341 341 341 341 341 342 342 342 342 342 341 341 341 341 341 341 341 342 342 342 342 341 341 342 342 341 341 341 341 341 342 342 342 342 341 341 341 341 342 342 341 341 341 341 341 341 341 341 341 341 341 341 341 341 341 341 341 341 341 340 340 341 340 340 340 340 340 340 340 340 340 340 339 340 340 340 340 340 339 339 340 340 340 340 340 339 339 339 338 338 338 338 338 338 338 338 338 338 338 338 338 339 339 339 339 340 340 340 340 340 339 338 338 337 336 336 336 335 336 336 336 336 336 336 336 336 336 336 336 336 336 336 335 335 334 335 335 334 334 334 334 334 334 334 334 334 334 334 334 334 333 333 333 333 333 333 332 332 332 332 332 332 333 332 333 333 332 332 332 333 332 332 332 332 332 332 332 332 331 331 330 331 331 331 331 331 331 331 331 331 331 331 331 331 331 331 NA NA
NA NA NA NA NA NA NA NA NA NA NA NA NA NA NA NA NA NA NA NA NA NA NA NA NA NA NA NA NA NA NA NA NA NA NA NA NA NA NA NA NA NA NA NA NA NA NA NA NA NA NA NA NA NA NA NA NA NA NA NA NA NA NA NA NA NA NA NA NA NA NA NA NA NA NA NA NA NA NA NA NA NA NA NA NA NA NA NA NA NA NA NA NA NA NA NA NA NA NA NA NA NA NA NA NA NA NA NA NA NA NA NA NA NA NA NA NA NA 337 338 338 338 339 340 340 340 340 340 340 339 340 340 341 341 341 341 341 341 341 342 342 342 342 342 342 342 342 342 342 342 342 342 342 342 342 342 342 342 342 342 342 342 342 342 342 342 341 341 342 342 342 342 342 342 342 342 342 342 342 342 342 342 342 342 342 342 341 340 340 340 340 340 341 342 342 341 341 342 341 341 341 341 341 341 341 341 341 341 342 342 342 342 341 342 342 342 343 343 343 343 343 343 343 343 342 NA NA NA NA NA NA NA NA NA NA NA NA NA NA NA NA NA NA NA NA NA NA NA NA NA NA NA NA NA NA NA NA NA NA NA NA NA NA NA NA NA 344 343 343 344 344 344 NA NA 344 344 343 343 344 343 343 342 342 342 342 341 341 341 341 341 341 341 341 341 341 341 341 340 341 341 341 341 342 341 341 341 341 341 341 341 341 342 342 342 341 341 341 342 342 341 341 341 341 341 342 342 342 342 342 341 341 341 341 341 341 342 341 341 341 341 341 341 342 341 342 342 341 341 341 341 341 341 341 341 341 341 341 341 341 341 341 341 341 341 340 341 341 340 340 340 340 340 340 340 340 340 340 340 340 340 340 340 339 339 339 340 340 340 340 340 340 339 339 339 339 338 338 338 338 338 338 338 338 338 338 338 338 338 338 338 339 340 340 340 340 339 339 338 337 337 336 336 335 336 336 337 336 336 336 336 336 336 336 336 336 336 336 335 335 335 335 335 335 335 334 334 334 334 334 334 333 333 333 333 334 333 333 333 333 333 333 333 332 332 332 332 332 332 332 332 332 333 332 332 332 332 332 331 332 332 332 332 332 332 331 331 331 331 331 331 331 331 331 331 331 331 331 331 331 331 NA NA NA
NA NA NA NA NA NA NA NA NA NA NA NA NA NA NA NA NA NA NA NA NA NA NA NA NA NA NA NA NA NA NA NA NA NA NA NA NA NA NA NA NA NA NA NA NA NA NA NA NA NA NA NA NA NA NA NA NA NA NA NA NA NA NA NA NA NA NA NA NA NA NA NA NA NA NA NA NA NA NA NA NA NA NA NA NA NA NA NA NA NA NA NA NA NA NA NA NA NA NA NA NA NA NA NA NA NA NA NA NA NA NA NA NA NA NA NA NA NA NA NA NA NA 339 339 340 340 340 340 340 340 340 340 340 340 341 341 341 341 342 342 342 342 342 342 342 342 342 342 342 342 342 342 342 342 342 342 342 342 342 342 343 343 343 342 342 342 342 342 342 342 342 342 342 342 342 342 342 342 342 342 342 342 342 342 342 342 341 340 340 340 341 341 341 342 342 342 342 342 342 341 341 341 342 342 342 342 342 341 341 341 342 342 342 342 342 342 342 343 343 342 342 343 343 343 342 NA NA NA NA NA NA NA NA NA NA NA NA NA NA NA NA NA NA NA NA NA NA NA NA NA NA NA NA NA NA NA NA NA NA NA NA NA NA NA NA NA NA NA 344 345 NA NA NA NA NA NA 344 344 NA 344 343 343 342 342 342 342 342 342 342 342 341 341 341 341 342 342 341 340 341 341 342 342 342 342 342 342 341 341 341 341 341 341 342 342 342 341 342 342 342 341 341 341 341 341 342 342 342 342 341 341 341 341 341 341 341 342 341 341 341 341 341 341 342 341 341 342 341 341 341 341 342 342 341 341 341 341 341 341 341 341 341 341 341 340 340 341 341 340 340 340 340 340 340 340 340 340 340 340 340 340 339 339 339 339 340 340 340 339 339 340 340 340 340 339 339 339 338 338 338 338 338 338 338 338 338 337 337 337 337 338 339 339 340 340 340 340 339 339 338 337 337 336 336 336 336 336 336 336 336 336 336 336 336 336 336 336 336 336 336 335 335 335 335 335 334 334 334 334 334 334 334 333 333 333 333 333 333 333 333 333 333 333 333 332 332 332 332 332 332 332 333 333 332 332 332 332 332 331 331 331 331 331 331 332 332 332 331 331 331 331 331 331 331 331 331 331 330 330 331 331 NA NA NA
NA NA NA NA NA NA NA NA NA NA NA NA NA NA NA NA NA NA NA NA NA NA NA NA NA NA NA NA NA NA NA NA NA NA NA NA NA NA NA NA NA NA NA NA NA NA NA NA NA NA NA NA NA NA NA NA NA NA NA NA NA NA NA NA NA NA NA NA NA NA NA NA NA NA NA NA NA NA NA NA NA NA NA NA NA NA NA NA NA NA NA NA NA NA NA NA NA NA NA NA NA NA NA NA NA NA NA NA NA NA NA NA NA NA NA NA NA NA NA NA NA NA 338 339 340 NA NA 340 340 340 340 340 340 341 341 341 342 NA NA 342 342 342 342 342 342 342 342 342 342 342 342 342 342 342 342 342 343 343 342 342 342 343 343 342 342 343 343 342 342 342 342 342 342 342 342 342 342 342 342 342 342 342 343 342 343 342 342 341 341 341 341 341 341 342 342 342 341 341 341 341 341 341 342 342 342 342 342 342 341 342 341 342 342 342 342 343 342 342 343 343 343 342 342 342 342 NA NA NA NA NA NA NA NA NA NA NA NA NA NA NA NA NA NA NA NA NA NA NA NA NA NA NA NA NA NA NA NA NA NA NA NA NA NA NA NA NA NA NA NA NA NA NA NA NA NA NA NA NA NA 344 344 343 343 342 342 342 342 342 342 342 341 341 341 341 342 342 341 341 341 341 342 342 342 342 342 342 341 341 341 341 341 341 342 342 342 341 342 342 342 342 342 341 342 342 342 342 342 341 341 341 341 341 341 341 341 341 341 341 341 341 341 341 342 342 342 342 341 341 342 342 342 342 342 342 341 341 341 341 341 341 341 340 340 340 341 341 341 341 340 340 340 340 340 340 340 340 340 340 340 340 339 340 340 340 340 339 339 339 339 340 339 340 340 339 339 339 338 338 338 338 338 338 338 338 338 338 337 337 337 337 337 337 338 339 339 339 339 339 338 337 337 336 336 336 336 336 336 336 336 336 336 336 336 336 336 336 336 336 336 335 336 336 335 335 334 334 334 334 334 334 334 334 333 333 333 333 333 333 333 333 333 333 333 333 332 332 332 332 332 332 332 333 333 333 332 332 332 332 331 331 331 331 331 331 331 332 332 332 332 331 331 331 331 331 331 331 331 331 NA NA NA NA NA
NA NA NA NA NA NA NA NA NA NA NA NA NA NA NA NA NA NA NA NA NA NA NA NA NA NA NA NA NA NA NA NA NA NA NA NA NA NA NA NA NA NA NA NA NA NA NA NA NA NA NA NA NA NA NA NA NA NA NA NA NA NA NA NA NA NA NA NA NA NA NA NA NA NA NA NA NA NA NA NA NA NA NA NA NA NA NA NA NA NA NA NA NA NA NA NA NA NA NA NA NA NA NA NA NA NA NA NA NA NA NA NA NA NA NA NA NA NA NA NA NA NA 339 NA NA NA NA NA NA NA 340 340 340 341 341 NA NA NA NA 342 342 342 342 342 342 342 342 342 342 342 342 342 342 343 343 343 343 343 343 343 343 343 343 343 342 342 343 343 342 342 342 342 342 342 342 342 342 342 342 342 342 342 342 342 343 342 342 341 341 341 342 342 342 341 342 342 341 341 341 341 342 342 342 342 342 342 342 342 342 342 342 342 342 342 342 342 343 342 343 343 343 343 343 343 343 NA NA NA NA NA NA NA NA NA NA NA NA NA NA NA NA NA NA NA NA NA NA NA NA NA NA NA NA NA NA NA NA NA NA NA NA NA NA NA NA NA NA NA NA NA NA NA NA NA NA NA NA NA NA NA 343 343 342 342 342 342 343 343 342 342 342 341 341 341 342 342 342 341 341 341 342 342 342 342 342 342 342 342 341 341 341 341 341 341 341 341 342 342 342 342 342 342 342 342 342 342 342 341 341 341 342 341 341 341 341 341 341 341 341 341 342 342 342 342 342 342 342 342 342 342 342 342 342 341 341 341 341 341 341 341 341 341 341 341 341 341 341 341 340 341 340 340 340 340 340 340 340 340 340 340 340 340 340 339 339 339 339 339 339 339 339 339 340 340 340 339 339 339 339 338 338 339 338 338 338 338 338 338 338 338 337 337 337 338 338 339 339 339 338 338 337 337 337 336 336 336 336 336 336 336 336 336 336 336 336 336 336 336 336 335 336 336 336 335 335 334 334 334 335 335 334 334 334 333 333 333 333 333 333 333 333 333 333 333 333 332 332 332 333 333 333 333 333 333 333 333 332 332 331 331 331 331 331 331 331 331 332 332 332 332 331 331 331 331 331 331 331 NA NA NA NA NA NA
NA NA NA NA NA NA NA NA NA NA NA NA NA NA NA NA NA NA NA NA NA NA NA NA NA NA NA NA NA NA NA NA NA NA NA NA NA NA NA NA NA NA NA NA NA NA NA NA NA NA NA NA NA NA NA NA NA NA NA NA NA NA NA NA NA NA NA NA NA NA NA NA NA NA NA NA NA NA NA NA NA NA NA NA NA NA NA NA NA NA NA NA NA NA NA NA NA NA NA NA NA NA NA NA NA NA NA NA NA NA NA NA NA NA NA NA NA NA NA NA NA NA NA NA NA NA NA NA NA NA NA NA NA NA NA NA NA NA NA 342 342 342 342 342 342 342 342 342 342 342 342 342 343 343 343 343 343 343 343 343 343 343 343 343 343 343 343 342 343 343 342 342 342 342 342 342 342 342 342 342 342 342 342 342 342 342 342 341 341 341 342 341 342 342 342 342 342 342 341 341 342 342 342 342 342 342 342 343 342 342 342 342 342 342 343 342 343 343 343 343 343 343 343 343 343 NA NA NA NA NA NA NA NA NA NA NA NA NA NA NA NA NA NA NA NA NA NA NA NA NA NA NA NA NA NA NA NA NA NA NA NA NA NA NA NA NA NA NA NA NA NA NA NA NA NA NA NA NA NA NA 344 343 343 342 342 343 343 342 343 343 342 342 341 341 342 342 342 342 341 341 341 341 341 342 342 342 342 342 342 342 341 341 341 341 341 341 341 342 342 342 342 342 342 342 342 341 341 341 341 342 342 342 341 341 341 341 341 341 341 341 342 342 342 342 342 342 342 342 342 342 342 341 341 341 341 341 341 341 341 341 341 341 341 341 341 341 341 341 341 341 340 340 340 340 340 340 340 340 340 340 340 340 340 340 339 339 339 339 339 339 339 339 339 339 340 339 339 340 339 339 339 339 339 338 338 338 338 338 338 338 337 338 337 337 337 337 338 338 338 338 338 337 337 336 336 336 336 336 336 336 336 336 336 336 336 336 336 336 336 336 335 335 335 335 334 334 334 334 334 335 335 334 334 334 333 333 333 333 333 333 333 333 333 333 333 333 333 333 333 333 333 333 333 333 333 332 332 332 332 331 331 331 331 331 331 331 331 331 331 331 332 331 331 331 NA NA NA NA NA NA NA NA NA
NA NA NA NA NA NA NA NA NA NA NA NA NA NA NA NA NA NA NA NA NA NA NA NA NA NA NA NA NA NA NA NA NA NA NA NA NA NA NA NA NA NA NA NA NA NA NA NA NA NA NA NA NA NA NA NA NA NA NA NA NA NA NA NA NA NA NA NA NA NA NA NA NA NA NA NA NA NA NA NA NA NA NA NA NA NA NA NA NA NA NA NA NA NA NA NA NA NA NA NA NA NA NA NA NA NA NA NA NA NA NA NA NA NA NA NA NA NA NA NA NA NA NA NA NA NA NA NA NA NA NA NA NA NA NA NA NA NA NA NA 342 342 342 342 342 342 342 342 342 342 342 342 343 343 343 343 343 343 343 343 343 343 343 343 343 343 343 342 343 343 342 342 342 342 342 342 343 342 343 343 343 342 342 342 342 342 342 342 342 342 341 341 342 343 342 342 342 342 341 341 342 342 342 342 342 342 342 342 342 342 342 342 342 343 343 343 343 344 344 344 344 343 343 NA NA NA NA NA NA NA NA NA NA NA NA NA NA NA NA NA NA NA NA NA NA NA NA NA NA NA NA NA NA NA NA NA NA NA NA NA NA NA NA NA NA NA NA NA NA NA NA NA NA NA NA NA NA NA NA 344 343 343 343 343 342 342 343 342 342 343 342 342 342 341 342 342 342 341 341 341 342 342 342 342 342 342 343 342 343 342 342 342 341 341 341 341 341 341 341 342 342 342 342 341 341 341 341 342 342 342 342 342 342 341 341 341 341 341 341 341 341 341 342 342 342 342 342 342 342 342 342 342 342 341 341 341 341 341 341 341 341 341 341 341 341 341 341 341 341 341 340 341 341 340 340 340 340 340 340 340 340 340 340 340 340 339 339 339 339 339 339 339 339 339 339 339 339 339 340 339 339 338 338 338 338 338 338 338 338 337 338 338 337 337 337 337 338 337 338 338 338 337 337 337 336 336 336 336 336 336 336 336 336 336 336 336 336 336 336 336 335 336 335 335 335 334 334 334 334 334 334 335 334 334 334 333 333 333 334 333 333 333 333 333 333 333 333 333 333 333 333 333 333 333 333 333 332 332 332 332 331 331 331 331 331 331 331 331 331 331 331 332 NA NA NA NA NA NA NA NA NA NA NA
NA NA NA NA NA NA NA NA NA NA NA NA NA NA NA NA NA NA NA NA NA NA NA NA NA NA NA NA NA NA NA NA NA NA NA NA NA NA NA NA NA NA NA NA NA NA NA NA NA NA NA NA NA NA NA NA NA NA NA NA NA NA NA NA NA NA NA NA NA NA NA NA NA NA NA NA NA NA NA NA NA NA NA NA NA NA NA NA NA NA NA NA NA NA NA NA NA NA NA NA NA NA NA NA NA NA NA NA NA NA NA NA NA NA NA NA NA NA NA NA NA NA NA NA NA NA NA NA NA NA NA NA NA NA NA NA NA NA NA NA 342 342 342 342 342 342 342 342 342 342 342 342 342 342 343 343 343 343 343 343 343 343 343 343 343 343 343 342 343 343 343 343 343 343 343 343 343 343 343 343 343 343 342 342 342 342 342 342 342 341 341 341 342 343 343 343 342 342 342 341 342 343 343 343 343 342 342 342 343 343 343 343 343 343 343 343 344 344 344 344 344 NA NA NA NA NA NA NA NA NA NA NA NA NA NA NA NA NA NA NA NA NA NA NA NA NA NA NA NA NA NA NA NA NA NA NA NA NA NA NA NA NA NA NA NA NA NA NA NA NA NA NA NA NA NA NA NA NA NA NA 344 343 343 342 342 342 342 342 342 342 343 342 342 342 342 342 342 342 342 341 341 342 342 342 342 343 343 343 343 343 342 342 342 342 342 342 342 342 342 341 341 341 341 341 341 341 341 342 342 342 342 342 342 342 342 341 341 341 341 341 341 341 342 342 342 342 342 342 342 342 342 342 342 341 341 341 341 341 341 341 341 341 341 341 341 341 341 341 341 340 341 341 341 340 340 340 340 340 340 340 340 340 340 340 340 340 340 339 339 339 339 339 339 339 339 340 339 339 340 340 339 339 338 338 338 338 338 338 338 338 338 337 338 337 337 338 337 337 337 337 338 338 338 338 337 336 336 336 336 336 336 336 336 336 336 336 336 336 336 336 336 336 336 335 335 335 335 334 334 334 334 335 334 334 334 333 333 334 334 334 333 333 333 333 333 333 333 333 333 333 333 333 333 333 333 333 333 332 332 332 332 332 331 331 331 331 331 331 331 331 330 331 NA NA NA NA NA NA NA NA NA NA NA
NA NA NA NA NA NA NA NA NA NA NA NA NA NA NA NA NA NA NA NA NA NA NA NA NA NA NA NA NA NA NA NA NA NA NA NA NA NA NA NA NA NA NA NA NA NA NA NA NA NA NA NA NA NA NA NA NA NA NA NA NA NA NA NA NA NA NA NA NA NA NA NA NA NA NA NA NA NA NA NA NA NA NA NA NA NA NA NA NA NA NA NA NA NA NA NA NA NA NA NA NA NA NA NA NA NA NA NA NA NA NA NA NA NA NA NA NA NA NA NA NA NA NA NA NA NA NA NA NA NA NA NA NA NA NA NA NA NA NA NA NA 342 342 342 342 342 342 342 342 342 342 342 342 343 342 343 343 343 343 343 343 343 343 343 343 343 343 342 342 342 343 343 343 343 343 343 343 343 343 343 343 343 343 342 342 342 342 342 342 341 341 341 342 343 343 342 342 342 342 342 342 342 342 342 343 343 343 343 343 344 344 343 344 344 344 344 344 344 344 344 344 344 344 NA NA NA NA NA NA NA NA NA NA NA NA NA NA NA NA NA NA NA NA NA NA NA NA NA NA NA NA NA NA NA NA NA NA NA NA NA NA NA NA NA NA NA NA NA NA NA NA NA NA NA NA NA NA NA NA NA 344 343 343 342 343 343 343 343 342 342 342 342 342 342 342 342 342 342 342 341 341 342 342 342 342 343 343 343 343 343 343 343 342 342 342 343 342 342 342 342 341 341 342 342 342 342 342 341 341 342 341 342 342 342 342 342 342 342 342 341 341 341 342 342 342 342 342 342 342 342 342 342 341 341 341 341 341 341 341 341 341 341 341 341 341 341 341 341 341 341 341 341 340 340 340 340 340 340 340 340 340 340 340 340 340 340 340 340 339 339 339 339 339 339 339 339 339 340 340 340 339 339 338 338 338 338 338 338 338 338 338 338 338 338 338 338 337 337 337 337 337 337 338 338 337 337 337 337 336 336 336 336 336 336 336 336 336 336 336 336 336 336 336 336 336 335 335 335 334 334 334 334 335 335 334 333 333 333 334 334 333 333 333 333 333 333 333 333 333 332 333 333 333 333 333 333 333 333 333 332 332 332 332 332 332 331 331 331 331 331 330 NA NA NA NA NA NA NA NA NA NA NA NA
NA NA NA NA NA NA NA NA NA NA NA NA NA NA NA NA NA NA NA NA NA NA NA NA NA NA NA NA NA NA NA NA NA NA NA NA NA NA NA NA NA NA NA NA NA NA NA NA NA NA NA NA NA NA NA NA NA NA NA NA NA NA NA NA NA NA NA NA NA NA NA NA NA NA NA NA NA NA NA NA NA NA NA NA NA NA NA NA NA NA NA NA NA NA NA NA NA NA NA NA NA NA NA NA NA NA NA NA NA NA NA NA NA NA NA NA NA NA NA NA NA NA NA NA NA NA NA NA NA NA NA NA NA NA NA NA NA NA NA NA NA 342 342 342 342 342 342 342 342 342 342 342 343 343 343 343 343 343 343 343 343 343 343 343 343 343 343 343 343 342 342 342 343 343 343 343 343 343 343 343 343 343 343 343 343 342 342 341 341 342 342 342 343 343 343 342 342 342 342 342 342 343 343 343 343 343 343 343 344 343 344 344 344 344 344 344 344 344 344 344 344 344 NA NA NA NA NA NA NA NA NA NA NA NA NA NA NA NA NA NA NA NA NA NA NA NA NA NA NA NA NA NA NA NA NA NA NA NA NA NA NA NA NA NA NA NA NA NA NA NA NA NA NA NA NA NA NA NA NA NA 344 344 343 343 343 343 343 343 343 342 342 342 342 342 343 343 342 342 343 342 341 342 342 342 342 342 342 342 342 342 342 343 343 343 343 343 343 343 342 342 342 342 342 342 342 342 342 342 342 342 341 341 342 342 341 342 341 341 341 342 342 341 342 342 342 342 342 342 342 342 342 342 342 341 341 341 341 341 341 341 341 341 341 341 341 341 341 341 341 341 341 341 340 340 340 341 341 341 340 340 340 340 340 340 340 340 340 340 339 339 339 339 339 339 339 340 339 340 340 340 339 339 338 338 338 338 338 338 338 338 338 338 338 338 338 337 337 337 337 337 337 337 337 337 337 337 337 337 336 336 336 336 336 336 336 336 336 336 336 336 336 336 336 336 336 336 336 335 335 334 334 334 335 335 334 334 333 333 334 334 333 333 333 333 333 333 333 333 333 333 333 333 333 333 333 333 332 332 332 332 332 332 332 332 332 332 331 331 331 331 331 NA NA NA NA NA NA NA NA NA NA NA NA
NA NA NA NA NA NA NA NA NA NA NA NA NA NA NA NA NA NA NA NA NA NA NA NA NA NA NA NA NA NA NA NA NA NA NA NA NA NA NA NA NA NA NA NA NA NA NA NA NA NA NA NA NA NA NA NA NA NA NA NA NA NA NA NA NA NA NA NA NA NA NA NA NA NA NA NA NA NA NA NA NA NA NA NA NA NA NA NA NA NA NA NA NA NA NA NA NA NA NA NA NA NA NA NA NA NA NA NA NA NA NA NA NA NA NA NA NA NA NA NA NA NA NA NA NA NA NA NA NA NA NA NA NA NA NA NA NA NA NA NA NA NA NA 343 343 342 342 342 342 342 343 343 343 343 343 342 343 343 343 343 343 343 343 343 343 343 343 343 343 342 342 342 342 342 342 342 342 343 343 343 343 343 343 343 343 342 342 342 341 342 342 342 343 343 342 342 342 342 342 342 342 343 344 344 343 343 344 344 344 343 343 344 344 344 344 344 344 344 344 344 344 344 344 NA NA NA NA NA NA NA NA NA NA NA NA NA NA NA NA NA NA NA NA NA NA NA NA NA NA NA NA NA NA NA NA NA NA NA NA NA NA NA NA NA NA NA NA NA NA NA NA NA NA NA NA NA NA NA NA NA 344 344 343 343 343 343 343 344 343 343 342 342 342 343 343 343 343 343 343 342 342 342 342 342 342 342 342 342 342 342 342 342 342 343 343 343 343 343 343 343 342 342 342 342 342 342 342 342 342 341 341 341 341 341 341 341 341 341 341 342 342 341 342 342 342 342 342 342 342 342 342 342 342 341 341 341 341 341 341 341 341 341 342 341 341 341 341 341 341 341 341 340 340 340 341 341 341 341 340 340 340 340 340 340 340 340 340 340 339 339 339 339 340 339 339 340 340 340 340 340 339 339 339 339 339 338 338 338 338 338 338 338 338 337 337 337 337 337 337 337 337 337 337 336 336 337 337 337 336 336 336 336 336 336 336 336 336 336 336 336 336 336 336 336 336 336 336 336 335 335 334 334 334 335 335 334 334 333 333 333 333 333 333 333 333 333 333 332 333 333 333 332 333 333 333 332 332 332 332 332 332 332 332 332 332 332 332 331 331 331 NA NA NA NA NA NA NA NA NA NA NA NA NA
NA NA NA NA NA NA NA NA NA NA NA NA NA NA NA NA NA NA NA NA NA NA NA NA NA NA NA NA NA NA NA NA NA NA NA NA NA NA NA NA NA NA NA NA NA NA NA NA NA NA NA NA NA NA NA NA NA NA NA NA NA NA NA NA NA NA NA NA NA NA NA NA NA NA NA NA NA NA NA NA NA NA NA NA NA NA NA NA NA NA NA NA NA NA NA NA NA NA NA NA NA NA NA NA NA NA NA NA NA NA NA NA NA NA NA NA NA NA NA NA NA NA NA NA NA NA NA NA NA NA NA NA NA NA NA NA NA NA NA NA NA NA NA NA 343 343 342 342 342 343 343 343 343 343 343 342 342 343 343 343 343 343 343 343 343 343 343 343 342 342 342 343 343 342 342 343 343 343 342 343 343 343 343 343 343 343 343 342 342 342 342 342 343 343 342 342 342 342 342 342 342 343 343 343 343 343 343 343 343 343 343 343 343 343 344 344 344 344 344 344 344 343 343 NA NA NA NA NA NA NA NA NA NA NA NA NA NA NA NA NA NA NA NA NA NA NA NA NA NA NA NA NA NA NA NA NA NA NA NA NA NA NA NA NA NA NA NA NA NA NA NA NA NA NA NA NA NA NA NA NA NA 344 344 343 344 344 344 344 344 344 343 342 343 343 343 343 343 342 342 342 342 343 342 342 342 342 342 342 342 342 342 342 342 342 342 342 343 343 343 343 343 342 342 342 342 342 342 342 341 341 341 341 341 342 341 341 341 341 341 341 341 341 342 342 342 342 342 342 342 342 342 342 342 341 341 341 341 341 341 341 341 342 342 341 341 341 341 341 341 341 341 341 340 341 341 341 341 341 341 340 340 340 340 340 340 340 340 340 340 340 339 339 340 340 340 340 340 340 339 340 340 339 340 340 339 338 338 338 338 338 338 338 338 337 337 337 337 337 337 337 337 337 337 337 336 336 337 337 336 336 336 336 336 336 336 336 336 336 335 336 336 336 336 336 336 336 335 335 335 335 335 334 334 335 335 335 334 334 333 333 334 333 334 334 333 333 333 332 332 333 333 333 333 332 332 332 332 332 332 332 332 332 332 332 332 332 332 332 332 332 NA NA NA NA NA NA NA NA NA NA NA NA NA
NA NA NA NA NA NA NA NA NA NA NA NA NA NA NA NA NA NA NA NA NA NA NA NA NA NA NA NA NA NA NA NA NA NA NA NA NA NA NA NA NA NA NA NA NA NA NA NA NA NA NA NA NA NA NA NA NA NA NA NA NA NA NA NA NA NA NA NA NA NA NA NA NA NA NA NA NA NA NA NA NA NA NA NA NA NA NA NA NA NA NA NA NA NA NA NA NA NA NA NA NA NA NA NA NA NA NA NA NA NA NA NA NA NA NA NA NA NA NA NA NA NA NA NA NA NA NA NA NA NA NA NA NA NA NA NA NA NA NA NA NA NA NA NA NA NA NA 343 343 343 343 343 343 343 343 343 343 343 343 343 343 343 343 343 343 343 343 343 342 342 342 343 343 343 343 343 343 343 343 342 343 343 343 343 343 343 343 342 342 342 342 342 343 343 343 343 343 342 342 343 343 342 343 343 343 343 343 343 344 344 343 344 344 344 344 344 344 345 344 344 NA NA NA NA NA NA NA NA NA NA NA NA NA NA NA NA NA NA NA NA NA NA NA NA NA NA NA NA NA NA NA NA NA NA NA NA NA NA NA NA NA NA NA NA NA NA NA NA NA NA NA NA NA NA NA NA NA NA NA NA NA 344 344 344 344 344 344 344 344 344 343 343 343 343 343 342 342 342 342 342 342 342 343 342 342 343 343 342 342 342 343 343 342 342 342 343 343 343 343 343 343 342 342 342 342 342 342 342 342 342 342 341 341 341 342 342 342 341 341 341 341 341 342 342 342 342 342 342 342 342 342 342 342 342 341 341 341 341 341 341 342 342 341 341 341 341 341 341 341 341 341 341 341 341 341 341 341 341 341 341 340 340 340 340 340 340 339 340 340 340 340 340 340 340 340 340 340 340 339 339 340 340 340 339 339 338 338 338 338 338 338 337 337 337 337 337 337 337 337 337 337 337 337 337 336 336 336 336 336 336 336 336 336 336 336 336 336 336 336 336 336 337 336 336 336 336 336 336 335 336 336 335 334 334 334 335 335 334 334 334 334 333 334 334 333 333 333 333 332 333 333 333 333 332 332 332 332 331 332 332 332 332 332 332 332 332 332 332 NA NA NA NA NA NA NA NA NA NA NA NA NA NA NA
NA NA NA NA NA NA NA NA NA NA NA NA NA NA NA NA NA NA NA NA NA NA NA NA NA NA NA NA NA NA NA NA NA NA NA NA NA NA NA NA NA NA NA NA NA NA NA NA NA NA NA NA NA NA NA NA NA NA NA NA NA NA NA NA NA NA NA NA NA NA NA NA NA NA NA NA NA NA NA NA NA NA NA NA NA NA NA NA NA NA NA NA NA NA NA NA NA NA NA NA NA NA NA NA NA NA NA NA NA NA NA NA NA NA NA NA NA NA NA NA NA NA NA NA NA NA NA NA NA NA NA NA NA NA NA NA NA NA NA NA NA NA NA NA NA NA NA NA 343 343 343 343 343 343 343 343 343 343 343 343 343 343 343 343 343 343 344 343 343 343 343 343 343 343 343 343 343 343 343 343 342 343 343 343 343 343 343 343 343 343 343 343 344 344 343 343 343 342 342 343 343 343 344 344 344 343 343 343 343 344 344 344 344 344 344 344 345 345 344 NA NA NA NA NA NA NA NA NA NA NA NA NA NA NA NA NA NA NA NA NA NA NA NA NA NA NA NA NA NA NA NA NA NA NA NA NA NA NA NA NA NA NA NA NA NA NA NA NA NA NA NA NA NA NA NA NA NA NA NA NA NA NA 344 344 344 344 NA NA NA 344 344 344 343 343 343 342 342 342 342 342 342 342 343 342 343 343 343 343 343 343 343 343 343 343 342 343 343 343 343 343 343 343 343 343 343 342 342 342 342 342 342 342 342 342 342 342 342 342 342 342 341 341 342 342 342 342 342 342 342 342 342 342 342 342 342 341 341 341 341 342 342 342 341 341 341 341 341 341 341 341 341 341 341 341 341 341 341 341 341 341 341 340 340 340 340 340 340 340 340 339 340 340 340 340 340 340 340 339 339 339 339 339 339 340 339 338 338 338 338 338 338 338 337 337 337 337 337 337 337 337 337 337 336 336 336 336 336 336 336 337 337 337 337 336 336 336 336 336 336 336 336 336 336 337 337 336 336 336 336 336 336 336 335 334 334 334 334 334 334 334 333 333 334 334 334 333 333 333 332 332 332 332 332 332 332 331 331 331 331 331 331 332 331 331 332 NA NA NA NA NA NA NA NA NA NA NA NA NA NA NA NA NA NA
NA NA NA NA NA NA NA NA NA NA NA NA NA NA NA NA NA NA NA NA NA NA NA NA NA NA NA NA NA NA NA NA NA NA NA NA NA NA NA NA NA NA NA NA NA NA NA NA NA NA NA NA NA NA NA NA NA NA NA NA NA NA NA NA NA NA NA NA NA NA NA NA NA NA NA NA NA NA NA NA NA NA NA NA NA NA NA NA NA NA NA NA NA NA NA NA NA NA NA NA NA NA NA NA NA NA NA NA NA NA NA NA NA NA NA NA NA NA NA NA NA NA NA NA NA NA NA NA NA NA NA NA NA NA NA NA NA NA NA NA NA NA NA NA NA NA NA NA 343 343 343 344 344 343 343 343 343 343 343 343 343 343 343 343 343 343 344 344 343 343 343 343 343 343 343 343 343 343 343 342 342 343 343 342 343 343 343 343 343 343 342 343 344 344 343 343 343 343 343 343 344 344 344 344 344 344 344 344 344 344 345 345 344 344 344 344 344 344 344 NA NA NA NA NA NA NA NA NA NA NA NA NA NA NA NA NA NA NA NA NA NA NA NA NA NA NA NA NA NA NA NA NA NA NA NA NA NA NA NA NA NA NA NA NA NA NA NA NA NA NA NA NA NA NA NA NA NA NA NA NA NA NA 344 344 344 NA NA NA NA NA 344 344 344 343 343 343 343 342 342 342 342 342 342 342 343 343 343 343 343 343 343 343 343 343 343 343 343 343 343 344 344 343 344 344 343 343 342 342 342 342 342 342 342 342 342 342 342 342 342 342 342 341 342 342 342 342 342 342 342 342 342 342 342 342 342 341 341 342 342 342 342 342 341 341 341 341 341 341 341 341 341 341 341 341 341 341 341 341 341 341 341 341 340 340 340 340 340 340 340 340 339 339 340 340 340 339 340 339 339 339 339 339 339 339 339 339 339 338 338 338 339 338 337 337 337 337 337 337 337 337 336 336 336 336 337 337 336 336 336 336 336 336 336 336 336 336 336 336 336 336 336 336 336 337 337 337 337 337 336 336 336 336 335 334 334 334 334 334 334 334 333 334 334 334 334 333 333 333 332 332 332 332 332 332 332 332 331 331 331 331 331 331 331 331 331 NA NA NA NA NA NA NA NA NA NA NA NA NA NA NA NA NA NA
NA NA NA NA NA NA NA NA NA NA NA NA NA NA NA NA NA NA NA NA NA NA NA NA NA NA NA NA NA NA NA NA NA NA NA NA NA NA NA NA NA NA NA NA NA NA NA NA NA NA NA NA NA NA NA NA NA NA NA NA NA NA NA NA NA NA NA NA NA NA NA NA NA NA NA NA NA NA NA NA NA NA NA NA NA NA NA NA NA NA NA NA NA NA NA NA NA NA NA NA NA NA NA NA NA NA NA NA NA NA NA NA NA NA NA NA NA NA NA NA NA NA NA NA NA NA NA NA NA NA NA NA NA NA NA NA NA NA NA NA NA NA NA NA NA NA NA NA NA 343 344 344 344 344 343 343 343 343 343 343 343 343 344 343 343 343 343 344 343 343 343 342 343 343 343 343 343 343 343 343 343 343 343 342 343 343 343 343 343 343 342 342 343 343 343 343 344 344 344 344 344 343 344 344 344 344 344 344 344 344 344 345 NA NA NA NA 344 NA NA NA NA NA NA NA NA NA NA NA NA NA NA NA NA NA NA NA NA NA NA NA NA NA NA NA NA NA NA NA NA NA NA NA NA NA NA NA NA NA NA NA NA NA NA NA NA NA NA NA NA NA NA NA NA NA NA NA NA NA NA NA NA NA NA 344 NA NA NA NA NA NA NA 344 344 343 343 343 343 343 343 342 342 342 342 343 343 343 343 343 342 343 343 343 343 343 343 343 343 343 343 344 344 344 344 344 343 343 342 342 342 342 342 342 342 342 342 342 342 342 342 342 342 342 342 342 342 342 342 342 342 342 342 342 342 342 342 341 341 342 342 342 342 342 342 342 342 341 341 341 341 341 341 341 341 341 341 341 341 341 341 341 341 341 340 340 340 340 340 340 340 340 340 340 340 339 339 339 339 339 339 339 339 339 339 339 339 339 339 339 338 338 338 339 338 338 337 337 337 337 337 336 337 337 337 337 337 337 336 337 337 337 336 336 336 337 337 337 337 336 336 336 336 336 336 337 337 336 336 336 336 336 336 336 336 335 334 333 333 334 333 333 333 333 334 334 334 334 333 333 333 333 332 332 332 332 332 332 332 332 331 331 331 331 331 331 NA NA NA NA NA NA NA NA NA NA NA NA NA NA NA NA NA NA NA
NA NA NA NA NA NA NA NA NA NA NA NA NA NA NA NA NA NA NA NA NA NA NA NA NA NA NA NA NA NA NA NA NA NA NA NA NA NA NA NA NA NA NA NA NA NA NA NA NA NA NA NA NA NA NA NA NA NA NA NA NA NA NA NA NA NA NA NA NA NA NA NA NA NA NA NA NA NA NA NA NA NA NA NA NA NA NA NA NA NA NA NA NA NA NA NA NA NA NA NA NA NA NA NA NA NA NA NA NA NA NA NA NA NA NA NA NA NA NA NA NA NA NA NA NA NA NA NA NA NA NA NA NA NA NA NA NA NA NA NA NA NA NA NA NA NA NA NA NA 344 344 344 344 344 344 344 343 343 343 343 344 344 344 343 343 343 343 343 343 343 343 343 343 343 343 343 343 343 343 343 343 342 343 343 343 343 343 343 343 343 343 343 344 343 343 343 344 344 343 343 343 343 344 344 344 343 344 344 344 344 NA NA NA NA NA NA NA NA NA NA NA NA NA NA NA NA NA NA NA NA NA NA NA NA NA NA NA NA NA NA NA NA NA NA NA NA NA NA NA NA NA NA NA NA NA NA NA NA NA NA NA NA NA NA NA NA NA NA NA NA NA NA NA NA NA NA NA NA NA NA NA NA NA NA NA NA NA NA NA NA NA 344 344 344 343 343 343 343 342 342 342 342 343 342 342 342 342 343 343 343 343 343 343 343 343 344 344 344 343 344 344 344 344 344 344 343 343 342 342 342 342 342 342 342 342 342 342 342 342 342 342 342 342 342 342 342 342 342 342 342 342 342 342 342 342 342 342 342 342 342 342 342 342 342 341 341 341 341 341 341 341 341 341 341 341 341 341 341 341 341 341 341 341 340 340 340 340 340 340 340 340 340 340 339 339 339 339 339 339 339 339 339 339 339 338 338 338 339 338 338 338 338 338 338 337 337 337 337 337 337 337 337 337 337 337 337 337 337 337 337 337 336 336 336 336 336 336 336 336 336 336 336 336 337 337 337 336 336 336 336 336 336 336 335 334 334 333 333 333 334 334 334 334 334 334 334 333 333 333 333 333 333 332 332 332 332 332 332 332 331 331 331 NA NA NA NA NA NA NA NA NA NA NA NA NA NA NA NA NA NA NA NA NA
NA NA NA NA NA NA NA NA NA NA NA NA NA NA NA NA NA NA NA NA NA NA NA NA NA NA NA NA NA NA NA NA NA NA NA NA NA NA NA NA NA NA NA NA NA NA NA NA NA NA NA NA NA NA NA NA NA NA NA NA NA NA NA NA NA NA NA NA NA NA NA NA NA NA NA NA NA NA NA NA NA NA NA NA NA NA NA NA NA NA NA NA NA NA NA NA NA NA NA NA NA NA NA NA NA NA NA NA NA NA NA NA NA NA NA NA NA NA NA NA NA NA NA NA NA NA NA NA NA NA NA NA NA NA NA NA NA NA NA NA NA NA NA NA NA NA NA NA NA NA NA NA 344 344 344 344 343 343 343 344 NA 343 342 343 343 343 342 343 343 343 343 343 343 343 343 343 343 343 343 343 343 343 343 343 343 343 343 343 343 343 344 344 344 343 342 342 343 344 343 343 343 343 344 344 343 344 344 344 344 345 NA NA NA NA NA NA NA NA NA NA NA NA NA NA NA NA NA NA NA NA NA NA NA NA NA NA NA NA NA NA NA NA NA NA NA NA NA NA NA NA NA NA NA NA NA NA NA NA NA NA NA NA NA NA NA NA NA NA NA NA NA NA NA NA NA NA NA NA NA NA NA NA NA NA NA NA NA NA NA NA NA 344 344 344 343 343 343 342 342 342 342 342 342 342 342 342 342 343 343 342 343 343 343 343 344 344 344 344 343 343 343 343 344 344 344 343 343 343 342 342 342 342 342 342 342 342 342 342 342 342 342 342 342 342 342 342 342 342 342 342 342 342 342 342 342 342 342 342 342 342 342 342 342 342 341 342 342 341 341 341 341 341 341 341 341 341 341 341 341 341 341 341 341 341 340 340 340 340 340 340 340 339 340 340 340 339 339 339 339 339 339 339 339 339 338 338 338 338 338 338 338 338 338 338 337 338 338 338 337 338 337 337 337 337 338 338 337 337 337 338 337 337 337 336 336 336 336 336 336 336 336 336 336 336 337 337 337 336 335 335 335 336 337 336 335 334 334 333 333 334 334 335 334 334 335 334 334 333 333 333 333 333 333 332 332 331 332 332 NA NA NA NA NA NA NA NA NA NA NA NA NA NA NA NA NA NA NA NA NA NA NA NA NA
NA NA NA NA NA NA NA NA NA NA NA NA NA NA NA NA NA NA NA NA NA NA NA NA NA NA NA NA NA NA NA NA NA NA NA NA NA NA NA NA NA NA NA NA NA NA NA NA NA NA NA NA NA NA NA NA NA NA NA NA NA NA NA NA NA NA NA NA NA NA NA NA NA NA NA NA NA NA NA NA NA NA NA NA NA NA NA NA NA NA NA NA NA NA NA NA NA NA NA NA NA NA NA NA NA NA NA NA NA NA NA NA NA NA NA NA NA NA NA NA NA NA NA NA NA NA NA NA NA NA NA NA NA NA NA NA NA NA NA NA NA NA NA NA NA NA NA NA NA NA NA NA NA 344 344 344 343 343 NA NA NA 343 343 343 342 342 342 343 343 343 343 343 343 343 343 343 343 343 343 343 343 343 343 343 343 343 343 343 343 344 344 344 345 344 343 343 343 343 343 343 343 343 343 343 343 344 344 344 344 344 NA NA NA NA NA NA NA NA NA NA NA NA NA NA NA NA NA NA NA NA NA NA NA NA NA NA NA NA NA NA NA NA NA NA NA NA NA NA NA NA NA NA NA NA NA NA NA NA NA NA NA NA NA NA NA NA NA NA NA NA NA NA NA NA NA NA NA NA NA NA NA NA NA NA NA NA NA NA NA NA NA 344 344 343 343 343 343 343 343 343 343 343 342 342 342 342 342 342 342 343 343 343 344 344 344 344 344 344 343 343 343 343 343 343 343 343 343 343 342 342 342 342 342 342 342 342 342 342 342 342 342 342 342 343 342 342 342 342 342 342 342 342 342 342 342 342 342 342 342 342 342 342 342 342 342 342 342 342 342 341 341 341 341 341 341 341 341 341 341 341 341 341 341 341 341 340 340 340 340 340 340 340 340 340 340 340 339 339 339 339 339 339 339 339 338 338 338 338 338 338 338 338 338 337 337 338 338 338 338 338 338 337 338 338 338 338 338 338 338 338 337 337 337 336 336 336 336 336 336 337 336 336 336 336 336 336 337 336 336 335 335 336 336 337 336 335 334 334 333 333 334 334 334 334 334 334 334 334 334 333 333 333 333 333 332 332 NA NA NA NA NA NA NA NA NA NA NA NA NA NA NA NA NA NA NA NA NA NA NA NA NA NA NA
NA NA NA NA NA NA NA NA NA NA NA NA NA NA NA NA NA NA NA NA NA NA NA NA NA NA NA NA NA NA NA NA NA NA NA NA NA NA NA NA NA NA NA NA NA NA NA NA NA NA NA NA NA NA NA NA NA NA NA NA NA NA NA NA NA NA NA NA NA NA NA NA NA NA NA NA NA NA NA NA NA NA NA NA NA NA NA NA NA NA NA NA NA NA NA NA NA NA NA NA NA NA NA NA NA NA NA NA NA NA NA NA NA NA NA NA NA NA NA NA NA NA NA NA NA NA NA NA NA NA NA NA NA NA NA NA NA NA NA NA NA NA NA NA NA NA NA NA NA NA NA NA NA NA NA 344 344 344 NA NA NA NA NA 343 343 343 343 343 342 343 343 343 343 343 343 343 343 343 343 343 343 343 343 343 343 343 343 343 344 344 344 344 345 344 343 343 342 343 343 343 343 343 343 343 NA NA NA 344 344 NA NA NA NA NA NA NA NA NA NA NA NA NA NA NA NA NA NA NA NA NA NA NA NA NA NA NA NA NA NA NA NA NA NA NA NA NA NA NA NA NA NA NA NA NA NA NA NA NA NA NA NA NA NA NA NA NA NA NA NA NA NA NA NA NA NA NA NA NA NA NA NA NA NA NA NA NA NA NA NA NA NA 344 344 344 344 343 343 343 343 343 343 343 342 343 343 343 343 342 343 343 343 343 343 343 343 344 344 344 344 343 343 343 342 343 342 343 343 343 343 342 342 342 342 342 342 342 342 342 342 342 342 342 343 343 343 343 342 342 342 342 342 342 342 342 342 342 342 342 342 342 342 342 342 342 342 342 342 342 341 341 341 341 341 341 341 341 341 341 341 341 341 341 341 341 341 340 340 340 340 340 340 340 340 340 340 340 339 339 339 339 339 339 339 339 339 339 339 338 338 338 338 338 338 337 337 337 337 337 337 337 337 338 338 338 338 338 338 338 337 338 338 338 337 337 337 336 336 336 336 336 336 336 336 336 336 336 336 337 337 336 335 335 336 336 336 335 333 334 334 333 334 333 333 334 334 334 334 334 334 334 334 333 333 334 333 332 NA NA NA NA NA NA NA NA NA NA NA NA NA NA NA NA NA NA NA NA NA NA NA NA NA NA NA
NA NA NA NA NA NA NA NA NA NA NA NA NA NA NA NA NA NA NA NA NA NA NA NA NA NA NA NA NA NA NA NA NA NA NA NA NA NA NA NA NA NA NA NA NA NA NA NA NA NA NA NA NA NA NA NA NA NA NA NA NA NA NA NA NA NA NA NA NA NA NA NA NA NA NA NA NA NA NA NA NA NA NA NA NA NA NA NA NA NA NA NA NA NA NA NA NA NA NA NA NA NA NA NA NA NA NA NA NA NA NA NA NA NA NA NA NA NA NA NA NA NA NA NA NA NA NA NA NA NA NA NA NA NA NA NA NA NA NA NA NA NA NA NA NA NA NA NA NA NA NA NA NA NA NA NA NA NA NA NA NA NA NA NA 344 343 343 343 343 343 343 343 343 343 343 343 343 343 343 343 343 343 343 343 343 343 343 344 344 344 344 344 344 343 343 343 343 343 343 343 344 344 344 NA NA NA NA 343 NA NA NA NA NA NA NA NA NA NA NA NA NA NA NA NA NA NA NA NA NA NA NA NA NA NA NA NA NA NA NA NA NA NA NA NA NA NA NA NA NA NA NA NA NA NA NA NA NA NA NA NA NA NA NA NA NA NA NA NA NA NA NA NA NA NA NA NA NA NA NA NA NA NA NA NA NA NA NA NA NA NA NA 344 344 344 344 343 343 343 343 344 343 343 343 343 343 344 343 343 343 344 343 343 343 344 344 344 344 344 344 344 343 343 343 343 342 343 343 343 344 343 342 342 342 342 342 342 342 342 342 342 342 342 343 343 343 343 342 342 342 342 342 343 342 342 342 342 342 342 342 342 342 342 342 342 342 342 342 342 341 341 341 341 341 341 341 341 341 341 341 341 341 341 341 341 341 340 340 340 340 340 340 340 340 340 340 340 339 339 339 339 339 339 339 339 338 339 339 338 338 338 338 339 338 338 338 338 338 337 337 338 338 338 338 338 338 337 338 337 337 337 338 338 338 338 337 337 337 336 336 336 336 336 336 335 336 336 336 337 337 336 336 335 335 335 335 334 333 335 334 334 334 334 333 334 334 334 334 335 335 334 334 334 333 333 333 332 NA NA NA NA NA NA NA NA NA NA NA NA NA NA NA NA NA NA NA NA NA NA NA NA NA NA NA
NA NA NA NA NA NA NA NA NA NA NA NA NA NA NA NA NA NA NA NA NA NA NA NA NA NA NA NA NA NA NA NA NA NA NA NA NA NA NA NA NA NA NA NA NA NA NA NA NA NA NA NA NA NA NA NA NA NA NA NA NA NA NA NA NA NA NA NA NA NA NA NA NA NA NA NA NA NA NA NA NA NA NA NA NA NA NA NA NA NA NA NA NA NA NA NA NA NA NA NA NA NA NA NA NA NA NA NA NA NA NA NA NA NA NA NA NA NA NA NA NA NA NA NA NA NA NA NA NA NA NA NA NA NA NA NA NA NA NA NA NA NA NA NA NA NA NA NA NA NA NA NA NA NA NA NA NA NA NA NA NA NA NA NA NA NA NA NA 344 344 343 343 343 343 343 343 343 343 343 343 343 343 344 343 343 343 344 344 344 344 344 343 343 344 345 345 344 343 343 344 344 344 NA NA NA NA NA NA NA NA NA NA NA NA NA NA NA NA NA NA NA NA NA NA NA NA NA NA NA NA NA NA NA NA NA NA NA NA NA NA NA NA NA NA NA NA NA NA NA NA NA NA NA NA NA NA NA NA NA NA NA NA NA NA NA NA NA NA NA NA NA NA NA NA NA NA NA NA NA NA NA NA NA NA NA NA NA NA NA NA 345 344 344 344 344 344 343 343 343 343 343 343 343 343 344 344 344 343 343 344 344 344 344 344 344 344 344 344 344 344 343 343 343 343 343 343 342 343 343 343 343 342 342 343 343 342 342 342 342 342 342 342 343 343 343 343 343 342 343 343 343 343 342 342 342 342 342 342 342 342 342 342 342 342 342 342 342 341 341 342 341 341 341 341 341 341 341 341 341 341 341 341 341 341 341 341 340 340 340 340 340 340 340 340 340 340 339 339 340 340 339 339 339 339 339 339 339 339 338 339 338 338 338 338 338 338 338 337 337 338 338 338 338 338 337 337 337 337 337 337 337 338 338 338 338 338 337 337 336 336 337 337 336 336 336 336 336 336 336 336 337 336 335 335 335 334 334 335 336 334 334 334 334 333 334 334 334 334 335 334 334 334 334 333 333 333 NA NA NA NA NA NA NA NA NA NA NA NA NA NA NA NA NA NA NA NA NA NA NA NA NA NA NA
NA NA NA NA NA NA NA NA NA NA NA NA NA NA NA NA NA NA NA NA NA NA NA NA NA NA NA NA NA NA NA NA NA NA NA NA NA NA NA NA NA NA NA NA NA NA NA NA NA NA NA NA NA NA NA NA NA NA NA NA NA NA NA NA NA NA NA NA NA NA NA NA NA NA NA NA NA NA NA NA NA NA NA NA NA NA NA NA NA NA NA NA NA NA NA NA NA NA NA NA NA NA NA NA NA NA NA NA NA NA NA NA NA NA NA NA NA NA NA NA NA NA NA NA NA NA NA NA NA NA NA NA NA NA NA NA NA NA NA NA NA NA NA NA NA NA NA NA NA NA NA NA NA NA NA NA NA NA NA NA NA NA NA NA NA NA NA NA NA 344 344 344 344 343 343 343 343 343 343 343 343 344 344 343 343 343 344 344 344 344 344 344 343 344 345 345 345 345 344 345 344 345 NA NA NA NA NA NA NA NA NA NA NA NA NA NA NA NA NA NA NA NA NA NA NA NA NA NA NA NA NA NA NA NA NA NA NA NA NA NA NA NA NA NA NA NA NA NA NA NA NA NA NA NA NA NA NA NA NA NA NA NA NA NA NA NA NA NA NA NA NA NA NA NA NA NA NA NA NA NA NA NA NA NA NA NA NA NA NA NA NA 344 344 344 344 344 344 344 344 344 344 344 344 344 344 343 343 343 343 343 343 343 344 344 344 344 344 344 344 344 343 343 343 343 343 343 343 343 343 343 343 342 342 343 343 343 342 342 342 342 342 342 343 343 343 343 343 343 343 343 343 343 342 342 342 342 342 342 342 342 342 342 342 342 342 342 342 342 342 342 341 341 341 341 341 341 341 341 341 341 341 340 341 341 341 340 340 340 340 340 340 340 340 340 340 340 340 340 340 340 339 339 339 339 340 339 339 339 339 339 339 338 339 338 338 338 337 337 337 338 338 338 338 338 337 337 337 337 337 338 338 337 338 338 338 338 338 338 337 336 337 337 337 336 336 336 336 336 336 336 336 337 336 335 335 334 334 335 335 336 334 334 334 334 334 334 334 334 334 334 334 333 333 333 NA NA NA NA NA NA NA NA NA NA NA NA NA NA NA NA NA NA NA NA NA NA NA NA NA NA NA NA NA
NA NA NA NA NA NA NA NA NA NA NA NA NA NA NA NA NA NA NA NA NA NA NA NA NA NA NA NA NA NA NA NA NA NA NA NA NA NA NA NA NA NA NA NA NA NA NA NA NA NA NA NA NA NA NA NA NA NA NA NA NA NA NA NA NA NA NA NA NA NA NA NA NA NA NA NA NA NA NA NA NA NA NA NA NA NA NA NA NA NA NA NA NA NA NA NA NA NA NA NA NA NA NA NA NA NA NA NA NA NA NA NA NA NA NA NA NA NA NA NA NA NA NA NA NA NA NA NA NA NA NA NA NA NA NA NA NA NA NA NA NA NA NA NA NA NA NA NA NA NA NA NA NA NA NA NA NA NA NA NA NA NA NA NA NA NA NA NA NA NA NA NA NA 344 344 344 343 343 343 343 343 344 343 344 343 343 344 344 344 343 343 344 344 344 345 345 345 346 345 345 345 NA NA NA NA NA NA NA NA NA NA NA NA NA NA NA NA NA NA NA NA NA NA NA NA NA NA NA NA NA NA NA NA NA NA NA NA NA NA NA NA NA NA NA NA NA NA NA NA NA NA NA NA NA NA NA NA NA NA NA NA NA NA NA NA NA NA NA NA NA NA NA NA NA NA NA NA NA NA NA NA NA NA NA NA NA NA NA NA NA NA 345 344 344 344 344 344 344 344 344 344 344 344 344 344 344 344 343 343 343 344 344 344 344 344 344 344 344 344 343 343 343 343 343 343 343 343 343 343 343 343 342 342 343 343 343 343 342 342 343 342 342 343 343 343 343 343 343 343 343 343 342 342 342 342 342 342 342 342 342 342 342 342 342 342 342 342 342 342 342 341 342 341 341 341 341 341 341 341 341 341 341 340 341 341 340 340 340 340 340 340 340 340 340 340 340 340 340 340 340 340 340 340 340 340 339 339 339 340 339 339 339 339 339 338 339 338 338 337 337 338 338 337 337 337 337 337 337 337 338 337 337 338 338 338 338 338 338 337 337 338 338 337 337 337 336 336 336 336 336 336 336 336 336 335 334 334 334 334 335 335 335 335 334 334 335 335 335 335 334 334 334 334 334 333 NA NA NA NA NA NA NA NA NA NA NA NA NA NA NA NA NA NA NA NA NA NA NA NA NA NA NA NA
NA NA NA NA NA NA NA NA NA NA NA NA NA NA NA NA NA NA NA NA NA NA NA NA NA NA NA NA NA NA NA NA NA NA NA NA NA NA NA NA NA NA NA NA NA NA NA NA NA NA NA NA NA NA NA NA NA NA NA NA NA NA NA NA NA NA NA NA NA NA NA NA NA NA NA NA NA NA NA NA NA NA NA NA NA NA NA NA NA NA NA NA NA NA NA NA NA NA NA NA NA NA NA NA NA NA NA NA NA NA NA NA NA NA NA NA NA NA NA NA NA NA NA NA NA NA NA NA NA NA NA NA NA NA NA NA NA NA NA NA NA NA NA NA NA NA NA NA NA NA NA NA NA NA NA NA NA NA NA NA NA NA NA NA NA NA NA NA NA NA NA NA NA NA NA 344 344 344 344 343 343 343 343 343 343 343 343 343 343 343 344 343 344 344 345 345 345 346 346 345 345 NA NA NA NA NA NA NA NA NA NA NA NA NA NA NA NA NA NA NA NA NA NA NA NA NA NA NA NA NA NA NA NA NA NA NA NA NA NA NA NA NA NA NA NA NA NA NA NA NA NA NA NA NA NA NA NA NA NA NA NA NA NA NA NA NA NA NA NA NA NA NA NA NA NA NA NA NA NA NA NA NA NA NA NA NA NA NA NA NA NA NA 345 345 344 344 344 343 344 344 344 345 344 344 344 344 344 344 343 343 344 344 344 343 343 344 344 344 344 343 343 343 343 343 343 343 343 343 343 343 343 343 343 343 343 343 343 343 343 343 342 343 343 343 343 343 343 343 343 343 343 342 342 342 342 342 342 342 342 342 342 342 342 342 342 342 342 342 342 342 342 341 341 341 341 341 341 341 341 341 341 341 340 340 340 340 340 340 340 340 340 340 340 340 340 340 340 340 340 340 340 340 340 340 339 339 339 339 340 340 339 339 340 339 339 339 339 338 337 337 337 338 338 338 338 338 337 337 337 337 337 337 337 338 337 338 338 338 338 338 338 338 337 338 337 337 337 336 336 336 336 336 335 335 335 335 334 334 334 334 335 335 335 334 334 335 335 335 334 334 334 334 334 333 333 NA NA NA NA NA NA NA NA NA NA NA NA NA NA NA NA NA NA NA NA NA NA NA NA NA NA NA NA
NA NA NA NA NA NA NA NA NA NA NA NA NA NA NA NA NA NA NA NA NA NA NA NA NA NA NA NA NA NA NA NA NA NA NA NA NA NA NA NA NA NA NA NA NA NA NA NA NA NA NA NA NA NA NA NA NA NA NA NA NA NA NA NA NA NA NA NA NA NA NA NA NA NA NA NA NA NA NA NA NA NA NA NA NA NA NA NA NA NA NA NA NA NA NA NA NA NA NA NA NA NA NA NA NA NA NA NA NA NA NA NA NA NA NA NA NA NA NA NA NA NA NA NA NA NA NA NA NA NA NA NA NA NA NA NA NA NA NA NA NA NA NA NA NA NA NA NA NA NA NA NA NA NA NA NA NA NA NA NA NA NA NA NA NA NA NA NA NA NA NA NA NA NA NA NA NA NA 344 344 344 343 343 343 343 343 344 344 344 344 344 344 344 344 345 345 345 345 345 346 346 NA NA NA NA NA NA NA NA NA NA NA NA NA NA NA NA NA NA NA NA NA NA NA NA NA NA NA NA NA NA NA NA NA NA NA NA NA NA NA NA NA NA NA NA NA NA NA NA NA NA NA NA NA NA NA NA NA NA NA NA NA NA NA NA NA NA NA NA NA NA NA NA NA NA NA NA NA NA NA NA NA NA NA NA NA NA NA NA NA NA NA NA 345 344 344 344 344 344 344 344 345 345 344 344 345 345 344 343 343 343 343 343 343 344 344 344 344 343 343 343 343 343 343 343 343 343 343 343 343 343 343 343 343 343 343 343 343 343 343 343 343 343 343 343 343 343 343 343 343 342 342 342 343 342 342 342 342 342 342 342 342 342 342 342 342 342 342 342 342 341 341 341 341 341 341 341 341 341 341 341 341 341 341 340 340 340 340 340 341 340 340 340 341 341 340 340 340 340 339 339 340 340 340 340 340 340 340 341 340 340 340 340 340 340 340 339 339 339 338 337 338 338 339 339 339 337 337 338 337 337 337 337 337 337 337 337 338 338 338 338 339 338 338 337 337 337 337 337 337 336 336 336 335 336 336 335 335 334 334 335 335 335 335 335 335 335 335 335 334 334 334 334 334 333 NA NA NA NA NA NA NA NA NA NA NA NA NA NA NA NA NA NA NA NA NA NA NA NA NA NA NA NA
NA NA NA NA NA NA NA NA NA NA NA NA NA NA NA NA NA NA NA NA NA NA NA NA NA NA NA NA NA NA NA NA NA NA NA NA NA NA NA NA NA NA NA NA NA NA NA NA NA NA NA NA NA NA NA NA NA NA NA NA NA NA NA NA NA NA NA NA NA NA NA NA NA NA NA NA NA NA NA NA NA NA NA NA NA NA NA NA NA NA NA NA NA NA NA NA NA NA NA NA NA NA NA NA NA NA NA NA NA NA NA NA NA NA NA NA NA NA NA NA NA NA NA NA NA NA NA NA NA NA NA NA NA NA NA NA NA NA NA NA NA NA NA NA NA NA NA NA NA NA NA NA NA NA NA NA NA NA NA NA NA NA NA NA NA NA NA NA NA NA NA NA NA NA NA NA NA NA NA NA NA NA 343 343 343 344 344 344 344 344 344 344 344 344 344 345 345 345 345 345 345 345 NA NA NA NA NA NA NA NA NA NA NA NA NA NA NA NA NA NA NA NA NA NA NA NA NA NA NA NA NA NA NA NA NA NA NA NA NA NA NA NA NA NA NA NA NA NA NA NA NA NA NA NA NA NA NA NA NA NA NA NA NA NA NA NA NA NA NA NA NA NA NA NA NA NA NA NA NA NA NA NA NA NA NA NA NA NA NA NA NA NA NA NA 344 344 344 344 344 345 345 345 345 345 345 345 344 344 343 343 343 343 343 344 344 344 344 343 343 343 343 343 343 343 343 343 343 343 343 343 343 343 343 343 343 343 343 343 343 343 343 342 343 343 343 343 343 342 342 342 342 342 342 342 342 342 342 342 342 342 342 342 342 342 342 342 342 342 342 342 341 341 341 341 341 341 341 341 341 341 341 341 341 341 341 341 341 340 340 341 340 340 341 341 341 341 340 340 340 340 339 340 340 340 340 340 341 341 341 340 340 341 341 341 341 340 339 340 340 339 338 337 338 338 338 339 339 338 339 339 338 337 337 337 337 337 337 338 337 338 338 339 338 338 338 337 337 337 336 336 337 337 336 336 336 336 336 335 335 334 334 335 335 335 335 335 335 335 335 334 334 334 334 NA NA NA NA NA NA NA NA NA NA NA NA NA NA NA NA NA NA NA NA NA NA NA NA NA NA NA NA NA NA
NA NA NA NA NA NA NA NA NA NA NA NA NA NA NA NA NA NA NA NA NA NA NA NA NA NA NA NA NA NA NA NA NA NA NA NA NA NA NA NA NA NA NA NA NA NA NA NA NA NA NA NA NA NA NA NA NA NA NA NA NA NA NA NA NA NA NA NA NA NA NA NA NA NA NA NA NA NA NA NA NA NA NA NA NA NA NA NA NA NA NA NA NA NA NA NA NA NA NA NA NA NA NA NA NA NA NA NA NA NA NA NA NA NA NA NA NA NA NA NA NA NA NA NA NA NA NA NA NA NA NA NA NA NA NA NA NA NA NA NA NA NA NA NA NA NA NA NA NA NA NA NA NA NA NA NA NA NA NA NA NA NA NA NA NA NA NA NA NA NA NA NA NA NA NA NA NA NA NA NA NA NA NA NA 343 344 344 344 344 344 344 344 344 344 345 345 345 345 345 345 345 345 346 NA NA NA NA NA NA NA NA NA NA NA NA NA NA NA NA NA NA NA NA NA NA NA NA NA NA NA NA NA NA NA NA NA NA NA NA NA NA NA NA NA NA NA NA NA NA NA NA NA NA NA NA NA NA NA NA NA NA NA NA NA NA NA NA NA NA NA NA NA NA NA NA NA NA NA NA NA NA NA NA NA NA NA NA NA NA NA NA NA NA NA NA 345 345 345 NA 345 345 345 345 345 345 344 344 344 343 344 343 344 343 344 344 344 344 344 343 343 343 343 343 343 343 343 343 343 343 342 343 343 343 343 343 343 343 343 342 342 342 342 342 342 342 342 342 342 342 342 342 342 342 342 342 342 342 342 342 342 342 342 342 342 342 342 342 342 342 342 342 342 342 341 341 341 341 341 341 341 341 341 341 341 341 341 341 340 340 341 340 341 340 340 340 340 340 340 341 341 340 339 340 340 340 340 341 341 341 341 340 341 341 341 341 341 341 340 340 340 339 339 338 338 338 339 339 339 339 339 339 338 338 337 338 337 337 337 337 338 338 338 338 338 337 338 338 337 337 336 337 337 336 336 336 337 337 335 335 335 334 335 336 336 336 336 335 335 334 334 335 334 334 NA NA NA NA NA NA NA NA NA NA NA NA NA NA NA NA NA NA NA NA NA NA NA NA NA NA NA NA NA NA
NA NA NA NA NA NA NA NA NA NA NA NA NA NA NA NA NA NA NA NA NA NA NA NA NA NA NA NA NA NA NA NA NA NA NA NA NA NA NA NA NA NA NA NA NA NA NA NA NA NA NA NA NA NA NA NA NA NA NA NA NA NA NA NA NA NA NA NA NA NA NA NA NA NA NA NA NA NA NA NA NA NA NA NA NA NA NA NA NA NA NA NA NA NA NA NA NA NA NA NA NA NA NA NA NA NA NA NA NA NA NA NA NA NA NA NA NA NA NA NA NA NA NA NA NA NA NA NA NA NA NA NA NA NA NA NA NA NA NA NA NA NA NA NA NA NA NA NA NA NA NA NA NA NA NA NA NA NA NA NA NA NA NA NA NA NA NA NA NA NA NA NA NA NA NA NA NA NA NA NA NA NA NA NA 343 344 344 344 344 344 344 344 345 344 345 345 345 345 346 346 346 346 346 346 NA NA NA NA NA NA NA NA NA NA NA NA NA NA NA NA NA NA NA NA NA NA NA NA NA NA NA NA NA NA NA NA NA NA NA NA NA NA NA NA NA NA NA NA NA NA NA NA NA NA NA NA NA NA NA NA NA NA NA NA NA NA NA NA NA NA NA NA NA NA NA NA NA NA NA NA NA NA NA NA NA NA NA NA NA NA NA NA NA NA NA NA NA NA NA NA NA NA NA 345 345 344 344 344 344 344 344 343 343 344 344 344 344 344 343 343 343 343 343 343 343 343 343 343 342 343 342 343 343 343 343 342 342 342 342 342 342 342 342 342 342 342 342 342 342 342 342 342 342 342 342 342 342 342 342 342 342 342 342 342 342 342 342 342 342 342 342 342 342 341 341 341 341 341 341 341 341 341 341 341 341 341 341 340 340 340 340 340 340 340 341 341 341 341 341 341 341 340 340 340 340 340 340 341 341 341 341 341 342 341 341 340 341 340 339 339 339 338 338 338 338 338 338 338 338 339 339 339 339 339 339 338 338 338 337 337 337 338 338 338 338 338 338 338 338 337 337 338 337 337 337 337 337 336 336 335 335 334 335 336 336 336 336 335 335 335 335 334 NA NA NA NA NA NA NA NA NA NA NA NA NA NA NA NA NA NA NA NA NA NA NA NA NA NA NA NA NA NA NA
NA NA NA NA NA NA NA NA NA NA NA NA NA NA NA NA NA NA NA NA NA NA NA NA NA NA NA NA NA NA NA NA NA NA NA NA NA NA NA NA NA NA NA NA NA NA NA NA NA NA NA NA NA NA NA NA NA NA NA NA NA NA NA NA NA NA NA NA NA NA NA NA NA NA NA NA NA NA NA NA NA NA NA NA NA NA NA NA NA NA NA NA NA NA NA NA NA NA NA NA NA NA NA NA NA NA NA NA NA NA NA NA NA NA NA NA NA NA NA NA NA NA NA NA NA NA NA NA NA NA NA NA NA NA NA NA NA NA NA NA NA NA NA NA NA NA NA NA NA NA NA NA NA NA NA NA NA NA NA NA NA NA NA NA NA NA NA NA NA NA NA NA NA NA NA NA NA NA NA NA NA NA NA NA 344 344 344 344 344 345 344 345 345 345 346 345 345 345 346 346 346 346 346 346 347 347 NA NA NA NA NA NA NA NA NA NA NA NA NA NA NA NA NA NA NA NA NA NA NA NA NA NA NA NA NA NA NA NA NA NA NA NA NA NA NA NA NA NA NA NA NA NA NA NA NA NA NA NA NA NA NA NA NA NA NA NA NA NA NA NA NA NA NA NA NA NA NA NA NA NA NA NA NA NA NA NA NA NA NA NA NA NA NA NA NA NA NA NA NA NA NA NA NA NA 345 344 344 344 344 344 344 344 344 344 344 344 344 343 343 343 344 344 343 343 343 344 343 343 343 342 342 343 343 343 342 342 342 342 342 342 342 342 343 342 342 343 343 342 342 343 343 342 342 342 342 343 342 342 342 342 342 342 342 342 342 342 342 342 342 342 342 342 342 341 341 341 341 341 341 341 341 341 341 341 341 341 341 341 341 340 340 340 340 341 341 341 341 341 341 340 341 340 340 340 340 340 340 340 341 341 342 342 342 341 340 340 339 339 338 338 338 339 339 338 339 338 339 338 338 338 339 339 340 340 339 339 339 339 338 338 338 338 338 338 338 338 339 338 337 338 338 338 NA NA NA NA NA 337 336 335 335 335 335 335 336 336 336 336 335 NA 335 335 NA NA NA NA NA NA NA NA NA NA NA NA NA NA NA NA NA NA NA NA NA NA NA NA NA NA NA NA NA NA NA
NA NA NA NA NA NA NA NA NA NA NA NA NA NA NA NA NA NA NA NA NA NA NA NA NA NA NA NA NA NA NA NA NA NA NA NA NA NA NA NA NA NA NA NA NA NA NA NA NA NA NA NA NA NA NA NA NA NA NA NA NA NA NA NA NA NA NA NA NA NA NA NA NA NA NA NA NA NA NA NA NA NA NA NA NA NA NA NA NA NA NA NA NA NA NA NA NA NA NA NA NA NA NA NA NA NA NA NA NA NA NA NA NA NA NA NA NA NA NA NA NA NA NA NA NA NA NA NA NA NA NA NA NA NA NA NA NA NA NA NA NA NA NA NA NA NA NA NA NA NA NA NA NA NA NA NA NA NA NA NA NA NA NA NA NA NA NA NA NA NA NA NA NA NA NA NA NA NA NA NA NA NA NA NA 344 344 344 345 345 345 345 345 346 346 346 346 346 346 346 346 346 347 347 347 NA NA NA NA NA NA NA NA NA NA NA NA NA NA NA NA NA NA NA NA NA NA NA NA NA NA NA NA NA NA NA NA NA NA NA NA NA NA NA NA NA NA NA NA NA NA NA NA NA NA NA NA NA NA NA NA NA NA NA NA NA NA NA NA NA NA NA NA NA NA NA NA NA NA NA NA NA NA NA NA NA NA NA NA NA NA NA NA NA NA NA NA NA NA NA NA NA NA NA NA 345 345 345 344 345 345 345 345 345 344 344 344 344 343 343 343 343 343 343 343 343 343 343 343 343 343 342 342 343 343 342 342 343 342 342 343 342 342 343 343 343 343 343 343 342 343 342 342 342 342 343 343 342 342 342 342 342 342 342 342 342 342 342 342 342 342 342 341 341 341 341 341 341 341 341 341 341 341 341 341 341 341 341 341 340 340 340 340 340 340 340 340 340 340 340 340 341 341 340 340 340 340 340 341 341 342 342 342 342 341 340 340 339 339 339 339 340 340 339 339 339 339 339 339 338 338 339 339 340 339 339 339 339 339 339 339 339 338 338 339 339 339 NA 338 338 338 338 NA NA NA NA NA NA NA NA NA NA NA 335 335 336 NA NA NA NA NA NA NA NA NA NA NA NA NA NA NA NA NA NA NA NA NA NA NA NA NA NA NA NA NA NA NA NA NA NA NA NA NA NA
NA NA NA NA NA NA NA NA NA NA NA NA NA NA NA NA NA NA NA NA NA NA NA NA NA NA NA NA NA NA NA NA NA NA NA NA NA NA NA NA NA NA NA NA NA NA NA NA NA NA NA NA NA NA NA NA NA NA NA NA NA NA NA NA NA NA NA NA NA NA NA NA NA NA NA NA NA NA NA NA NA NA NA NA NA NA NA NA NA NA NA NA NA NA NA NA NA NA NA NA NA NA NA NA NA NA NA NA NA NA NA NA NA NA NA NA NA NA NA NA NA NA NA NA NA NA NA NA NA NA NA NA NA NA NA NA NA NA NA NA NA NA NA NA NA NA NA NA NA NA NA NA NA NA NA NA NA NA NA NA NA NA NA NA NA NA NA NA NA NA NA NA NA NA NA NA NA NA NA NA NA NA NA 344 345 344 344 345 345 345 345 345 346 347 347 347 346 346 346 346 346 347 NA NA NA NA NA NA NA NA NA NA NA NA NA NA NA NA NA NA NA NA NA NA NA NA NA NA NA NA NA NA NA NA NA NA NA NA NA NA NA NA NA NA NA NA NA NA NA NA NA NA NA NA NA NA NA NA NA NA NA NA NA NA NA NA NA NA NA NA NA NA NA NA NA NA NA NA NA NA NA NA NA NA NA NA NA NA NA NA NA NA NA NA NA NA NA NA NA NA NA NA NA NA NA NA NA NA 345 NA NA NA NA NA 344 344 343 343 343 343 343 343 343 343 343 343 343 343 343 343 343 343 342 342 342 343 343 343 343 343 342 343 343 343 343 343 343 343 343 343 342 342 342 342 343 343 343 342 342 342 342 342 342 342 342 342 342 342 342 342 341 341 341 341 341 341 341 341 341 341 341 341 341 341 341 341 341 341 341 340 340 340 340 340 340 340 340 339 340 340 340 340 340 340 340 340 341 341 341 341 341 341 342 341 341 340 339 339 340 340 341 340 339 339 340 340 340 340 339 338 338 339 339 338 338 338 338 338 338 338 338 338 338 339 NA NA NA NA NA 338 339 NA NA NA NA NA NA NA NA NA NA NA NA 335 NA NA NA NA NA NA NA NA NA NA NA NA NA NA NA NA NA NA NA NA NA NA NA NA NA NA NA NA NA NA NA NA NA NA NA NA NA NA NA
NA NA NA NA NA NA NA NA NA NA NA NA NA NA NA NA NA NA NA NA NA NA NA NA NA NA NA NA NA NA NA NA NA NA NA NA NA NA NA NA NA NA NA NA NA NA NA NA NA NA NA NA NA NA NA NA NA NA NA NA NA NA NA NA NA NA NA NA NA NA NA NA NA NA NA NA NA NA NA NA NA NA NA NA NA NA NA NA NA NA NA NA NA NA NA NA NA NA NA NA NA NA NA NA NA NA NA NA NA NA NA NA NA NA NA NA NA NA NA NA NA NA NA NA NA NA NA NA NA NA NA NA NA NA NA NA NA NA NA NA NA NA NA NA NA NA NA NA NA NA NA NA NA NA NA NA NA NA NA NA NA NA NA NA NA NA NA NA NA NA NA NA NA NA NA NA NA NA NA NA NA NA NA 344 345 345 345 345 345 345 345 346 346 346 347 347 347 347 347 347 NA NA NA NA NA NA NA NA NA NA NA NA NA NA NA NA NA NA NA NA NA NA NA NA NA NA NA NA NA NA NA NA NA NA NA NA NA NA NA NA NA NA NA NA NA NA NA NA NA NA NA NA NA NA NA NA NA NA NA NA NA NA NA NA NA NA NA NA NA NA NA NA NA NA NA NA NA NA NA NA NA NA NA NA NA NA NA NA NA NA NA NA NA NA NA NA NA NA NA NA NA NA NA NA NA NA NA NA NA NA NA NA NA NA 345 344 344 344 343 344 344 344 343 344 343 343 343 343 343 343 343 343 343 342 343 343 343 343 343 343 342 343 343 343 343 343 343 343 343 343 343 342 342 342 343 343 343 342 342 342 342 342 342 342 342 342 342 342 341 341 341 341 341 341 341 341 341 341 341 342 341 341 341 341 341 341 341 341 341 340 340 341 340 341 340 340 339 339 339 339 340 340 340 340 340 340 341 341 341 341 341 341 342 341 341 340 339 340 340 341 341 340 340 339 340 341 340 339 339 338 338 338 338 338 339 338 338 339 339 338 338 338 338 338 NA NA NA NA NA NA NA NA NA NA NA NA NA NA NA NA NA NA NA NA NA NA NA NA NA NA NA NA NA NA NA NA NA NA NA NA NA NA NA NA NA NA NA NA NA NA NA NA NA NA NA NA NA NA NA NA NA NA NA
NA NA NA NA NA NA NA NA NA NA NA NA NA NA NA NA NA NA NA NA NA NA NA NA NA NA NA NA NA NA NA NA NA NA NA NA NA NA NA NA NA NA NA NA NA NA NA NA NA NA NA NA NA NA NA NA NA NA NA NA NA NA NA NA NA NA NA NA NA NA NA NA NA NA NA NA NA NA NA NA NA NA NA NA NA NA NA NA NA NA NA NA NA NA NA NA NA NA NA NA NA NA NA NA NA NA NA NA NA NA NA NA NA NA NA NA NA NA NA NA NA NA NA NA NA NA NA NA NA NA NA NA NA NA NA NA NA NA NA NA NA NA NA NA NA NA NA NA NA NA NA NA NA NA NA NA NA NA NA NA NA NA NA NA NA NA NA NA NA NA NA NA NA NA NA NA NA NA NA NA NA NA NA NA 345 345 346 346 346 346 346 347 347 347 347 347 347 347 NA NA NA NA NA NA NA NA NA NA NA NA NA NA NA NA NA NA NA NA NA NA NA NA NA NA NA NA NA NA NA NA NA NA NA NA NA NA NA NA NA NA NA NA NA NA NA NA NA NA NA NA NA NA NA NA NA NA NA NA NA NA NA NA NA NA NA NA NA NA NA NA NA NA NA NA NA NA NA NA NA NA NA NA NA NA NA NA NA NA NA NA NA NA NA NA NA NA NA NA NA NA NA NA NA NA NA NA NA NA NA NA NA NA NA NA 345 344 344 344 344 344 344 344 344 344 343 343 343 343 343 343 343 343 342 343 343 343 343 343 343 343 343 343 343 343 343 343 343 343 343 343 342 342 342 342 342 343 343 343 343 342 342 342 342 342 342 342 341 341 341 341 341 341 341 342 342 342 341 341 341 342 342 342 342 341 341 341 341 341 341 341 341 341 340 340 341 340 339 339 339 340 340 340 340 341 341 341 341 341 341 341 341 341 341 341 341 340 340 340 341 341 341 341 340 340 340 340 339 339 340 339 339 339 340 340 339 338 338 339 339 338 338 339 339 NA NA NA NA NA NA NA NA NA NA NA NA NA NA NA NA NA NA NA NA NA NA NA NA NA NA NA NA NA NA NA NA NA NA NA NA NA NA NA NA NA NA NA NA NA NA NA NA NA NA NA NA NA NA NA NA NA NA NA NA
NA NA NA NA NA NA NA NA NA NA NA NA NA NA NA NA NA NA NA NA NA NA NA NA NA NA NA NA NA NA NA NA NA NA NA NA NA NA NA NA NA NA NA NA NA NA NA NA NA NA NA NA NA NA NA NA NA NA NA NA NA NA NA NA NA NA NA NA NA NA NA NA NA NA NA NA NA NA NA NA NA NA NA NA NA NA NA NA NA NA NA NA NA NA NA NA NA NA NA NA NA NA NA NA NA NA NA NA NA NA NA NA NA NA NA NA NA NA NA NA NA NA NA NA NA NA NA NA NA NA NA NA NA NA NA NA NA NA NA NA NA NA NA NA NA NA NA NA NA NA NA NA NA NA NA NA NA NA NA NA NA NA NA NA NA NA NA NA NA NA NA NA NA NA NA NA NA NA NA NA NA NA NA NA 347 346 346 347 347 347 NA NA 348 347 347 347 347 NA NA NA NA NA NA NA NA NA NA NA NA NA NA NA NA NA NA NA NA NA NA NA NA NA NA NA NA NA NA NA NA NA NA NA NA NA NA NA NA NA NA NA NA NA NA NA NA NA NA NA NA NA NA NA NA NA NA NA NA NA NA NA NA NA NA NA NA NA NA NA NA NA NA NA NA NA NA NA NA NA NA NA NA NA NA NA NA NA NA NA NA NA NA NA NA NA NA NA NA NA NA NA NA NA NA NA NA NA NA NA NA NA NA NA NA 345 345 345 344 344 344 344 344 344 344 344 344 343 343 343 343 343 342 343 342 343 343 343 343 343 343 343 343 343 343 343 343 344 344 343 343 343 342 342 342 342 342 343 343 342 342 342 342 342 342 342 341 341 341 341 341 342 342 341 341 342 343 343 342 341 342 341 342 342 342 341 341 341 342 342 341 341 341 340 340 340 340 341 340 339 339 339 340 340 340 341 341 341 341 341 341 341 341 341 341 342 341 340 340 340 340 340 341 342 341 341 341 341 340 340 340 339 339 340 340 339 339 339 339 339 339 338 339 NA NA NA NA NA NA NA NA NA NA NA NA NA NA NA NA NA NA NA NA NA NA NA NA NA NA NA NA NA NA NA NA NA NA NA NA NA NA NA NA NA NA NA NA NA NA NA NA NA NA NA NA NA NA NA NA NA NA NA NA NA NA
NA NA NA NA NA NA NA NA NA NA NA NA NA NA NA NA NA NA NA NA NA NA NA NA NA NA NA NA NA NA NA NA NA NA NA NA NA NA NA NA NA NA NA NA NA NA NA NA NA NA NA NA NA NA NA NA NA NA NA NA NA NA NA NA NA NA NA NA NA NA NA NA NA NA NA NA NA NA NA NA NA NA NA NA NA NA NA NA NA NA NA NA NA NA NA NA NA NA NA NA NA NA NA NA NA NA NA NA NA NA NA NA NA NA NA NA NA NA NA NA NA NA NA NA NA NA NA NA NA NA NA NA NA NA NA NA NA NA NA NA NA NA NA NA NA NA NA NA NA NA NA NA NA NA NA NA NA NA NA NA NA NA NA NA NA NA NA NA NA NA NA NA NA NA NA NA NA NA NA NA NA NA NA NA NA 347 347 NA NA NA NA NA NA 347 347 NA NA NA NA NA NA NA NA NA NA NA NA NA NA NA NA NA NA NA NA NA NA NA NA NA NA NA NA NA NA NA NA NA NA NA NA NA NA NA NA NA NA NA NA NA NA NA NA NA NA NA NA NA NA NA NA NA NA NA NA NA NA NA NA NA NA NA NA NA NA NA NA NA NA NA NA NA NA NA NA NA NA NA NA NA NA NA NA NA NA NA NA NA NA NA NA NA NA NA NA NA NA NA NA NA NA NA NA NA NA NA NA NA NA NA NA NA NA 345 345 344 344 344 344 344 344 344 344 344 344 343 343 343 343 343 343 343 342 343 343 343 343 343 343 343 344 343 344 344 344 343 343 343 343 343 343 342 342 342 342 343 343 342 342 342 342 342 342 342 342 342 342 342 342 342 342 342 341 342 342 343 342 341 342 342 342 342 342 341 341 342 342 342 341 341 341 340 341 341 341 340 340 339 339 340 340 340 340 341 341 341 341 341 341 341 341 341 341 342 341 341 340 340 340 341 341 342 342 342 342 341 340 341 341 340 340 340 339 340 339 340 339 339 340 339 NA NA NA NA NA NA NA NA NA NA NA NA NA NA NA NA NA NA NA NA NA NA NA NA NA NA NA NA NA NA NA NA NA NA NA NA NA NA NA NA NA NA NA NA NA NA NA NA NA NA NA NA NA NA NA NA NA NA NA NA NA NA NA
NA NA NA NA NA NA NA NA NA NA NA NA NA NA NA NA NA NA NA NA NA NA NA NA NA NA NA NA NA NA NA NA NA NA NA NA NA NA NA NA NA NA NA NA NA NA NA NA NA NA NA NA NA NA NA NA NA NA NA NA NA NA NA NA NA NA NA NA NA NA NA NA NA NA NA NA NA NA NA NA NA NA NA NA NA NA NA NA NA NA NA NA NA NA NA NA NA NA NA NA NA NA NA NA NA NA NA NA NA NA NA NA NA NA NA NA NA NA NA NA NA NA NA NA NA NA NA NA NA NA NA NA NA NA NA NA NA NA NA NA NA NA NA NA NA NA NA NA NA NA NA NA NA NA NA NA NA NA NA NA NA NA NA NA NA NA NA NA NA NA NA NA NA NA NA NA NA NA NA NA NA NA NA NA NA NA NA NA NA NA NA NA NA NA NA NA NA NA NA NA NA NA NA NA NA NA NA NA NA NA NA NA NA NA NA NA NA NA NA NA NA NA NA NA NA NA NA NA NA NA NA NA NA NA NA NA NA NA NA NA NA NA NA NA NA NA NA NA NA NA NA NA NA NA NA NA NA NA NA NA NA NA NA NA NA NA NA NA NA NA NA NA NA NA NA NA NA NA NA NA NA NA NA NA NA NA NA NA NA NA NA NA NA NA NA NA NA NA NA NA NA NA NA NA NA NA NA NA NA NA NA NA 345 345 345 344 344 344 344 344 344 344 344 344 344 344 344 344 344 343 343 343 342 343 343 343 343 343 343 343 344 344 344 344 343 343 343 343 343 343 343 343 342 342 342 343 343 342 343 342 342 342 342 342 342 342 342 342 342 343 343 343 342 342 343 343 342 342 342 343 342 341 341 341 341 342 342 342 342 341 341 340 341 341 340 340 340 339 339 339 339 339 339 340 340 340 341 341 341 341 341 341 341 342 342 341 341 341 341 341 342 342 342 342 342 342 341 341 341 340 340 340 340 340 340 340 340 NA NA NA NA NA NA NA NA NA NA NA NA NA NA NA NA NA NA NA NA NA NA NA NA NA NA NA NA NA NA NA NA NA NA NA NA NA NA NA NA NA NA NA NA NA NA NA NA NA NA NA NA NA NA NA NA NA NA NA NA NA NA NA NA NA NA
NA NA NA NA NA NA NA NA NA NA NA NA NA NA NA NA NA NA NA NA NA NA NA NA NA NA NA NA NA NA NA NA NA NA NA NA NA NA NA NA NA NA NA NA NA NA NA NA NA NA NA NA NA NA NA NA NA NA NA NA NA NA NA NA NA NA NA NA NA NA NA NA NA NA NA NA NA NA NA NA NA NA NA NA NA NA NA NA NA NA NA NA NA NA NA NA NA NA NA NA NA NA NA NA NA NA NA NA NA NA NA NA NA NA NA NA NA NA NA NA NA NA NA NA NA NA NA NA NA NA NA NA NA NA NA NA NA NA NA NA NA NA NA NA NA NA NA NA NA NA NA NA NA NA NA NA NA NA NA NA NA NA NA NA NA NA NA NA NA NA NA NA NA NA NA NA NA NA NA NA NA NA NA NA NA NA NA NA NA NA NA NA NA NA NA NA NA NA NA NA NA NA NA NA NA NA NA NA NA NA NA NA NA NA NA NA NA NA NA NA NA NA NA NA NA NA NA NA NA NA NA NA NA NA NA NA NA NA NA NA NA NA NA NA NA NA NA NA NA NA NA NA NA NA NA NA NA NA NA NA NA NA NA NA NA NA NA NA NA NA NA NA NA NA NA NA NA NA NA NA NA NA NA NA NA NA NA NA NA NA NA NA NA NA NA NA NA NA NA NA NA NA NA NA NA NA NA NA NA NA NA NA 345 344 344 344 344 344 344 344 344 344 344 344 344 344 344 344 344 343 343 343 342 343 343 343 343 343 343 343 343 343 343 343 343 343 344 343 343 343 343 343 343 342 342 343 343 343 343 342 342 343 343 342 342 342 342 342 343 343 343 342 342 342 342 343 342 342 343 343 342 342 342 341 341 342 342 342 342 341 341 340 341 341 340 339 339 339 340 340 340 340 340 340 340 340 341 342 342 341 341 341 341 342 342 342 341 341 342 342 342 342 342 342 342 342 342 341 340 340 339 340 340 340 340 NA NA NA NA NA NA NA NA NA NA NA NA NA NA NA NA NA NA NA NA NA NA NA NA NA NA NA NA NA NA NA NA NA NA NA NA NA NA NA NA NA NA NA NA NA NA NA NA NA NA NA NA NA NA NA NA NA NA NA NA NA NA NA NA NA NA NA NA
NA NA NA NA NA NA NA NA NA NA NA NA NA NA NA NA NA NA NA NA NA NA NA NA NA NA NA NA NA NA NA NA NA NA NA NA NA NA NA NA NA NA NA NA NA NA NA NA NA NA NA NA NA NA NA NA NA NA NA NA NA NA NA NA NA NA NA NA NA NA NA NA NA NA NA NA NA NA NA NA NA NA NA NA NA NA NA NA NA NA NA NA NA NA NA NA NA NA NA NA NA NA NA NA NA NA NA NA NA NA NA NA NA NA NA NA NA NA NA NA NA NA NA NA NA NA NA NA NA NA NA NA NA NA NA NA NA NA NA NA NA NA NA NA NA NA NA NA NA NA NA NA NA NA NA NA NA NA NA NA NA NA NA NA NA NA NA NA NA NA NA NA NA NA NA NA NA NA NA NA NA NA NA NA NA NA NA NA NA NA NA NA NA NA NA NA NA NA NA NA NA NA NA NA NA NA NA NA NA NA NA NA NA NA NA NA NA NA NA NA NA NA NA NA NA NA NA NA NA NA NA NA NA NA NA NA NA NA NA NA NA NA NA NA NA NA NA NA NA NA NA NA NA NA NA NA NA NA NA NA NA NA NA NA NA NA NA NA NA NA NA NA NA NA NA NA NA NA NA NA NA NA NA NA NA NA NA NA NA NA NA NA NA NA NA NA NA NA NA NA NA NA NA NA NA NA NA NA NA NA NA NA NA 345 344 344 344 344 345 344 344 344 344 344 344 344 344 344 344 344 343 343 343 343 343 343 343 343 343 344 343 344 344 343 343 343 344 343 343 343 343 343 343 342 342 343 343 343 342 342 342 342 343 342 342 342 342 342 343 343 343 342 343 343 343 343 342 342 343 342 342 343 342 341 341 342 342 342 341 341 341 340 340 340 340 339 339 340 340 340 341 341 341 341 341 341 341 342 342 342 341 341 342 342 342 342 341 341 341 341 341 342 342 342 342 342 342 342 341 340 340 339 340 340 340 NA NA NA NA NA NA NA NA NA NA NA NA NA NA NA NA NA NA NA NA NA NA NA NA NA NA NA NA NA NA NA NA NA NA NA NA NA NA NA NA NA NA NA NA NA NA NA NA NA NA NA NA NA NA NA NA NA NA NA NA NA NA NA NA NA NA NA NA
NA NA NA NA NA NA NA NA NA NA NA NA NA NA NA NA NA NA NA NA NA NA NA NA NA NA NA NA NA NA NA NA NA NA NA NA NA NA NA NA NA NA NA NA NA NA NA NA NA NA NA NA NA NA NA NA NA NA NA NA NA NA NA NA NA NA NA NA NA NA NA NA NA NA NA NA NA NA NA NA NA NA NA NA NA NA NA NA NA NA NA NA NA NA NA NA NA NA NA NA NA NA NA NA NA NA NA NA NA NA NA NA NA NA NA NA NA NA NA NA NA NA NA NA NA NA NA NA NA NA NA NA NA NA NA NA NA NA NA NA NA NA NA NA NA NA NA NA NA NA NA NA NA NA NA NA NA NA NA NA NA NA NA NA NA NA NA NA NA NA NA NA NA NA NA NA NA NA NA NA NA NA NA NA NA NA NA NA NA NA NA NA NA NA NA NA NA NA NA NA NA NA NA NA NA NA NA NA NA NA NA NA NA NA NA NA NA NA NA NA NA NA NA NA NA NA NA NA NA NA NA NA NA NA NA NA NA NA NA NA NA NA NA NA NA NA NA NA NA NA NA NA NA NA NA NA NA NA NA NA NA NA NA NA NA NA NA NA NA NA NA NA NA NA NA NA NA NA NA NA NA NA NA NA NA NA NA NA NA NA NA NA NA NA NA NA NA NA NA NA NA NA NA NA NA NA NA NA NA NA NA 346 345 344 344 344 344 344 344 344 344 344 344 344 344 344 344 344 344 343 343 343 343 344 343 343 343 344 343 344 344 344 344 343 343 343 344 343 343 343 343 343 343 342 342 343 343 343 342 342 342 342 342 343 342 343 343 343 343 343 343 342 342 343 344 343 342 342 343 343 342 343 342 342 341 342 342 342 341 341 341 340 339 339 339 339 340 340 340 340 341 341 341 341 341 341 342 342 342 342 342 341 342 342 343 342 342 341 341 341 341 341 341 341 341 342 342 342 341 340 340 339 339 340 339 NA NA NA NA NA NA NA NA NA NA NA NA NA NA NA NA NA NA NA NA NA NA NA NA NA NA NA NA NA NA NA NA NA NA NA NA NA NA NA NA NA NA NA NA NA NA NA NA NA NA NA NA NA NA NA NA NA NA NA NA NA NA NA NA NA NA NA NA
NA NA NA NA NA NA NA NA NA NA NA NA NA NA NA NA NA NA NA NA NA NA NA NA NA NA NA NA NA NA NA NA NA NA NA NA NA NA NA NA NA NA NA NA NA NA NA NA NA NA NA NA NA NA NA NA NA NA NA NA NA NA NA NA NA NA NA NA NA NA NA NA NA NA NA NA NA NA NA NA NA NA NA NA NA NA NA NA NA NA NA NA NA NA NA NA NA NA NA NA NA NA NA NA NA NA NA NA NA NA NA NA NA NA NA NA NA NA NA NA NA NA NA NA NA NA NA NA NA NA NA NA NA NA NA NA NA NA NA NA NA NA NA NA NA NA NA NA NA NA NA NA NA NA NA NA NA NA NA NA NA NA NA NA NA NA NA NA NA NA NA NA NA NA NA NA NA NA NA NA NA NA NA NA NA NA NA NA NA NA NA NA NA NA NA NA NA NA NA NA NA NA NA NA NA NA NA NA NA NA NA NA NA NA NA NA NA NA NA NA NA NA NA NA NA NA NA NA NA NA NA NA NA NA NA NA NA NA NA NA NA NA NA NA NA NA NA NA NA NA NA NA NA NA NA NA NA NA NA NA NA NA NA NA NA NA NA NA NA NA NA NA NA NA NA NA NA NA NA NA NA NA NA NA NA NA NA NA NA NA NA NA NA NA NA NA NA NA NA NA NA NA NA NA NA NA NA NA NA NA NA 345 345 344 344 344 344 343 344 344 344 344 344 344 344 344 344 344 343 343 343 343 343 344 344 344 344 344 344 344 344 344 344 343 343 343 343 343 343 343 343 343 343 342 343 343 343 343 342 342 342 343 343 343 343 344 344 343 344 344 343 343 343 343 344 344 343 343 343 343 342 342 342 342 342 342 343 342 342 341 340 339 339 339 340 340 340 341 341 341 341 341 341 342 342 341 341 342 342 342 342 342 342 343 343 342 342 341 342 342 342 341 342 342 342 342 342 342 341 340 340 340 339 339 339 339 NA NA NA NA NA NA NA NA NA NA NA NA NA NA NA NA NA NA NA NA NA NA NA NA NA NA NA NA NA NA NA NA NA NA NA NA NA NA NA NA NA NA NA NA NA NA NA NA NA NA NA NA NA NA NA NA NA NA NA NA NA NA NA NA NA NA NA
NA NA NA NA NA NA NA NA NA NA NA NA NA NA NA NA NA NA NA NA NA NA NA NA NA NA NA NA NA NA NA NA NA NA NA NA NA NA NA NA NA NA NA NA NA NA NA NA NA NA NA NA NA NA NA NA NA NA NA NA NA NA NA NA NA NA NA NA NA NA NA NA NA NA NA NA NA NA NA NA NA NA NA NA NA NA NA NA NA NA NA NA NA NA NA NA NA NA NA NA NA NA NA NA NA NA NA NA NA NA NA NA NA NA NA NA NA NA NA NA NA NA NA NA NA NA NA NA NA NA NA NA NA NA NA NA NA NA NA NA NA NA NA NA NA NA NA NA NA NA NA NA NA NA NA NA NA NA NA NA NA NA NA NA NA NA NA NA NA NA NA NA NA NA NA NA NA NA NA NA NA NA NA NA NA NA NA NA NA NA NA NA NA NA NA NA NA NA NA NA NA NA NA NA NA NA NA NA NA NA NA NA NA NA NA NA NA NA NA NA NA NA NA NA NA NA NA NA NA NA NA NA NA NA NA NA NA NA NA NA NA NA NA NA NA NA NA NA NA NA NA NA NA NA NA NA NA NA NA NA NA NA NA NA NA NA NA NA NA NA NA NA NA NA NA NA NA NA NA NA NA NA NA NA NA NA NA NA NA NA NA NA NA NA NA NA NA NA NA NA NA NA NA NA NA NA NA NA NA NA NA 345 345 344 344 344 344 344 344 344 344 344 344 344 344 343 343 343 343 343 344 343 343 343 343 343 343 344 343 344 344 344 344 344 344 343 343 343 343 343 343 343 342 342 343 343 343 343 343 342 342 342 342 342 342 343 344 344 344 344 344 343 343 343 344 344 344 344 343 343 343 342 341 342 342 342 342 341 341 341 340 340 339 340 341 341 341 341 341 341 341 342 341 341 342 342 342 342 342 342 342 342 342 343 343 342 342 342 343 343 342 342 342 342 342 342 342 342 341 340 340 340 340 340 340 340 340 NA NA NA NA NA NA NA NA NA NA NA NA NA NA NA NA NA NA NA NA NA NA NA NA NA NA NA NA NA NA NA NA NA NA NA NA NA NA NA NA NA NA NA NA NA NA NA NA NA NA NA NA NA NA NA NA NA NA NA NA NA NA NA NA NA NA
NA NA NA NA NA NA NA NA NA NA NA NA NA NA NA NA NA NA NA NA NA NA NA NA NA NA NA NA NA NA NA NA NA NA NA NA NA NA NA NA NA NA NA NA NA NA NA NA NA NA NA NA NA NA NA NA NA NA NA NA NA NA NA NA NA NA NA NA NA NA NA NA NA NA NA NA NA NA NA NA NA NA NA NA NA NA NA NA NA NA NA NA NA NA NA NA NA NA NA NA NA NA NA NA NA NA NA NA NA NA NA NA NA NA NA NA NA NA NA NA NA NA NA NA NA NA NA NA NA NA NA NA NA NA NA NA NA NA NA NA NA NA NA NA NA NA NA NA NA NA NA NA NA NA NA NA NA NA NA NA NA NA NA NA NA NA NA NA NA NA NA NA NA NA NA NA NA NA NA NA NA NA NA NA NA NA NA NA NA NA NA NA NA NA NA NA NA NA NA NA NA NA NA NA NA NA NA NA NA NA NA NA NA NA NA NA NA NA NA NA NA NA NA NA NA NA NA NA NA NA NA NA NA NA NA NA NA NA NA NA NA NA NA NA NA NA NA NA NA NA NA NA NA NA NA NA NA NA NA NA NA NA NA NA NA NA NA NA NA NA NA NA NA NA NA NA NA NA NA NA NA NA NA NA NA NA NA NA NA NA NA NA NA NA NA NA NA NA NA NA NA NA NA NA NA NA NA NA NA NA NA 346 345 345 344 344 344 344 345 345 344 344 344 344 344 344 344 344 344 344 344 343 343 343 343 343 343 343 343 343 344 344 344 344 344 344 343 343 343 343 343 343 343 342 343 343 343 343 343 342 342 342 343 343 343 343 344 344 344 344 344 343 343 344 344 344 344 344 343 343 343 342 341 341 341 342 342 341 340 340 341 340 340 340 341 342 342 341 341 341 341 342 342 342 342 342 342 342 342 342 342 342 342 343 343 343 342 342 343 342 342 342 342 343 343 342 341 341 341 340 340 340 340 340 340 340 340 NA NA NA NA NA NA NA NA NA NA NA NA NA NA NA NA NA NA NA NA NA NA NA NA NA NA NA NA NA NA NA NA NA NA NA NA NA NA NA NA NA NA NA NA NA NA NA NA NA NA NA NA NA NA NA NA NA NA NA NA NA NA NA NA NA NA
NA NA NA NA NA NA NA NA NA NA NA NA NA NA NA NA NA NA NA NA NA NA NA NA NA NA NA NA NA NA NA NA NA NA NA NA NA NA NA NA NA NA NA NA NA NA NA NA NA NA NA NA NA NA NA NA NA NA NA NA NA NA NA NA NA NA NA NA NA NA NA NA NA NA NA NA NA NA NA NA NA NA NA NA NA NA NA NA NA NA NA NA NA NA NA NA NA NA NA NA NA NA NA NA NA NA NA NA NA NA NA NA NA NA NA NA NA NA NA NA NA NA NA NA NA NA NA NA NA NA NA NA NA NA NA NA NA NA NA NA NA NA NA NA NA NA NA NA NA NA NA NA NA NA NA NA NA NA NA NA NA NA NA NA NA NA NA NA NA NA NA NA NA NA NA NA NA NA NA NA NA NA NA NA NA NA NA NA NA NA NA NA NA NA NA NA NA NA NA NA NA NA NA NA NA NA NA NA NA NA NA NA NA NA NA NA NA NA NA NA NA NA NA NA NA NA NA NA NA NA NA NA NA NA NA NA NA NA NA NA NA NA NA NA NA NA NA NA NA NA NA NA NA NA NA NA NA NA NA NA NA NA NA NA NA NA NA NA NA NA NA NA NA NA NA NA NA NA NA NA NA NA NA NA NA NA NA NA NA NA NA NA NA NA NA NA NA NA NA NA NA NA NA NA NA NA NA NA NA NA NA 345 345 344 344 344 344 344 344 345 344 344 344 344 344 343 344 344 344 344 344 343 343 343 343 343 343 343 343 344 343 344 344 344 344 344 343 343 343 344 343 343 343 343 343 343 343 343 342 342 342 343 343 344 344 343 344 343 344 344 344 344 344 343 344 344 344 344 343 342 342 342 342 341 341 341 342 341 341 340 341 341 340 340 340 341 341 340 341 342 342 341 342 342 342 342 342 342 342 342 342 342 343 343 343 343 342 342 343 342 342 343 342 342 342 342 341 340 340 340 340 340 340 340 340 340 340 340 NA NA NA NA NA NA NA NA NA NA NA NA NA NA NA NA NA NA NA NA NA NA NA NA NA NA NA NA NA NA NA NA NA NA NA NA NA NA NA NA NA NA NA NA NA NA NA NA NA NA NA NA NA NA NA NA NA NA NA NA NA NA NA NA NA
NA NA NA NA NA NA NA NA NA NA NA NA NA NA NA NA NA NA NA NA NA NA NA NA NA NA NA NA NA NA NA NA NA NA NA NA NA NA NA NA NA NA NA NA NA NA NA NA NA NA NA NA NA NA NA NA NA NA NA NA NA NA NA NA NA NA NA NA NA NA NA NA NA NA NA NA NA NA NA NA NA NA NA NA NA NA NA NA NA NA NA NA NA NA NA NA NA NA NA NA NA NA NA NA NA NA NA NA NA NA NA NA NA NA NA NA NA NA NA NA NA NA NA NA NA NA NA NA NA NA NA NA NA NA NA NA NA NA NA NA NA NA NA NA NA NA NA NA NA NA NA NA NA NA NA NA NA NA NA NA NA NA NA NA NA NA NA NA NA NA NA NA NA NA NA NA NA NA NA NA NA NA NA NA NA NA NA NA NA NA NA NA NA NA NA NA NA NA NA NA NA NA NA NA NA NA NA NA NA NA NA NA NA NA NA NA NA NA NA NA NA NA NA NA NA NA NA NA NA NA NA NA NA NA NA NA NA NA NA NA NA NA NA NA NA NA NA NA NA NA NA NA NA NA NA NA NA NA NA NA NA NA NA NA NA NA NA NA NA NA NA NA NA NA NA NA NA NA NA NA NA NA NA NA NA NA NA NA NA NA NA NA NA NA NA NA NA NA NA NA NA NA NA NA NA NA NA NA NA NA 346 345 345 345 344 344 344 344 344 344 344 343 343 344 344 344 344 344 344 344 344 344 344 344 343 343 343 343 344 343 343 344 344 344 344 344 343 344 344 344 344 343 343 343 343 344 343 343 343 343 342 343 343 343 343 344 344 343 343 343 344 344 344 344 344 344 344 344 344 343 342 342 342 342 341 341 341 341 341 341 341 341 340 340 340 340 340 341 341 341 341 342 342 342 342 342 342 342 342 343 343 343 343 343 343 343 342 343 342 342 342 342 342 342 342 342 341 341 340 340 340 340 340 340 340 340 340 340 340 NA NA NA NA NA NA NA NA NA NA NA NA NA NA NA NA NA NA NA NA NA NA NA NA NA NA NA NA NA NA NA NA NA NA NA NA NA NA NA NA NA NA NA NA NA NA NA NA NA NA NA NA NA NA NA NA NA NA NA NA NA NA NA NA
NA NA NA NA NA NA NA NA NA NA NA NA NA NA NA NA NA NA NA NA NA NA NA NA NA NA NA NA NA NA NA NA NA NA NA NA NA NA NA NA NA NA NA NA NA NA NA NA NA NA NA NA NA NA NA NA NA NA NA NA NA NA NA NA NA NA NA NA NA NA NA NA NA NA NA NA NA NA NA NA NA NA NA NA NA NA NA NA NA NA NA NA NA NA NA NA NA NA NA NA NA NA NA NA NA NA NA NA NA NA NA NA NA NA NA NA NA NA NA NA NA NA NA NA NA NA NA NA NA NA NA NA NA NA NA NA NA NA NA NA NA NA NA NA NA NA NA NA NA NA NA NA NA NA NA NA NA NA NA NA NA NA NA NA NA NA NA NA NA NA NA NA NA NA NA NA NA NA NA NA NA NA NA NA NA NA NA NA NA NA NA NA NA NA NA NA NA NA NA NA NA NA NA NA NA NA NA NA NA NA NA NA NA NA NA NA NA NA NA NA NA NA NA NA NA NA NA NA NA NA NA NA NA NA NA NA NA NA NA NA NA NA NA NA NA NA NA NA NA NA NA NA NA NA NA NA NA NA NA NA NA NA NA NA NA NA NA NA NA NA NA NA NA NA NA NA NA NA NA NA NA NA NA NA NA NA NA NA NA NA NA NA NA NA NA NA NA NA NA NA NA NA NA NA NA NA NA NA NA 346 345 345 345 345 345 345 345 344 345 344 344 344 344 344 344 343 344 344 344 344 344 344 344 344 343 343 343 343 343 343 343 344 344 344 344 344 344 344 344 344 344 343 344 344 344 344 343 343 343 343 343 343 343 343 343 343 343 343 343 343 343 344 344 344 344 344 344 344 344 343 343 342 342 341 341 341 341 341 341 340 341 340 341 341 341 342 342 341 341 341 341 341 341 341 341 342 342 342 342 342 342 343 343 343 343 343 343 343 342 342 342 342 342 342 342 342 341 341 340 340 340 340 341 340 340 340 340 340 340 340 NA NA NA NA NA NA NA NA NA NA NA NA NA NA NA NA NA NA NA NA NA NA NA NA NA NA NA NA NA NA NA NA NA NA NA NA NA NA NA NA NA NA NA NA NA NA NA NA NA NA NA NA NA NA NA NA NA NA NA NA NA NA NA
NA NA NA NA NA NA NA NA NA NA NA NA NA NA NA NA NA NA NA NA NA NA NA NA NA NA NA NA NA NA NA NA NA NA NA NA NA NA NA NA NA NA NA NA NA NA NA NA NA NA NA NA NA NA NA NA NA NA NA NA NA NA NA NA NA NA NA NA NA NA NA NA NA NA NA NA NA NA NA NA NA NA NA NA NA NA NA NA NA NA NA NA NA NA NA NA NA NA NA NA NA NA NA NA NA NA NA NA NA NA NA NA NA NA NA NA NA NA NA NA NA NA NA NA NA NA NA NA NA NA NA NA NA NA NA NA NA NA NA NA NA NA NA NA NA NA NA NA NA NA NA NA NA NA NA NA NA NA NA NA NA NA NA NA NA NA NA NA NA NA NA NA NA NA NA NA NA NA NA NA NA NA NA NA NA NA NA NA NA NA NA NA NA NA NA NA NA NA NA NA NA NA NA NA NA NA NA NA NA NA NA NA NA NA NA NA NA NA NA NA NA NA NA NA NA NA NA NA NA NA NA NA NA NA NA NA NA NA NA NA NA NA NA NA NA NA NA NA NA NA NA NA NA NA NA NA NA NA NA NA NA NA NA NA NA NA NA NA NA NA NA NA NA NA NA NA NA NA NA NA NA NA NA NA NA NA NA NA NA NA NA NA NA NA NA NA NA NA NA NA NA NA NA NA NA NA NA NA NA NA 346 346 NA NA NA NA 345 345 345 NA 345 345 344 344 344 344 344 344 344 345 344 344 344 344 343 344 344 344 343 343 343 343 344 344 344 344 345 344 344 344 344 344 344 344 344 343 343 343 343 343 343 343 343 343 343 343 343 343 343 343 344 344 344 344 344 343 343 344 344 343 343 343 343 342 342 341 341 341 341 341 341 341 341 342 342 342 342 342 342 342 342 342 342 342 342 341 342 342 342 342 342 342 342 343 343 343 343 343 343 342 342 342 342 342 342 342 342 341 341 341 340 340 341 341 340 340 340 340 340 340 340 340 NA NA NA NA NA NA NA NA NA NA NA NA NA NA NA NA NA NA NA NA NA NA NA NA NA NA NA NA NA NA NA NA NA NA NA NA NA NA NA NA NA NA NA NA NA NA NA NA NA NA NA NA NA NA NA NA NA NA NA NA NA
NA NA NA NA NA NA NA NA NA NA NA NA NA NA NA NA NA NA NA NA NA NA NA NA NA NA NA NA NA NA NA NA NA NA NA NA NA NA NA NA NA NA NA NA NA NA NA NA NA NA NA NA NA NA NA NA NA NA NA NA NA NA NA NA NA NA NA NA NA NA NA NA NA NA NA NA NA NA NA NA NA NA NA NA NA NA NA NA NA NA NA NA NA NA NA NA NA NA NA NA NA NA NA NA NA NA NA NA NA NA NA NA NA NA NA NA NA NA NA NA NA NA NA NA NA NA NA NA NA NA NA NA NA NA NA NA NA NA NA NA NA NA NA NA NA NA NA NA NA NA NA NA NA NA NA NA NA NA NA NA NA NA NA NA NA NA NA NA NA NA NA NA NA NA NA NA NA NA NA NA NA NA NA NA NA NA NA NA NA NA NA NA NA NA NA NA NA NA NA NA NA NA NA NA NA NA NA NA NA NA NA NA NA NA NA NA NA NA NA NA NA NA NA NA NA NA NA NA NA NA NA NA NA NA NA NA NA NA NA NA NA NA NA NA NA NA NA NA NA NA NA NA NA NA NA NA NA NA NA NA NA NA NA NA NA NA NA NA NA NA NA NA NA NA NA NA NA NA NA NA NA NA NA NA NA NA NA NA NA NA NA NA NA NA NA NA NA NA NA NA NA NA NA NA NA NA NA NA NA NA NA NA NA NA NA NA NA NA NA NA NA NA 345 345 344 344 345 344 345 345 345 344 344 344 344 344 344 344 344 344 343 343 343 344 344 344 344 344 344 344 344 344 344 344 344 344 343 344 343 343 343 343 343 343 343 343 343 344 343 344 344 344 344 344 344 343 343 343 344 343 343 343 342 342 342 342 341 341 341 341 342 342 341 341 341 341 341 341 341 341 342 341 342 342 342 342 342 341 341 341 341 342 342 342 343 343 343 343 343 342 342 342 342 342 342 342 342 341 341 341 341 340 341 341 340 340 340 340 340 340 340 340 NA NA NA NA NA NA NA NA NA NA NA NA NA NA NA NA NA NA NA NA NA NA NA NA NA NA NA NA NA NA NA NA NA NA NA NA NA NA NA NA NA NA NA NA NA NA NA NA NA NA NA NA NA NA NA NA NA NA NA NA NA
NA NA NA NA NA NA NA NA NA NA NA NA NA NA NA NA NA NA NA NA NA NA NA NA NA NA NA NA NA NA NA NA NA NA NA NA NA NA NA NA NA NA NA NA NA NA NA NA NA NA NA NA NA NA NA NA NA NA NA NA NA NA NA NA NA NA NA NA NA NA NA NA NA NA NA NA NA NA NA NA NA NA NA NA NA NA NA NA NA NA NA NA NA NA NA NA NA NA NA NA NA NA NA NA NA NA NA NA NA NA NA NA NA NA NA NA NA NA NA NA NA NA NA NA NA NA NA NA NA NA NA NA NA NA NA NA NA NA NA NA NA NA NA NA NA NA NA NA NA NA NA NA NA NA NA NA NA NA NA NA NA NA NA NA NA NA NA NA NA NA NA NA NA NA NA NA NA NA NA NA NA NA NA NA NA NA NA NA NA NA NA NA NA NA NA NA NA NA NA NA NA NA NA NA NA NA NA NA NA NA NA NA NA NA NA NA NA NA NA NA NA NA NA NA NA NA NA NA NA NA NA NA NA NA NA NA NA NA NA NA NA NA NA NA NA NA NA NA NA NA NA NA NA NA NA NA NA NA NA NA NA NA NA NA NA NA NA NA NA NA NA NA NA NA NA NA NA NA NA NA NA NA NA NA NA NA NA NA NA NA NA NA NA NA NA NA NA NA NA NA NA NA NA NA NA NA NA NA NA NA NA NA NA NA NA NA NA NA NA NA NA NA NA NA 345 345 345 NA NA NA 345 345 345 345 344 344 344 344 344 344 344 343 344 344 344 345 344 344 344 344 344 345 344 344 344 344 344 344 344 343 343 343 343 343 343 344 343 344 343 343 343 343 344 343 343 343 343 343 343 343 343 343 342 342 342 342 342 341 341 341 341 342 342 342 341 341 341 341 341 341 341 341 341 342 342 342 342 342 342 342 342 342 342 342 343 343 343 343 343 343 342 342 342 342 342 342 342 342 341 341 341 340 341 341 340 340 340 340 340 340 340 341 NA NA NA NA NA NA NA NA NA NA NA NA NA NA NA NA NA NA NA NA NA NA NA NA NA NA NA NA NA NA NA NA NA NA NA NA NA NA NA NA NA NA NA NA NA NA NA NA NA NA NA NA NA NA NA NA NA NA NA NA NA
NA NA NA NA NA NA NA NA NA NA NA NA NA NA NA NA NA NA NA NA NA NA NA NA NA NA NA NA NA NA NA NA NA NA NA NA NA NA NA NA NA NA NA NA NA NA NA NA NA NA NA NA NA NA NA NA NA NA NA NA NA NA NA NA NA NA NA NA NA NA NA NA NA NA NA NA NA NA NA NA NA NA NA NA NA NA NA NA NA NA NA NA NA NA NA NA NA NA NA NA NA NA NA NA NA NA NA NA NA NA NA NA NA NA NA NA NA NA NA NA NA NA NA NA NA NA NA NA NA NA NA NA NA NA NA NA NA NA NA NA NA NA NA NA NA NA NA NA NA NA NA NA NA NA NA NA NA NA NA NA NA NA NA NA NA NA NA NA NA NA NA NA NA NA NA NA NA NA NA NA NA NA NA NA NA NA NA NA NA NA NA NA NA NA NA NA NA NA NA NA NA NA NA NA NA NA NA NA NA NA NA NA NA NA NA NA NA NA NA NA NA NA NA NA NA NA NA NA NA NA NA NA NA NA NA NA NA NA NA NA NA NA NA NA NA NA NA NA NA NA NA NA NA NA NA NA NA NA NA NA NA NA NA NA NA NA NA NA NA NA NA NA NA NA NA NA NA NA NA NA NA NA NA NA NA NA NA NA NA NA NA NA NA NA NA NA NA NA NA NA NA NA NA NA NA NA NA NA NA NA NA NA NA NA NA NA NA NA NA NA NA NA NA NA NA NA NA NA NA NA NA NA NA 345 345 345 345 344 344 344 344 344 344 344 344 344 344 344 344 344 344 344 344 344 344 344 344 344 344 344 343 343 343 343 343 343 343 343 344 343 343 344 344 344 343 343 343 343 343 343 343 343 342 342 342 342 342 341 341 341 341 341 342 342 342 341 341 341 341 341 341 341 341 341 341 342 342 342 342 342 342 343 342 343 343 343 343 343 343 343 342 342 342 342 342 342 342 342 342 341 341 341 340 341 341 340 340 340 340 340 NA NA NA NA NA NA NA NA NA NA NA NA NA NA NA NA NA NA NA NA NA NA NA NA NA NA NA NA NA NA NA NA NA NA NA NA NA NA NA NA NA NA NA NA NA NA NA NA NA NA NA NA NA NA NA NA NA NA NA NA NA NA NA
NA NA NA NA NA NA NA NA NA NA NA NA NA NA NA NA NA NA NA NA NA NA NA NA NA NA NA NA NA NA NA NA NA NA NA NA NA NA NA NA NA NA NA NA NA NA NA NA NA NA NA NA NA NA NA NA NA NA NA NA NA NA NA NA NA NA NA NA NA NA NA NA NA NA NA NA NA NA NA NA NA NA NA NA NA NA NA NA NA NA NA NA NA NA NA NA NA NA NA NA NA NA NA NA NA NA NA NA NA NA NA NA NA NA NA NA NA NA NA NA NA NA NA NA NA NA NA NA NA NA NA NA NA NA NA NA NA NA NA NA NA NA NA NA NA NA NA NA NA NA NA NA NA NA NA NA NA NA NA NA NA NA NA NA NA NA NA NA NA NA NA NA NA NA NA NA NA NA NA NA NA NA NA NA NA NA NA NA NA NA NA NA NA NA NA NA NA NA NA NA NA NA NA NA NA NA NA NA NA NA NA NA NA NA NA NA NA NA NA NA NA NA NA NA NA NA NA NA NA NA NA NA NA NA NA NA NA NA NA NA NA NA NA NA NA NA NA NA NA NA NA NA NA NA NA NA NA NA NA NA NA NA NA NA NA NA NA NA NA NA NA NA NA NA NA NA NA NA NA NA NA NA NA NA NA NA NA NA NA NA NA NA NA NA NA NA NA NA NA NA NA NA NA NA NA NA NA NA NA NA NA NA NA NA NA NA NA NA NA NA NA NA NA NA NA NA NA NA NA NA NA NA NA 345 345 345 344 345 344 344 344 344 344 344 344 344 344 344 345 344 344 345 345 345 344 344 344 344 344 344 344 343 343 343 343 343 343 344 344 343 343 344 344 344 344 343 343 343 342 343 343 342 342 342 342 342 342 342 341 341 341 342 342 342 342 341 341 341 341 341 341 341 341 341 341 341 341 342 342 342 342 342 342 342 343 343 342 342 343 343 343 342 342 342 342 342 342 342 342 342 341 341 341 341 341 341 340 340 341 NA NA NA NA NA NA NA NA NA NA NA NA NA NA NA NA NA NA NA NA NA NA NA NA NA NA NA NA NA NA NA NA NA NA NA NA NA NA NA NA NA NA NA NA NA NA NA NA NA NA NA NA NA NA NA NA NA NA NA NA NA NA NA NA
NA NA NA NA NA NA NA NA NA NA NA NA NA NA NA NA NA NA NA NA NA NA NA NA NA NA NA NA NA NA NA NA NA NA NA NA NA NA NA NA NA NA NA NA NA NA NA NA NA NA NA NA NA NA NA NA NA NA NA NA NA NA NA NA NA NA NA NA NA NA NA NA NA NA NA NA NA NA NA NA NA NA NA NA NA NA NA NA NA NA NA NA NA NA NA NA NA NA NA NA NA NA NA NA NA NA NA NA NA NA NA NA NA NA NA NA NA NA NA NA NA NA NA NA NA NA NA NA NA NA NA NA NA NA NA NA NA NA NA NA NA NA NA NA NA NA NA NA NA NA NA NA NA NA NA NA NA NA NA NA NA NA NA NA NA NA NA NA NA NA NA NA NA NA NA NA NA NA NA NA NA NA NA NA NA NA NA NA NA NA NA NA NA NA NA NA NA NA NA NA NA NA NA NA NA NA NA NA NA NA NA NA NA NA NA NA NA NA NA NA NA NA NA NA NA NA NA NA NA NA NA NA NA NA NA NA NA NA NA NA NA NA NA NA NA NA NA NA NA NA NA NA NA NA NA NA NA NA NA NA NA NA NA NA NA NA NA NA NA NA NA NA NA NA NA NA NA NA NA NA NA NA NA NA NA NA NA NA NA NA NA NA NA NA NA NA NA NA NA NA NA NA NA NA NA NA NA NA NA NA NA NA NA NA NA NA NA NA NA NA NA NA NA NA NA NA NA NA NA NA NA NA 346 345 345 345 345 344 344 344 344 344 344 344 344 345 344 344 344 344 344 345 345 345 345 345 345 345 345 344 344 343 343 343 343 343 343 343 343 343 343 344 344 344 343 344 343 342 343 342 343 343 342 342 342 342 342 342 341 341 342 342 342 342 342 341 341 341 341 341 341 341 341 341 341 342 342 341 341 342 342 341 341 342 343 342 342 342 343 343 343 342 342 342 342 342 342 342 342 342 342 342 342 342 342 342 342 341 341 NA NA NA NA NA NA NA NA NA NA NA NA NA NA NA NA NA NA NA NA NA NA NA NA NA NA NA NA NA NA NA NA NA NA NA NA NA NA NA NA NA NA NA NA NA NA NA NA NA NA NA NA NA NA NA NA NA NA NA NA NA NA NA NA
NA NA NA NA NA NA NA NA NA NA NA NA NA NA NA NA NA NA NA NA NA NA NA NA NA NA NA NA NA NA NA NA NA NA NA NA NA NA NA NA NA NA NA NA NA NA NA NA NA NA NA NA NA NA NA NA NA NA NA NA NA NA NA NA NA NA NA NA NA NA NA NA NA NA NA NA NA NA NA NA NA NA NA NA NA NA NA NA NA NA NA NA NA NA NA NA NA NA NA NA NA NA NA NA NA NA NA NA NA NA NA NA NA NA NA NA NA NA NA NA NA NA NA NA NA NA NA NA NA NA NA NA NA NA NA NA NA NA NA NA NA NA NA NA NA NA NA NA NA NA NA NA NA NA NA NA NA NA NA NA NA NA NA NA NA NA NA NA NA NA NA NA NA NA NA NA NA NA NA NA NA NA NA NA NA NA NA NA NA NA NA NA NA NA NA NA NA NA NA NA NA NA NA NA NA NA NA NA NA NA NA NA NA NA NA NA NA NA NA NA NA NA NA NA NA NA NA NA NA NA NA NA NA NA NA NA NA NA NA NA NA NA NA NA NA NA NA NA NA NA NA NA NA NA NA NA NA NA NA NA NA NA NA NA NA NA NA NA NA NA NA NA NA NA NA NA NA NA NA NA NA NA NA NA NA NA NA NA NA NA NA NA NA NA NA NA NA NA NA NA NA NA NA NA NA NA NA NA NA NA NA NA NA NA NA NA NA NA NA NA NA NA NA NA NA NA NA NA NA NA NA NA NA NA NA NA NA NA NA 344 344 344 344 344 345 345 345 345 345 345 345 NA 345 344 345 345 345 344 344 344 343 343 344 344 344 343 343 343 343 343 343 344 344 344 344 344 343 343 343 343 342 343 343 342 342 342 342 342 342 341 341 342 342 342 342 342 342 341 341 341 341 341 341 341 341 341 341 340 341 341 341 341 341 342 342 342 342 342 342 343 343 343 343 342 342 342 342 342 342 342 343 342 342 342 342 342 342 342 342 NA NA NA NA NA NA NA NA NA NA NA NA NA NA NA NA NA NA NA NA NA NA NA NA NA NA NA NA NA NA NA NA NA NA NA NA NA NA NA NA NA NA NA NA NA NA NA NA NA NA NA NA NA NA NA NA NA NA NA NA NA NA NA NA
NA NA NA NA NA NA NA NA NA NA NA NA NA NA NA NA NA NA NA NA NA NA NA NA NA NA NA NA NA NA NA NA NA NA NA NA NA NA NA NA NA NA NA NA NA NA NA NA NA NA NA NA NA NA NA NA NA NA NA NA NA NA NA NA NA NA NA NA NA NA NA NA NA NA NA NA NA NA NA NA NA NA NA NA NA NA NA NA NA NA NA NA NA NA NA NA NA NA NA NA NA NA NA NA NA NA NA NA NA NA NA NA NA NA NA NA NA NA NA NA NA NA NA NA NA NA NA NA NA NA NA NA NA NA NA NA NA NA NA NA NA NA NA NA NA NA NA NA NA NA NA NA NA NA NA NA NA NA NA NA NA NA NA NA NA NA NA NA NA NA NA NA NA NA NA NA NA NA NA NA NA NA NA NA NA NA NA NA NA NA NA NA NA NA NA NA NA NA NA NA NA NA NA NA NA NA NA NA NA NA NA NA NA NA NA NA NA NA NA NA NA NA NA NA NA NA NA NA NA NA NA NA NA NA NA NA NA NA NA NA NA NA NA NA NA NA NA NA NA NA NA NA NA NA NA NA NA NA NA NA NA NA NA NA NA NA NA NA NA NA NA NA NA NA NA NA NA NA NA NA NA NA NA NA NA NA NA NA NA NA NA NA NA NA NA NA NA NA NA NA NA NA NA NA NA NA NA NA NA NA NA NA NA NA NA NA NA NA NA NA NA NA NA NA NA NA NA NA NA NA NA NA NA NA NA NA NA NA NA 345 344 344 345 345 NA NA NA NA NA NA NA NA NA 344 344 344 344 344 344 344 343 344 344 343 343 343 343 343 344 343 344 344 344 343 343 343 343 343 343 343 342 342 342 343 343 342 342 342 342 342 342 342 342 342 342 342 342 342 342 341 341 341 341 341 341 341 341 341 341 341 341 341 341 341 342 342 342 342 343 343 343 343 343 342 342 343 343 343 343 343 343 343 342 342 342 342 342 NA NA NA NA NA NA NA NA NA NA NA NA NA NA NA NA NA NA NA NA NA NA NA NA NA NA NA NA NA NA NA NA NA NA NA NA NA NA NA NA NA NA NA NA NA NA NA NA NA NA NA NA NA NA NA NA NA NA NA NA NA NA NA NA NA NA
NA NA NA NA NA NA NA NA NA NA NA NA NA NA NA NA NA NA NA NA NA NA NA NA NA NA NA NA NA NA NA NA NA NA NA NA NA NA NA NA NA NA NA NA NA NA NA NA NA NA NA NA NA NA NA NA NA NA NA NA NA NA NA NA NA NA NA NA NA NA NA NA NA NA NA NA NA NA NA NA NA NA NA NA NA NA NA NA NA NA NA NA NA NA NA NA NA NA NA NA NA NA NA NA NA NA NA NA NA NA NA NA NA NA NA NA NA NA NA NA NA NA NA NA NA NA NA NA NA NA NA NA NA NA NA NA NA NA NA NA NA NA NA NA NA NA NA NA NA NA NA NA NA NA NA NA NA NA NA NA NA NA NA NA NA NA NA NA NA NA NA NA NA NA NA NA NA NA NA NA NA NA NA NA NA NA NA NA NA NA NA NA NA NA NA NA NA NA NA NA NA NA NA NA NA NA NA NA NA NA NA NA NA NA NA NA NA NA NA NA NA NA NA NA NA NA NA NA NA NA NA NA NA NA NA NA NA NA NA NA NA NA NA NA NA NA NA NA NA NA NA NA NA NA NA NA NA NA NA NA NA NA NA NA NA NA NA NA NA NA NA NA NA NA NA NA NA NA NA NA NA NA NA NA NA NA NA NA NA NA NA NA NA NA NA NA NA NA NA NA NA NA NA NA NA NA NA NA NA NA NA NA NA NA NA NA NA NA NA NA NA NA NA NA NA NA NA NA NA NA NA NA NA NA NA NA NA NA NA 345 345 345 345 NA NA NA NA NA NA NA NA NA NA NA 344 344 344 344 344 344 344 344 344 343 343 343 344 343 343 343 343 344 344 344 343 343 344 343 343 343 343 342 342 342 342 342 342 342 342 342 342 342 342 342 342 342 342 342 342 341 341 341 341 341 341 341 341 341 341 341 342 342 342 341 341 342 342 342 343 343 343 343 343 342 342 343 343 343 343 343 343 342 343 342 343 343 343 343 343 NA NA NA NA NA NA NA NA NA NA NA NA NA NA NA NA NA NA NA NA NA NA NA NA NA NA NA NA NA NA NA NA NA NA NA NA NA NA NA NA NA NA NA NA NA NA NA NA NA NA NA NA NA NA NA NA NA NA NA NA NA NA NA NA
NA NA NA NA NA NA NA NA NA NA NA NA NA NA NA NA NA NA NA NA NA NA NA NA NA NA NA NA NA NA NA NA NA NA NA NA NA NA NA NA NA NA NA NA NA NA NA NA NA NA NA NA NA NA NA NA NA NA NA NA NA NA NA NA NA NA NA NA NA NA NA NA NA NA NA NA NA NA NA NA NA NA NA NA NA NA NA NA NA NA NA NA NA NA NA NA NA NA NA NA NA NA NA NA NA NA NA NA NA NA NA NA NA NA NA NA NA NA NA NA NA NA NA NA NA NA NA NA NA NA NA NA NA NA NA NA NA NA NA NA NA NA NA NA NA NA NA NA NA NA NA NA NA NA NA NA NA NA NA NA NA NA NA NA NA NA NA NA NA NA NA NA NA NA NA NA NA NA NA NA NA NA NA NA NA NA NA NA NA NA NA NA NA NA NA NA NA NA NA NA NA NA NA NA NA NA NA NA NA NA NA NA NA NA NA NA NA NA NA NA NA NA NA NA NA NA NA NA NA NA NA NA NA NA NA NA NA NA NA NA NA NA NA NA NA NA NA NA NA NA NA NA NA NA NA NA NA NA NA NA NA NA NA NA NA NA NA NA NA NA NA NA NA NA NA NA NA NA NA NA NA NA NA NA NA NA NA NA NA NA NA NA NA NA NA NA NA NA NA NA NA NA NA NA NA NA NA NA NA NA NA NA NA NA NA NA NA NA NA NA NA NA NA NA NA NA NA NA NA NA NA NA NA NA NA NA NA NA NA NA 345 345 NA NA NA NA NA NA NA NA NA NA NA NA NA 344 344 344 344 344 344 343 343 344 343 344 344 343 344 344 343 343 344 344 343 343 343 343 343 343 343 343 342 342 342 342 342 342 342 342 342 342 342 342 342 342 342 342 341 341 341 341 341 341 341 341 341 342 342 342 343 343 343 342 342 342 342 342 343 343 343 343 343 342 343 343 343 343 343 343 343 342 342 343 343 343 343 342 342 NA NA NA NA NA NA NA NA NA NA NA NA NA NA NA NA NA NA NA NA NA NA NA NA NA NA NA NA NA NA NA NA NA NA NA NA NA NA NA NA NA NA NA NA NA NA NA NA NA NA NA NA NA NA NA NA NA NA NA NA NA NA NA NA
NA NA NA NA NA NA NA NA NA NA NA NA NA NA NA NA NA NA NA NA NA NA NA NA NA NA NA NA NA NA NA NA NA NA NA NA NA NA NA NA NA NA NA NA NA NA NA NA NA NA NA NA NA NA NA NA NA NA NA NA NA NA NA NA NA NA NA NA NA NA NA NA NA NA NA NA NA NA NA NA NA NA NA NA NA NA NA NA NA NA NA NA NA NA NA NA NA NA NA NA NA NA NA NA NA NA NA NA NA NA NA NA NA NA NA NA NA NA NA NA NA NA NA NA NA NA NA NA NA NA NA NA NA NA NA NA NA NA NA NA NA NA NA NA NA NA NA NA NA NA NA NA NA NA NA NA NA NA NA NA NA NA NA NA NA NA NA NA NA NA NA NA NA NA NA NA NA NA NA NA NA NA NA NA NA NA NA NA NA NA NA NA NA NA NA NA NA NA NA NA NA NA NA NA NA NA NA NA NA NA NA NA NA NA NA NA NA NA NA NA NA NA NA NA NA NA NA NA NA NA NA NA NA NA NA NA NA NA NA NA NA NA NA NA NA NA NA NA NA NA NA NA NA NA NA NA NA NA NA NA NA NA NA NA NA NA NA NA NA NA NA NA NA NA NA NA NA NA NA NA NA NA NA NA NA NA NA NA NA NA NA NA NA NA NA NA NA NA NA NA NA NA NA NA NA NA NA NA NA NA NA NA NA NA NA NA NA NA NA NA NA NA NA NA NA NA NA NA NA NA NA NA NA NA NA NA NA NA NA NA NA NA NA NA NA NA NA NA NA NA NA NA NA NA NA NA 345 345 345 344 344 344 345 344 344 344 344 343 344 344 344 344 344 343 343 342 342 343 343 343 343 343 343 343 342 342 342 342 342 342 342 342 342 342 342 342 342 342 342 341 341 341 341 342 343 343 342 342 342 342 343 343 343 342 343 343 342 342 342 342 343 343 343 343 343 343 343 343 343 343 342 343 343 343 343 342 342 343 NA NA NA NA NA NA NA NA NA NA NA NA NA NA NA NA NA NA NA NA NA NA NA NA NA NA NA NA NA NA NA NA NA NA NA NA NA NA NA NA NA NA NA NA NA NA NA NA NA NA NA NA NA NA NA NA NA NA NA NA NA NA NA NA NA
NA NA NA NA NA NA NA NA NA NA NA NA NA NA NA NA NA NA NA NA NA NA NA NA NA NA NA NA NA NA NA NA NA NA NA NA NA NA NA NA NA NA NA NA NA NA NA NA NA NA NA NA NA NA NA NA NA NA NA NA NA NA NA NA NA NA NA NA NA NA NA NA NA NA NA NA NA NA NA NA NA NA NA NA NA NA NA NA NA NA NA NA NA NA NA NA NA NA NA NA NA NA NA NA NA NA NA NA NA NA NA NA NA NA NA NA NA NA NA NA NA NA NA NA NA NA NA NA NA NA NA NA NA NA NA NA NA NA NA NA NA NA NA NA NA NA NA NA NA NA NA NA NA NA NA NA NA NA NA NA NA NA NA NA NA NA NA NA NA NA NA NA NA NA NA NA NA NA NA NA NA NA NA NA NA NA NA NA NA NA NA NA NA NA NA NA NA NA NA NA NA NA NA NA NA NA NA NA NA NA NA NA NA NA NA NA NA NA NA NA NA NA NA NA NA NA NA NA NA NA NA NA NA NA NA NA NA NA NA NA NA NA NA NA NA NA NA NA NA NA NA NA NA NA NA NA NA NA NA NA NA NA NA NA NA NA NA NA NA NA NA NA NA NA NA NA NA NA NA NA NA NA NA NA NA NA NA NA NA NA NA NA NA NA NA NA NA NA NA NA NA NA NA NA NA NA NA NA NA NA NA NA NA NA NA NA NA NA NA NA NA NA NA NA NA NA NA NA NA NA NA NA NA NA NA NA NA NA NA NA NA NA NA NA NA NA NA NA NA NA NA NA NA NA NA NA NA 345 345 345 344 344 345 345 344 344 344 343 344 344 344 344 344 343 343 343 343 342 342 342 342 343 343 343 343 342 342 342 342 342 342 342 342 342 342 342 342 342 342 342 342 342 342 341 342 343 343 343 343 342 343 343 344 344 343 343 342 342 343 343 343 343 343 343 343 343 343 343 343 343 342 343 343 343 342 342 343 NA NA NA NA NA NA NA NA NA NA NA NA NA NA NA NA NA NA NA NA NA NA NA NA NA NA NA NA NA NA NA NA NA NA NA NA NA NA NA NA NA NA NA NA NA NA NA NA NA NA NA NA NA NA NA NA NA NA NA NA NA NA NA NA NA NA
NA NA NA NA NA NA NA NA NA NA NA NA NA NA NA NA NA NA NA NA NA NA NA NA NA NA NA NA NA NA NA NA NA NA NA NA NA NA NA NA NA NA NA NA NA NA NA NA NA NA NA NA NA NA NA NA NA NA NA NA NA NA NA NA NA NA NA NA NA NA NA NA NA NA NA NA NA NA NA NA NA NA NA NA NA NA NA NA NA NA NA NA NA NA NA NA NA NA NA NA NA NA NA NA NA NA NA NA NA NA NA NA NA NA NA NA NA NA NA NA NA NA NA NA NA NA NA NA NA NA NA NA NA NA NA NA NA NA NA NA NA NA NA NA NA NA NA NA NA NA NA NA NA NA NA NA NA NA NA NA NA NA NA NA NA NA NA NA NA NA NA NA NA NA NA NA NA NA NA NA NA NA NA NA NA NA NA NA NA NA NA NA NA NA NA NA NA NA NA NA NA NA NA NA NA NA NA NA NA NA NA NA NA NA NA NA NA NA NA NA NA NA NA NA NA NA NA NA NA NA NA NA NA NA NA NA NA NA NA NA NA NA NA NA NA NA NA NA NA NA NA NA NA NA NA NA NA NA NA NA NA NA NA NA NA NA NA NA NA NA NA NA NA NA NA NA NA NA NA NA NA NA NA NA NA NA NA NA NA NA NA NA NA NA NA NA NA NA NA NA NA NA NA NA NA NA NA NA NA NA NA NA NA NA NA NA NA NA NA NA NA NA NA NA NA NA NA NA NA NA NA NA NA NA NA NA NA NA NA NA NA NA NA NA NA NA NA NA NA NA NA NA NA NA NA NA 345 346 346 346 345 345 345 344 344 344 343 344 344 344 344 344 345 343 343 343 343 343 343 342 342 342 342 343 343 342 342 342 342 342 342 342 342 342 342 342 342 342 342 343 342 343 343 342 342 342 343 343 344 343 343 343 344 344 344 343 343 342 343 343 343 344 343 343 343 343 343 342 343 343 342 343 343 342 342 343 343 NA NA NA NA NA NA NA NA NA NA NA NA NA NA NA NA NA NA NA NA NA NA NA NA NA NA NA NA NA NA NA NA NA NA NA NA NA NA NA NA NA NA NA NA NA NA NA NA NA NA NA NA NA NA NA NA NA NA NA NA NA NA NA NA NA NA
NA NA NA NA NA NA NA NA NA NA NA NA NA NA NA NA NA NA NA NA NA NA NA NA NA NA NA NA NA NA NA NA NA NA NA NA NA NA NA NA NA NA NA NA NA NA NA NA NA NA NA NA NA NA NA NA NA NA NA NA NA NA NA NA NA NA NA NA NA NA NA NA NA NA NA NA NA NA NA NA NA NA NA NA NA NA NA NA NA NA NA NA NA NA NA NA NA NA NA NA NA NA NA NA NA NA NA NA NA NA NA NA NA NA NA NA NA NA NA NA NA NA NA NA NA NA NA NA NA NA NA NA NA NA NA NA NA NA NA NA NA NA NA NA NA NA NA NA NA NA NA NA NA NA NA NA NA NA NA NA NA NA NA NA NA NA NA NA NA NA NA NA NA NA NA NA NA NA NA NA NA NA NA NA NA NA NA NA NA NA NA NA NA NA NA NA NA NA NA NA NA NA NA NA NA NA NA NA NA NA NA NA NA NA NA NA NA NA NA NA NA NA NA NA NA NA NA NA NA NA NA NA NA NA NA NA NA NA NA NA NA NA NA NA NA NA NA NA NA NA NA NA NA NA NA NA NA NA NA NA NA NA NA NA NA NA NA NA NA NA NA NA NA NA NA NA NA NA NA NA NA NA NA NA NA NA NA NA NA NA NA NA NA NA NA NA NA NA NA NA NA NA NA NA NA NA NA NA NA NA NA NA NA NA NA NA NA NA NA NA NA NA NA NA NA NA NA NA NA NA NA NA NA NA NA NA NA NA NA NA NA NA NA NA NA NA NA NA NA NA NA NA NA NA NA 346 346 345 345 346 346 345 345 345 344 344 344 343 344 344 344 344 345 344 344 343 343 343 343 343 343 342 343 343 342 342 342 342 342 342 342 342 342 342 342 342 342 343 343 344 344 344 344 343 342 342 343 343 344 344 344 344 344 344 344 343 343 342 342 342 343 344 344 344 343 343 342 342 343 343 342 342 342 342 342 342 343 343 NA NA NA NA NA NA NA NA NA NA NA NA NA NA NA NA NA NA NA NA NA NA NA NA NA NA NA NA NA NA NA NA NA NA NA NA NA NA NA NA NA NA NA NA NA NA NA NA NA NA NA NA NA NA NA NA NA NA NA NA NA NA NA NA NA
NA NA NA NA NA NA NA NA NA NA NA NA NA NA NA NA NA NA NA NA NA NA NA NA NA NA NA NA NA NA NA NA NA NA NA NA NA NA NA NA NA NA NA NA NA NA NA NA NA NA NA NA NA NA NA NA NA NA NA NA NA NA NA NA NA NA NA NA NA NA NA NA NA NA NA NA NA NA NA NA NA NA NA NA NA NA NA NA NA NA NA NA NA NA NA NA NA NA NA NA NA NA NA NA NA NA NA NA NA NA NA NA NA NA NA NA NA NA NA NA NA NA NA NA NA NA NA NA NA NA NA NA NA NA NA NA NA NA NA NA NA NA NA NA NA NA NA NA NA NA NA NA NA NA NA NA NA NA NA NA NA NA NA NA NA NA NA NA NA NA NA NA NA NA NA NA NA NA NA NA NA NA NA NA NA NA NA NA NA NA NA NA NA NA NA NA NA NA NA NA NA NA NA NA NA NA NA NA NA NA NA NA NA NA NA NA NA NA NA NA NA NA NA NA NA NA NA NA NA NA NA NA NA NA NA NA NA NA NA NA NA NA NA NA NA NA NA NA NA NA NA NA NA NA NA NA NA NA NA NA NA NA NA NA NA NA NA NA NA NA NA NA NA NA NA NA NA NA NA NA NA NA NA NA NA NA NA NA NA NA NA NA NA NA NA NA NA NA NA NA NA NA NA NA NA NA NA NA NA NA NA NA NA NA NA NA NA NA NA NA NA NA NA NA NA NA NA NA NA NA NA NA NA NA NA NA NA NA NA NA NA NA NA NA NA NA NA NA NA NA NA NA 345 345 346 346 346 345 345 346 345 345 345 345 344 344 343 343 344 344 345 345 345 344 344 344 344 344 343 343 343 343 343 343 342 342 342 342 342 342 342 342 342 342 342 342 342 342 342 343 343 344 344 344 343 342 343 344 344 344 344 344 344 345 345 344 343 342 342 343 343 344 344 344 344 343 343 343 342 342 342 343 342 342 342 343 343 NA NA NA NA NA NA NA NA NA NA NA NA NA NA NA NA NA NA NA NA NA NA NA NA NA NA NA NA NA NA NA NA NA NA NA NA NA NA NA NA NA NA NA NA NA NA NA NA NA NA NA NA NA NA NA NA NA NA NA NA NA NA NA NA NA NA
NA NA NA NA NA NA NA NA NA NA NA NA NA NA NA NA NA NA NA NA NA NA NA NA NA NA NA NA NA NA NA NA NA NA NA NA NA NA NA NA NA NA NA NA NA NA NA NA NA NA NA NA NA NA NA NA NA NA NA NA NA NA NA NA NA NA NA NA NA NA NA NA NA NA NA NA NA NA NA NA NA NA NA NA NA NA NA NA NA NA NA NA NA NA NA NA NA NA NA NA NA NA NA NA NA NA NA NA NA NA NA NA NA NA NA NA NA NA NA NA NA NA NA NA NA NA NA NA NA NA NA NA NA NA NA NA NA NA NA NA NA NA NA NA NA NA NA NA NA NA NA NA NA NA NA NA NA NA NA NA NA NA NA NA NA NA NA NA NA NA NA NA NA NA NA NA NA NA NA NA NA NA NA NA NA NA NA NA NA NA NA NA NA NA NA NA NA NA NA NA NA NA NA NA NA NA NA NA NA NA NA NA NA NA NA NA NA NA NA NA NA NA NA NA NA NA NA NA NA NA NA NA NA NA NA NA NA NA NA NA NA NA NA NA NA NA NA NA NA NA NA NA NA NA NA NA NA NA NA NA NA NA NA NA NA NA NA NA NA NA NA NA NA NA NA NA NA NA NA NA NA NA NA NA NA NA NA NA NA NA NA NA NA NA NA NA NA NA NA NA NA NA NA NA NA NA NA NA NA NA NA NA NA NA NA NA NA NA NA NA NA NA NA NA NA NA NA NA NA NA NA NA NA NA NA NA NA NA NA NA NA NA NA NA NA NA NA NA NA NA NA NA NA 346 345 345 345 345 345 345 345 345 345 345 345 344 344 344 344 344 345 344 344 343 343 343 343 343 343 343 343 343 342 342 342 342 342 342 342 342 342 342 342 342 343 343 343 343 342 342 343 343 343 344 344 343 343 343 343 343 343 344 344 344 345 344 343 343 343 343 344 344 343 343 343 343 343 343 343 343 342 343 342 342 342 343 343 NA NA NA NA NA NA NA NA NA NA NA NA NA NA NA NA NA NA NA NA NA NA NA NA NA NA NA NA NA NA NA NA NA NA NA NA NA NA NA NA NA NA NA NA NA NA NA NA NA NA NA NA NA NA NA NA NA NA NA NA NA NA NA NA NA NA
NA NA NA NA NA NA NA NA NA NA NA NA NA NA NA NA NA NA NA NA NA NA NA NA NA NA NA NA NA NA NA NA NA NA NA NA NA NA NA NA NA NA NA NA NA NA NA NA NA NA NA NA NA NA NA NA NA NA NA NA NA NA NA NA NA NA NA NA NA NA NA NA NA NA NA NA NA NA NA NA NA NA NA NA NA NA NA NA NA NA NA NA NA NA NA NA NA NA NA NA NA NA NA NA NA NA NA NA NA NA NA NA NA NA NA NA NA NA NA NA NA NA NA NA NA NA NA NA NA NA NA NA NA NA NA NA NA NA NA NA NA NA NA NA NA NA NA NA NA NA NA NA NA NA NA NA NA NA NA NA NA NA NA NA NA NA NA NA NA NA NA NA NA NA NA NA NA NA NA NA NA NA NA NA NA NA NA NA NA NA NA NA NA NA NA NA NA NA NA NA NA NA NA NA NA NA NA NA NA NA NA NA NA NA NA NA NA NA NA NA NA NA NA NA NA NA NA NA NA NA NA NA NA NA NA NA NA NA NA NA NA NA NA NA NA NA NA NA NA NA NA NA NA NA NA NA NA NA NA NA NA NA NA NA NA NA NA NA NA NA NA NA NA NA NA NA NA NA NA NA NA NA NA NA NA NA NA NA NA NA NA NA NA NA NA NA NA NA NA NA NA NA NA NA NA NA NA NA NA NA NA NA NA NA NA NA NA NA NA NA NA NA NA NA NA NA NA NA NA NA NA NA NA NA NA NA NA NA NA NA NA NA NA NA NA NA NA NA NA NA NA NA 346 345 345 345 345 345 345 345 345 345 345 345 345 344 344 344 345 344 344 344 343 343 343 343 343 342 343 343 343 342 342 342 342 342 342 342 342 342 342 342 343 343 343 343 344 344 343 342 343 344 344 344 344 344 343 343 343 343 343 343 343 344 344 345 344 344 344 344 344 344 344 343 343 343 344 343 343 343 343 343 343 343 343 343 NA NA NA NA NA NA NA NA NA NA NA NA NA NA NA NA NA NA NA NA NA NA NA NA NA NA NA NA NA NA NA NA NA NA NA NA NA NA NA NA NA NA NA NA NA NA NA NA NA NA NA NA NA NA NA NA NA NA NA NA NA NA NA NA NA NA NA
NA NA NA NA NA NA NA NA NA NA NA NA NA NA NA NA NA NA NA NA NA NA NA NA NA NA NA NA NA NA NA NA NA NA NA NA NA NA NA NA NA NA NA NA NA NA NA NA NA NA NA NA NA NA NA NA NA NA NA NA NA NA NA NA NA NA NA NA NA NA NA NA NA NA NA NA NA NA NA NA NA NA NA NA NA NA NA NA NA NA NA NA NA NA NA NA NA NA NA NA NA NA NA NA NA NA NA NA NA NA NA NA NA NA NA NA NA NA NA NA NA NA NA NA NA NA NA NA NA NA NA NA NA NA NA NA NA NA NA NA NA NA NA NA NA NA NA NA NA NA NA NA NA NA NA NA NA NA NA NA NA NA NA NA NA NA NA NA NA NA NA NA NA NA NA NA NA NA NA NA NA NA NA NA NA NA NA NA NA NA NA NA NA NA NA NA NA NA NA NA NA NA NA NA NA NA NA NA NA NA NA NA NA NA NA NA NA NA NA NA NA NA NA NA NA NA NA NA NA NA NA NA NA NA NA NA NA NA NA NA NA NA NA NA NA NA NA NA NA NA NA NA NA NA NA NA NA NA NA NA NA NA NA NA NA NA NA NA NA NA NA NA NA NA NA NA NA NA NA NA NA NA NA NA NA NA NA NA NA NA NA NA NA NA NA NA NA NA NA NA NA NA NA NA NA NA NA NA NA NA NA NA NA NA NA NA NA NA NA NA NA NA NA NA NA NA NA NA NA NA NA NA NA NA NA NA NA NA NA NA NA NA NA NA NA NA NA NA NA NA 346 346 346 345 345 345 344 344 345 345 345 345 345 346 345 345 344 344 345 345 345 344 343 343 343 342 342 342 343 343 343 342 342 342 342 342 342 342 342 343 342 342 343 343 343 343 343 344 344 343 343 343 343 344 344 344 344 345 344 343 343 343 344 344 345 344 345 345 345 345 344 344 344 343 343 343 344 343 343 343 343 343 343 343 342 343 NA NA NA NA NA NA NA NA NA NA NA NA NA NA NA NA NA NA NA NA NA NA NA NA NA NA NA NA NA NA NA NA NA NA NA NA NA NA NA NA NA NA NA NA NA NA NA NA NA NA NA NA NA NA NA NA NA NA NA NA NA NA NA NA NA NA NA
NA NA NA NA NA NA NA NA NA NA NA NA NA NA NA NA NA NA NA NA NA NA NA NA NA NA NA NA NA NA NA NA NA NA NA NA NA NA NA NA NA NA NA NA NA NA NA NA NA NA NA NA NA NA NA NA NA NA NA NA NA NA NA NA NA NA NA NA NA NA NA NA NA NA NA NA NA NA NA NA NA NA NA NA NA NA NA NA NA NA NA NA NA NA NA NA NA NA NA NA NA NA NA NA NA NA NA NA NA NA NA NA NA NA NA NA NA NA NA NA NA NA NA NA NA NA NA NA NA NA NA NA NA NA NA NA NA NA NA NA NA NA NA NA NA NA NA NA NA NA NA NA NA NA NA NA NA NA NA NA NA NA NA NA NA NA NA NA NA NA NA NA NA NA NA NA NA NA NA NA NA NA NA NA NA NA NA NA NA NA NA NA NA NA NA NA NA NA NA NA NA NA NA NA NA NA NA NA NA NA NA NA NA NA NA NA NA NA NA NA NA NA NA NA NA NA NA NA NA NA NA NA NA NA NA NA NA NA NA NA NA NA NA NA NA NA NA NA NA NA NA NA NA NA NA NA NA NA NA NA NA NA NA NA NA NA NA NA NA NA NA NA NA NA NA NA NA NA NA NA NA NA NA NA NA NA NA NA NA NA NA NA NA NA NA NA NA NA NA NA NA NA NA NA NA NA NA NA NA NA NA NA NA NA NA NA NA NA NA NA NA NA NA NA NA NA NA NA NA NA NA NA NA NA NA NA NA NA NA NA NA NA NA NA NA NA NA NA NA NA 346 345 345 345 345 345 345 345 345 345 346 345 346 346 345 345 345 344 345 345 345 345 344 343 343 343 342 342 342 343 342 342 342 342 342 342 342 342 342 342 342 343 343 343 343 344 344 344 344 344 344 343 343 344 344 344 344 344 344 344 343 344 344 344 345 344 344 344 345 344 344 344 344 344 344 343 343 343 343 343 343 342 342 343 343 343 NA NA NA NA NA NA NA NA NA NA NA NA NA NA NA NA NA NA NA NA NA NA NA NA NA NA NA NA NA NA NA NA NA NA NA NA NA NA NA NA NA NA NA NA NA NA NA NA NA NA NA NA NA NA NA NA NA NA NA NA NA NA NA NA NA NA NA
NA NA NA NA NA NA NA NA NA NA NA NA NA NA NA NA NA NA NA NA NA NA NA NA NA NA NA NA NA NA NA NA NA NA NA NA NA NA NA NA NA NA NA NA NA NA NA NA NA NA NA NA NA NA NA NA NA NA NA NA NA NA NA NA NA NA NA NA NA NA NA NA NA NA NA NA NA NA NA NA NA NA NA NA NA NA NA NA NA NA NA NA NA NA NA NA NA NA NA NA NA NA NA NA NA NA NA NA NA NA NA NA NA NA NA NA NA NA NA NA NA NA NA NA NA NA NA NA NA NA NA NA NA NA NA NA NA NA NA NA NA NA NA NA NA NA NA NA NA NA NA NA NA NA NA NA NA NA NA NA NA NA NA NA NA NA NA NA NA NA NA NA NA NA NA NA NA NA NA NA NA NA NA NA NA NA NA NA NA NA NA NA NA NA NA NA NA NA NA NA NA NA NA NA NA NA NA NA NA NA NA NA NA NA NA NA NA NA NA NA NA NA NA NA NA NA NA NA NA NA NA NA NA NA NA NA NA NA NA NA NA NA NA NA NA NA NA NA NA NA NA NA NA NA NA NA NA NA NA NA NA NA NA NA NA NA NA NA NA NA NA NA NA NA NA NA NA NA NA NA NA NA NA NA NA NA NA NA NA NA NA NA NA NA NA NA NA NA NA NA NA NA NA NA NA NA NA NA NA NA NA NA NA NA NA NA NA NA NA NA NA NA NA NA NA NA NA NA NA NA NA NA NA NA NA NA NA NA NA NA NA NA NA NA NA NA NA NA NA NA NA 345 345 345 345 345 345 345 346 345 345 346 346 346 345 345 345 344 344 345 345 344 344 343 342 342 342 342 342 342 342 342 342 342 342 342 342 342 342 342 343 343 343 343 344 344 344 344 345 344 344 344 343 344 344 344 344 344 344 344 344 344 345 345 345 344 344 344 344 343 343 343 343 343 343 343 344 344 343 343 343 342 342 342 343 NA NA NA NA NA NA NA NA NA NA NA NA NA NA NA NA NA NA NA NA NA NA NA NA NA NA NA NA NA NA NA NA NA NA NA NA NA NA NA NA NA NA NA NA NA NA NA NA NA NA NA NA NA NA NA NA NA NA NA NA NA NA NA NA NA NA NA NA
NA NA NA NA NA NA NA NA NA NA NA NA NA NA NA NA NA NA NA NA NA NA NA NA NA NA NA NA NA NA NA NA NA NA NA NA NA NA NA NA NA NA NA NA NA NA NA NA NA NA NA NA NA NA NA NA NA NA NA NA NA NA NA NA NA NA NA NA NA NA NA NA NA NA NA NA NA NA NA NA NA NA NA NA NA NA NA NA NA NA NA NA NA NA NA NA NA NA NA NA NA NA NA NA NA NA NA NA NA NA NA NA NA NA NA NA NA NA NA NA NA NA NA NA NA NA NA NA NA NA NA NA NA NA NA NA NA NA NA NA NA NA NA NA NA NA NA NA NA NA NA NA NA NA NA NA NA NA NA NA NA NA NA NA NA NA NA NA NA NA NA NA NA NA NA NA NA NA NA NA NA NA NA NA NA NA NA NA NA NA NA NA NA NA NA NA NA NA NA NA NA NA NA NA NA NA NA NA NA NA NA NA NA NA NA NA NA NA NA NA NA NA NA NA NA NA NA NA NA NA NA NA NA NA NA NA NA NA NA NA NA NA NA NA NA NA NA NA NA NA NA NA NA NA NA NA NA NA NA NA NA NA NA NA NA NA NA NA NA NA NA NA NA NA NA NA NA NA NA NA NA NA NA NA NA NA NA NA NA NA NA NA NA NA NA NA NA NA NA NA NA NA NA NA NA NA NA NA NA NA NA NA NA NA NA NA NA NA NA NA NA NA NA NA NA NA NA NA NA NA NA NA NA NA NA NA NA NA NA NA NA NA NA NA NA NA NA NA NA NA NA NA 344 345 345 345 345 346 346 346 346 345 345 345 345 344 344 344 343 344 344 343 343 343 343 342 342 342 342 342 342 342 342 342 342 342 342 342 342 342 342 342 343 343 343 343 344 344 345 345 345 344 344 344 344 344 344 344 344 344 344 345 345 345 345 344 344 344 343 343 343 343 342 342 342 343 343 344 343 343 342 342 342 342 343 NA NA NA NA NA NA NA NA NA NA NA NA NA NA NA NA NA NA NA NA NA NA NA NA NA NA NA NA NA NA NA NA NA NA NA NA NA NA NA NA NA NA NA NA NA NA NA NA NA NA NA NA NA NA NA NA NA NA NA NA NA NA NA NA NA NA NA NA
NA NA NA NA NA NA NA NA NA NA NA NA NA NA NA NA NA NA NA NA NA NA NA NA NA NA NA NA NA NA NA NA NA NA NA NA NA NA NA NA NA NA NA NA NA NA NA NA NA NA NA NA NA NA NA NA NA NA NA NA NA NA NA NA NA NA NA NA NA NA NA NA NA NA NA NA NA NA NA NA NA NA NA NA NA NA NA NA NA NA NA NA NA NA NA NA NA NA NA NA NA NA NA NA NA NA NA NA NA NA NA NA NA NA NA NA NA NA NA NA NA NA NA NA NA NA NA NA NA NA NA NA NA NA NA NA NA NA NA NA NA NA NA NA NA NA NA NA NA NA NA NA NA NA NA NA NA NA NA NA NA NA NA NA NA NA NA NA NA NA NA NA NA NA NA NA NA NA NA NA NA NA NA NA NA NA NA NA NA NA NA NA NA NA NA NA NA NA NA NA NA NA NA NA NA NA NA NA NA NA NA NA NA NA NA NA NA NA NA NA NA NA NA NA NA NA NA NA NA NA NA NA NA NA NA NA NA NA NA NA NA NA NA NA NA NA NA NA NA NA NA NA NA NA NA NA NA NA NA NA NA NA NA NA NA NA NA NA NA NA NA NA NA NA NA NA NA NA NA NA NA NA NA NA NA NA NA NA NA NA NA NA NA NA NA NA NA NA NA NA NA NA NA NA NA NA NA NA NA NA NA NA NA NA NA NA NA NA NA NA NA NA NA NA NA NA NA NA NA NA NA NA NA NA NA NA NA NA NA NA NA NA NA NA NA NA NA NA NA NA NA NA 344 345 345 345 345 346 346 346 345 344 344 344 344 344 343 344 343 343 343 343 343 343 343 343 343 343 343 342 342 342 342 342 342 342 343 343 343 343 343 342 342 342 343 343 343 344 344 344 344 345 344 345 344 344 344 344 344 345 344 345 345 345 344 344 344 344 344 344 344 344 343 343 342 342 343 343 342 342 342 342 342 343 343 NA NA NA NA NA NA NA NA NA NA NA NA NA NA NA NA NA NA NA NA NA NA NA NA NA NA NA NA NA NA NA NA NA NA NA NA NA NA NA NA NA NA NA NA NA NA NA NA NA NA NA NA NA NA NA NA NA NA NA NA NA NA NA NA NA NA NA NA
NA NA NA NA NA NA NA NA NA NA NA NA NA NA NA NA NA NA NA NA NA NA NA NA NA NA NA NA NA NA NA NA NA NA NA NA NA NA NA NA NA NA NA NA NA NA NA NA NA NA NA NA NA NA NA NA NA NA NA NA NA NA NA NA NA NA NA NA NA NA NA NA NA NA NA NA NA NA NA NA NA NA NA NA NA NA NA NA NA NA NA NA NA NA NA NA NA NA NA NA NA NA NA NA NA NA NA NA NA NA NA NA NA NA NA NA NA NA NA NA NA NA NA NA NA NA NA NA NA NA NA NA NA NA NA NA NA NA NA NA NA NA NA NA NA NA NA NA NA NA NA NA NA NA NA NA NA NA NA NA NA NA NA NA NA NA NA NA NA NA NA NA NA NA NA NA NA NA NA NA NA NA NA NA NA NA NA NA NA NA NA NA NA NA NA NA NA NA NA NA NA NA NA NA NA NA NA NA NA NA NA NA NA NA NA NA NA NA NA NA NA NA NA NA NA NA NA NA NA NA NA NA NA NA NA NA NA NA NA NA NA NA NA NA NA NA NA NA NA NA NA NA NA NA NA NA NA NA NA NA NA NA NA NA NA NA NA NA NA NA NA NA NA NA NA NA NA NA NA NA NA NA NA NA NA NA NA NA NA NA NA NA NA NA NA NA NA NA NA NA NA NA NA NA NA NA NA NA NA NA NA NA NA NA NA NA NA NA NA NA NA NA NA NA NA NA NA NA NA NA NA NA NA NA NA NA NA NA NA NA NA NA NA NA NA NA NA NA NA NA NA NA 344 345 345 345 345 345 345 345 345 344 344 343 343 344 343 343 343 343 343 343 343 343 343 343 343 343 343 342 342 342 343 343 343 342 343 343 343 343 343 343 343 342 342 342 343 343 343 344 344 344 345 345 344 344 344 344 344 345 345 345 345 345 345 344 344 344 344 345 344 344 343 342 342 342 343 343 342 342 343 343 343 343 343 343 343 342 NA NA NA NA NA NA NA NA NA NA NA NA NA NA NA NA NA NA NA NA NA NA NA NA NA NA NA NA NA NA NA NA NA NA NA NA NA NA NA NA NA NA NA NA NA NA NA NA NA NA NA NA NA NA NA NA NA NA NA NA NA NA NA NA NA
NA NA NA NA NA NA NA NA NA NA NA NA NA NA NA NA NA NA NA NA NA NA NA NA NA NA NA NA NA NA NA NA NA NA NA NA NA NA NA NA NA NA NA NA NA NA NA NA NA NA NA NA NA NA NA NA NA NA NA NA NA NA NA NA NA NA NA NA NA NA NA NA NA NA NA NA NA NA NA NA NA NA NA NA NA NA NA NA NA NA NA NA NA NA NA NA NA NA NA NA NA NA NA NA NA NA NA NA NA NA NA NA NA NA NA NA NA NA NA NA NA NA NA NA NA NA NA NA NA NA NA NA NA NA NA NA NA NA NA NA NA NA NA NA NA NA NA NA NA NA NA NA NA NA NA NA NA NA NA NA NA NA NA NA NA NA NA NA NA NA NA NA NA NA NA NA NA NA NA NA NA NA NA NA NA NA NA NA NA NA NA NA NA NA NA NA NA NA NA NA NA NA NA NA NA NA NA NA NA NA NA NA NA NA NA NA NA NA NA NA NA NA NA NA NA NA NA NA NA NA NA NA NA NA NA NA NA NA NA NA NA NA NA NA NA NA NA NA NA NA NA NA NA NA NA NA NA NA NA NA NA NA NA NA NA NA NA NA NA NA NA NA NA NA NA NA NA NA NA NA NA NA NA NA NA NA NA NA NA NA NA NA NA NA NA NA NA NA NA NA NA NA NA NA NA NA NA NA NA NA NA NA NA NA NA NA NA NA NA NA NA NA NA NA NA NA NA NA NA NA NA NA NA NA NA NA NA NA NA NA NA NA NA NA NA NA NA NA NA NA NA 344 345 345 345 345 345 345 345 345 344 344 344 343 343 343 343 343 343 343 343 343 343 343 343 343 343 343 343 343 342 342 342 343 343 343 343 343 343 343 343 344 343 343 343 343 344 343 344 344 345 345 345 345 345 344 344 344 344 345 345 345 345 345 345 345 345 345 345 345 344 344 343 343 342 342 342 342 342 342 342 343 343 343 343 342 342 342 341 NA NA NA NA NA NA NA NA NA NA NA NA NA NA NA NA NA NA NA NA NA NA NA NA NA NA NA NA NA NA NA NA NA NA NA NA NA NA NA NA NA NA NA NA NA NA NA NA NA NA NA NA NA NA NA NA NA NA NA NA NA NA NA NA
NA NA NA NA NA NA NA NA NA NA NA NA NA NA NA NA NA NA NA NA NA NA NA NA NA NA NA NA NA NA NA NA NA NA NA NA NA NA NA NA NA NA NA NA NA NA NA NA NA NA NA NA NA NA NA NA NA NA NA NA NA NA NA NA NA NA NA NA NA NA NA NA NA NA NA NA NA NA NA NA NA NA NA NA NA NA NA NA NA NA NA NA NA NA NA NA NA NA NA NA NA NA NA NA NA NA NA NA NA NA NA NA NA NA NA NA NA NA NA NA NA NA NA NA NA NA NA NA NA NA NA NA NA NA NA NA NA NA NA NA NA NA NA NA NA NA NA NA NA NA NA NA NA NA NA NA NA NA NA NA NA NA NA NA NA NA NA NA NA NA NA NA NA NA NA NA NA NA NA NA NA NA NA NA NA NA NA NA NA NA NA NA NA NA NA NA NA NA NA NA NA NA NA NA NA NA NA NA NA NA NA NA NA NA NA NA NA NA NA NA NA NA NA NA NA NA NA NA NA NA NA NA NA NA NA NA NA NA NA NA NA NA NA NA NA NA NA NA NA NA NA NA NA NA NA NA NA NA NA NA NA NA NA NA NA NA NA NA NA NA NA NA NA NA NA NA NA NA NA NA NA NA NA NA NA NA NA NA NA NA NA NA NA NA NA NA NA NA NA NA NA NA NA NA NA NA NA NA NA NA NA NA NA NA NA NA NA NA NA NA NA NA NA NA NA NA NA NA NA NA NA NA NA NA NA NA NA NA NA NA NA NA NA NA NA NA 345 345 345 345 345 345 345 345 344 345 344 345 345 344 344 343 343 343 343 344 344 343 343 343 343 343 343 343 343 343 343 343 343 343 343 342 342 342 343 343 343 343 343 344 344 344 343 343 344 344 344 344 343 344 344 345 345 345 345 345 344 345 345 345 345 344 344 344 344 344 344 345 345 345 345 344 343 343 342 342 343 343 342 341 341 342 342 342 343 342 342 342 341 341 341 NA NA NA NA NA NA NA NA NA NA NA NA NA NA NA NA NA NA NA NA NA NA NA NA NA NA NA NA NA NA NA NA NA NA NA NA NA NA NA NA NA NA NA NA NA NA NA NA NA NA NA NA NA NA NA NA NA NA NA NA NA NA
NA NA NA NA NA NA NA NA NA NA NA NA NA NA NA NA NA NA NA NA NA NA NA NA NA NA NA NA NA NA NA NA NA NA NA NA NA NA NA NA NA NA NA NA NA NA NA NA NA NA NA NA NA NA NA NA NA NA NA NA NA NA NA NA NA NA NA NA NA NA NA NA NA NA NA NA NA NA NA NA NA NA NA NA NA NA NA NA NA NA NA NA NA NA NA NA NA NA NA NA NA NA NA NA NA NA NA NA NA NA NA NA NA NA NA NA NA NA NA NA NA NA NA NA NA NA NA NA NA NA NA NA NA NA NA NA NA NA NA NA NA NA NA NA NA NA NA NA NA NA NA NA NA NA NA NA NA NA NA NA NA NA NA NA NA NA NA NA NA NA NA NA NA NA NA NA NA NA NA NA NA NA NA NA NA NA NA NA NA NA NA NA NA NA NA NA NA NA NA NA NA NA NA NA NA NA NA NA NA NA NA NA NA NA NA NA NA NA NA NA NA NA NA NA NA NA NA NA NA NA NA NA NA NA NA NA NA NA NA NA NA NA NA NA NA NA NA NA NA NA NA NA NA NA NA NA NA NA NA NA NA NA NA NA NA NA NA NA NA NA NA NA NA NA NA NA NA NA NA NA NA NA NA NA NA NA NA NA NA NA NA NA NA NA NA NA NA NA NA NA NA NA NA NA NA NA NA NA NA NA NA NA NA NA NA NA NA NA NA NA NA NA NA NA NA NA NA NA NA NA NA NA NA NA NA NA NA NA NA NA NA NA NA NA NA NA 345 345 345 345 345 345 345 345 345 344 344 345 345 344 343 343 343 344 344 344 344 344 344 344 343 343 343 343 343 343 343 343 343 343 343 343 343 343 343 342 343 343 343 343 344 344 344 344 344 344 345 344 344 344 344 344 344 344 345 345 345 345 345 346 346 345 345 344 344 344 344 345 345 345 344 344 343 343 343 343 343 343 342 342 341 341 341 341 341 342 342 341 341 341 341 341 NA NA NA NA NA NA NA NA NA NA NA NA NA NA NA NA NA NA NA NA NA NA NA NA NA NA NA NA NA NA NA NA NA NA NA NA NA NA NA NA NA NA NA NA NA NA NA NA NA NA NA NA NA NA NA NA NA NA NA NA NA
NA NA NA NA NA NA NA NA NA NA NA NA NA NA NA NA NA NA NA NA NA NA NA NA NA NA NA NA NA NA NA NA NA NA NA NA NA NA NA NA NA NA NA NA NA NA NA NA NA NA NA NA NA NA NA NA NA NA NA NA NA NA NA NA NA NA NA NA NA NA NA NA NA NA NA NA NA NA NA NA NA NA NA NA NA NA NA NA NA NA NA NA NA NA NA NA NA NA NA NA NA NA NA NA NA NA NA NA NA NA NA NA NA NA NA NA NA NA NA NA NA NA NA NA NA NA NA NA NA NA NA NA NA NA NA NA NA NA NA NA NA NA NA NA NA NA NA NA NA NA NA NA NA NA NA NA NA NA NA NA NA NA NA NA NA NA NA NA NA NA NA NA NA NA NA NA NA NA NA NA NA NA NA NA NA NA NA NA NA NA NA NA NA NA NA NA NA NA NA NA NA NA NA NA NA NA NA NA NA NA NA NA NA NA NA NA NA NA NA NA NA NA NA NA NA NA NA NA NA NA NA NA NA NA NA NA NA NA NA NA NA NA NA NA NA NA NA NA NA NA NA NA NA NA NA NA NA NA NA NA NA NA NA NA NA NA NA NA NA NA NA NA NA NA NA NA NA NA NA NA NA NA NA NA NA NA NA NA NA NA NA NA NA NA NA NA NA NA NA NA NA NA NA NA NA NA NA NA NA NA NA NA NA NA NA NA NA NA NA NA NA NA NA NA NA NA NA NA NA NA NA NA NA NA NA NA NA NA NA NA NA NA NA NA NA NA 345 345 345 345 345 345 345 345 345 344 344 345 344 344 344 344 344 344 344 344 344 344 344 344 344 344 344 343 343 343 343 343 343 343 343 343 344 344 344 343 342 343 343 343 343 344 343 343 344 344 345 345 345 345 344 344 345 345 345 345 345 346 346 346 346 345 345 345 344 344 344 345 344 343 343 344 344 344 343 343 344 344 344 343 342 342 341 341 341 341 342 341 341 341 341 341 341 NA NA NA NA NA NA NA NA NA NA NA NA NA NA NA NA NA NA NA NA NA NA NA NA NA NA NA NA NA NA NA NA NA NA NA NA NA NA NA NA NA NA NA NA NA NA NA NA NA NA NA NA NA NA NA NA NA NA NA NA
NA NA NA NA NA NA NA NA NA NA NA NA NA NA NA NA NA NA NA NA NA NA NA NA NA NA NA NA NA NA NA NA NA NA NA NA NA NA NA NA NA NA NA NA NA NA NA NA NA NA NA NA NA NA NA NA NA NA NA NA NA NA NA NA NA NA NA NA NA NA NA NA NA NA NA NA NA NA NA NA NA NA NA NA NA NA NA NA NA NA NA NA NA NA NA NA NA NA NA NA NA NA NA NA NA NA NA NA NA NA NA NA NA NA NA NA NA NA NA NA NA NA NA NA NA NA NA NA NA NA NA NA NA NA NA NA NA NA NA NA NA NA NA NA NA NA NA NA NA NA NA NA NA NA NA NA NA NA NA NA NA NA NA NA NA NA NA NA NA NA NA NA NA NA NA NA NA NA NA NA NA NA NA NA NA NA NA NA NA NA NA NA NA NA NA NA NA NA NA NA NA NA NA NA NA NA NA NA NA NA NA NA NA NA NA NA NA NA NA NA NA NA NA NA NA NA NA NA NA NA NA NA NA NA NA NA NA NA NA NA NA NA NA NA NA NA NA NA NA NA NA NA NA NA NA NA NA NA NA NA NA NA NA NA NA NA NA NA NA NA NA NA NA NA NA NA NA NA NA NA NA NA NA NA NA NA NA NA NA NA NA NA NA NA NA NA NA NA NA NA NA NA NA NA NA NA NA NA NA NA NA NA NA NA NA NA NA NA NA NA NA NA NA NA NA NA NA NA NA NA NA NA NA NA NA NA NA NA NA NA NA NA NA NA NA NA NA 345 345 345 345 345 345 345 345 345 344 344 344 344 344 344 344 344 344 344 344 344 344 344 344 344 344 344 343 343 343 343 343 343 343 343 343 343 343 344 343 342 342 343 343 343 343 344 344 344 344 344 344 345 345 345 345 345 345 345 346 346 345 345 345 344 344 345 344 344 345 345 345 344 343 343 344 344 343 343 344 344 343 343 343 343 342 342 342 341 341 342 341 341 341 341 341 341 341 NA NA NA NA NA NA NA NA NA NA NA NA NA NA NA NA NA NA NA NA NA NA NA NA NA NA NA NA NA NA NA NA NA NA NA NA NA NA NA NA NA NA NA NA NA NA NA NA NA NA NA NA NA NA NA NA NA NA
NA NA NA NA NA NA NA NA NA NA NA NA NA NA NA NA NA NA NA NA NA NA NA NA NA NA NA NA NA NA NA NA NA NA NA NA NA NA NA NA NA NA NA NA NA NA NA NA NA NA NA NA NA NA NA NA NA NA NA NA NA NA NA NA NA NA NA NA NA NA NA NA NA NA NA NA NA NA NA NA NA NA NA NA NA NA NA NA NA NA NA NA NA NA NA NA NA NA NA NA NA NA NA NA NA NA NA NA NA NA NA NA NA NA NA NA NA NA NA NA NA NA NA NA NA NA NA NA NA NA NA NA NA NA NA NA NA NA NA NA NA NA NA NA NA NA NA NA NA NA NA NA NA NA NA NA NA NA NA NA NA NA NA NA NA NA NA NA NA NA NA NA NA NA NA NA NA NA NA NA NA NA NA NA NA NA NA NA NA NA NA NA NA NA NA NA NA NA NA NA NA NA NA NA NA NA NA NA NA NA NA NA NA NA NA NA NA NA NA NA NA NA NA NA NA NA NA NA NA NA NA NA NA NA NA NA NA NA NA NA NA NA NA NA NA NA NA NA NA NA NA NA NA NA NA NA NA NA NA NA NA NA NA NA NA NA NA NA NA NA NA NA NA NA NA NA NA NA NA NA NA NA NA NA NA NA NA NA NA NA NA NA NA NA NA NA NA NA NA NA NA NA NA NA NA NA NA NA NA NA NA NA NA NA NA NA NA NA NA NA NA NA NA NA NA NA NA NA NA NA NA NA NA NA NA NA NA NA NA NA NA NA NA NA NA 345 345 345 345 345 345 345 345 344 344 344 344 344 344 344 344 344 344 344 344 344 344 344 344 344 344 344 344 344 343 343 344 343 343 343 343 343 343 344 344 344 343 343 343 342 343 343 343 344 344 344 344 344 344 344 344 345 345 345 344 344 345 346 345 345 345 344 344 344 344 344 345 344 344 343 343 343 343 343 343 343 344 343 343 342 342 343 342 342 342 341 341 341 341 341 341 341 341 341 341 341 342 NA NA NA NA NA NA NA NA NA NA NA NA NA NA NA NA NA NA NA NA NA NA NA NA NA NA NA NA NA NA NA NA NA NA NA NA NA NA NA NA NA NA NA NA NA NA NA NA NA NA NA NA NA NA NA NA
NA NA NA NA NA NA NA NA NA NA NA NA NA NA NA NA NA NA NA NA NA NA NA NA NA NA NA NA NA NA NA NA NA NA NA NA NA NA NA NA NA NA NA NA NA NA NA NA NA NA NA NA NA NA NA NA NA NA NA NA NA NA NA NA NA NA NA NA NA NA NA NA NA NA NA NA NA NA NA NA NA NA NA NA NA NA NA NA NA NA NA NA NA NA NA NA NA NA NA NA NA NA NA NA NA NA NA NA NA NA NA NA NA NA NA NA NA NA NA NA NA NA NA NA NA NA NA NA NA NA NA NA NA NA NA NA NA NA NA NA NA NA NA NA NA NA NA NA NA NA NA NA NA NA NA NA NA NA NA NA NA NA NA NA NA NA NA NA NA NA NA NA NA NA NA NA NA NA NA NA NA NA NA NA NA NA NA NA NA NA NA NA NA NA NA NA NA NA NA NA NA NA NA NA NA NA NA NA NA NA NA NA NA NA NA NA NA NA NA NA NA NA NA NA NA NA NA NA NA NA NA NA NA NA NA NA NA NA NA NA NA NA NA NA NA NA NA NA NA NA NA NA NA NA NA NA NA NA NA NA NA NA NA NA NA NA NA NA NA NA NA NA NA NA NA NA NA NA NA NA NA NA NA NA NA NA NA NA NA NA NA NA NA NA NA NA NA NA NA NA NA NA NA NA NA NA NA NA NA NA NA NA NA NA NA NA NA NA NA NA NA NA NA NA NA NA NA NA NA NA NA NA NA NA NA NA NA NA NA NA NA NA NA NA NA 345 345 345 345 345 345 345 344 344 344 344 344 344 344 344 344 344 344 344 344 344 344 344 344 344 344 344 344 344 343 343 343 343 344 344 344 344 344 344 344 344 344 344 343 343 343 343 343 343 343 343 343 344 343 344 344 344 345 344 344 344 345 346 346 346 346 345 345 345 345 344 344 344 343 343 343 343 343 343 343 344 344 344 343 342 342 342 341 341 341 341 341 341 341 341 341 341 341 341 341 341 341 342 NA NA NA NA NA NA NA NA NA NA NA NA NA NA NA NA NA NA NA NA NA NA NA NA NA NA NA NA NA NA NA NA NA NA NA NA NA NA NA NA NA NA NA NA NA NA NA NA NA NA NA NA NA NA NA
NA NA NA NA NA NA NA NA NA NA NA NA NA NA NA NA NA NA NA NA NA NA NA NA NA NA NA NA NA NA NA NA NA NA NA NA NA NA NA NA NA NA NA NA NA NA NA NA NA NA NA NA NA NA NA NA NA NA NA NA NA NA NA NA NA NA NA NA NA NA NA NA NA NA NA NA NA NA NA NA NA NA NA NA NA NA NA NA NA NA NA NA NA NA NA NA NA NA NA NA NA NA NA NA NA NA NA NA NA NA NA NA NA NA NA NA NA NA NA NA NA NA NA NA NA NA NA NA NA NA NA NA NA NA NA NA NA NA NA NA NA NA NA NA NA NA NA NA NA NA NA NA NA NA NA NA NA NA NA NA NA NA NA NA NA NA NA NA NA NA NA NA NA NA NA NA NA NA NA NA NA NA NA NA NA NA NA NA NA NA NA NA NA NA NA NA NA NA NA NA NA NA NA NA NA NA NA NA NA NA NA NA NA NA NA NA NA NA NA NA NA NA NA NA NA NA NA NA NA NA NA NA NA NA NA NA NA NA NA NA NA NA NA NA NA NA NA NA NA NA NA NA NA NA NA NA NA NA NA NA NA NA NA NA NA NA NA NA NA NA NA NA NA NA NA NA NA NA NA NA NA NA NA NA NA NA NA NA NA NA NA NA NA NA NA NA NA NA NA NA NA NA NA NA NA NA NA NA NA NA NA NA NA NA NA NA NA NA NA NA NA NA NA NA NA NA NA NA NA NA NA NA NA NA NA NA NA NA NA NA NA NA NA 345 345 345 345 345 345 345 345 344 344 344 344 344 344 344 344 344 344 344 344 344 344 344 344 344 344 344 344 344 344 344 344 344 343 343 343 344 344 344 344 344 344 344 344 344 344 344 344 344 343 343 344 343 343 343 343 344 344 344 344 344 344 344 344 345 346 345 345 345 344 344 344 344 344 344 344 344 344 344 343 343 343 343 344 344 343 342 342 342 341 341 342 342 341 341 341 341 341 341 341 341 341 341 341 341 NA NA NA NA NA NA NA NA NA NA NA NA NA NA NA NA NA NA NA NA NA NA NA NA NA NA NA NA NA NA NA NA NA NA NA NA NA NA NA NA NA NA NA NA NA NA NA NA NA NA NA NA NA NA NA
NA NA NA NA NA NA NA NA NA NA NA NA NA NA NA NA NA NA NA NA NA NA NA NA NA NA NA NA NA NA NA NA NA NA NA NA NA NA NA NA NA NA NA NA NA NA NA NA NA NA NA NA NA NA NA NA NA NA NA NA NA NA NA NA NA NA NA NA NA NA NA NA NA NA NA NA NA NA NA NA NA NA NA NA NA NA NA NA NA NA NA NA NA NA NA NA NA NA NA NA NA NA NA NA NA NA NA NA NA NA NA NA NA NA NA NA NA NA NA NA NA NA NA NA NA NA NA NA NA NA NA NA NA NA NA NA NA NA NA NA NA NA NA NA NA NA NA NA NA NA NA NA NA NA NA NA NA NA NA NA NA NA NA NA NA NA NA NA NA NA NA NA NA NA NA NA NA NA NA NA NA NA NA NA NA NA NA NA NA NA NA NA NA NA NA NA NA NA NA NA NA NA NA NA NA NA NA NA NA NA NA NA NA NA NA NA NA NA NA NA NA NA NA NA NA NA NA NA NA NA NA NA NA NA NA NA NA NA NA NA NA NA NA NA NA NA NA NA NA NA NA NA NA NA NA NA NA NA NA NA NA NA NA NA NA NA NA NA NA NA NA NA NA NA NA NA NA NA NA NA NA NA NA NA NA NA NA NA NA NA NA NA NA NA NA NA NA NA NA NA NA NA NA NA NA NA NA NA NA NA NA NA NA NA NA NA NA NA NA NA NA NA NA NA NA NA NA NA NA NA NA NA NA NA NA NA NA NA NA NA NA NA 344 344 344 345 345 345 345 344 344 344 344 344 344 344 344 344 344 344 344 344 344 344 344 344 344 344 344 344 344 344 344 344 344 344 344 343 343 343 343 343 344 344 344 344 344 344 345 344 344 344 344 344 344 344 345 344 343 344 344 344 344 344 344 344 345 345 345 345 345 344 344 345 345 345 344 344 345 345 345 344 344 344 343 343 343 343 343 342 342 342 342 342 342 342 342 342 341 341 341 341 341 341 341 341 341 341 341 NA NA NA NA NA NA NA NA NA NA NA NA NA NA NA NA NA NA NA NA NA NA NA NA NA NA NA NA NA NA NA NA NA NA NA NA NA NA NA NA NA NA NA NA NA NA NA NA NA NA NA NA NA NA
NA NA NA NA NA NA NA NA NA NA NA NA NA NA NA NA NA NA NA NA NA NA NA NA NA NA NA NA NA NA NA NA NA NA NA NA NA NA NA NA NA NA NA NA NA NA NA NA NA NA NA NA NA NA NA NA NA NA NA NA NA NA NA NA NA NA NA NA NA NA NA NA NA NA NA NA NA NA NA NA NA NA NA NA NA NA NA NA NA NA NA NA NA NA NA NA NA NA NA NA NA NA NA NA NA NA NA NA NA NA NA NA NA NA NA NA NA NA NA NA NA NA NA NA NA NA NA NA NA NA NA NA NA NA NA NA NA NA NA NA NA NA NA NA NA NA NA NA NA NA NA NA NA NA NA NA NA NA NA NA NA NA NA NA NA NA NA NA NA NA NA NA NA NA NA NA NA NA NA NA NA NA NA NA NA NA NA NA NA NA NA NA NA NA NA NA NA NA NA NA NA NA NA NA NA NA NA NA NA NA NA NA NA NA NA NA NA NA NA NA NA NA NA NA NA NA NA NA NA NA NA NA NA NA NA NA NA NA NA NA NA NA NA NA NA NA NA NA NA NA NA NA NA NA NA NA NA NA NA NA NA NA NA NA NA NA NA NA NA NA NA NA NA NA NA NA NA NA NA NA NA NA NA NA NA NA NA NA NA NA NA NA NA NA NA NA NA NA NA NA NA NA NA NA NA NA NA NA NA NA NA NA NA NA NA NA NA NA NA NA NA NA NA NA NA NA NA NA NA NA NA NA NA NA NA NA NA NA NA NA NA 345 344 344 344 345 345 345 345 344 344 344 344 344 345 345 344 344 344 344 344 344 344 344 344 344 344 344 344 344 344 344 344 344 344 344 344 344 344 344 344 344 344 344 344 344 345 345 345 345 345 345 344 344 344 344 345 344 344 344 344 344 344 344 344 344 345 346 346 346 345 345 345 345 345 345 344 344 345 345 345 344 344 344 344 344 343 343 343 343 344 343 343 343 342 342 342 342 341 341 341 342 341 341 341 341 341 341 341 NA NA NA NA NA NA NA NA NA NA NA NA NA NA NA NA NA NA NA NA NA NA NA NA NA NA NA NA NA NA NA NA NA NA NA NA NA NA NA NA NA NA NA NA NA NA NA NA NA NA NA NA NA NA
NA NA NA NA NA NA NA NA NA NA NA NA NA NA NA NA NA NA NA NA NA NA NA NA NA NA NA NA NA NA NA NA NA NA NA NA NA NA NA NA NA NA NA NA NA NA NA NA NA NA NA NA NA NA NA NA NA NA NA NA NA NA NA NA NA NA NA NA NA NA NA NA NA NA NA NA NA NA NA NA NA NA NA NA NA NA NA NA NA NA NA NA NA NA NA NA NA NA NA NA NA NA NA NA NA NA NA NA NA NA NA NA NA NA NA NA NA NA NA NA NA NA NA NA NA NA NA NA NA NA NA NA NA NA NA NA NA NA NA NA NA NA NA NA NA NA NA NA NA NA NA NA NA NA NA NA NA NA NA NA NA NA NA NA NA NA NA NA NA NA NA NA NA NA NA NA NA NA NA NA NA NA NA NA NA NA NA NA NA NA NA NA NA NA NA NA NA NA NA NA NA NA NA NA NA NA NA NA NA NA NA NA NA NA NA NA NA NA NA NA NA NA NA NA NA NA NA NA NA NA NA NA NA NA NA NA NA NA NA NA NA NA NA NA NA NA NA NA NA NA NA NA NA NA NA NA NA NA NA NA NA NA NA NA NA NA NA NA NA NA NA NA NA NA NA NA NA NA NA NA NA NA NA NA NA NA NA NA NA NA NA NA NA NA NA NA NA NA NA NA NA NA NA NA NA NA NA NA NA NA NA NA NA NA NA NA NA NA NA NA NA NA NA NA NA NA NA NA NA NA NA NA NA NA NA NA NA NA NA NA 345 345 345 345 344 344 345 345 345 345 344 344 345 345 345 345 345 345 345 344 344 344 344 344 344 344 344 344 344 344 344 344 344 344 344 344 344 344 343 344 344 344 344 344 344 345 345 345 345 345 345 345 345 346 345 345 344 345 345 344 344 345 344 344 344 345 345 345 346 346 346 345 345 345 345 345 344 345 345 345 344 344 344 343 343 343 343 343 343 344 344 344 343 343 342 342 342 342 341 341 341 341 341 341 341 341 341 341 NA NA NA NA NA NA NA NA NA NA NA NA NA NA NA NA NA NA NA NA NA NA NA NA NA NA NA NA NA NA NA NA NA NA NA NA NA NA NA NA NA NA NA NA NA NA NA NA NA NA NA NA NA NA NA
NA NA NA NA NA NA NA NA NA NA NA NA NA NA NA NA NA NA NA NA NA NA NA NA NA NA NA NA NA NA NA NA NA NA NA NA NA NA NA NA NA NA NA NA NA NA NA NA NA NA NA NA NA NA NA NA NA NA NA NA NA NA NA NA NA NA NA NA NA NA NA NA NA NA NA NA NA NA NA NA NA NA NA NA NA NA NA NA NA NA NA NA NA NA NA NA NA NA NA NA NA NA NA NA NA NA NA NA NA NA NA NA NA NA NA NA NA NA NA NA NA NA NA NA NA NA NA NA NA NA NA NA NA NA NA NA NA NA NA NA NA NA NA NA NA NA NA NA NA NA NA NA NA NA NA NA NA NA NA NA NA NA NA NA NA NA NA NA NA NA NA NA NA NA NA NA NA NA NA NA NA NA NA NA NA NA NA NA NA NA NA NA NA NA NA NA NA NA NA NA NA NA NA NA NA NA NA NA NA NA NA NA NA NA NA NA NA NA NA NA NA NA NA NA NA NA NA NA NA NA NA NA NA NA NA NA NA NA NA NA NA NA NA NA NA NA NA NA NA NA NA NA NA NA NA NA NA NA NA NA NA NA NA NA NA NA NA NA NA NA NA NA NA NA NA NA NA NA NA NA NA NA NA NA NA NA NA NA NA NA NA NA NA NA NA NA NA NA NA NA NA NA NA NA NA NA NA NA NA NA NA NA NA NA NA NA NA NA NA NA NA NA NA NA NA NA NA NA NA NA NA NA NA NA NA NA NA NA 346 345 345 345 345 345 345 344 344 345 345 344 344 345 345 345 345 345 345 345 345 344 344 344 344 344 344 344 344 344 344 344 344 344 344 344 344 344 344 344 344 344 344 344 344 344 344 345 345 345 345 345 345 345 345 346 346 346 345 345 345 344 344 344 345 345 345 345 346 345 345 346 346 346 346 346 345 345 345 345 345 345 345 344 344 344 344 344 344 343 343 343 344 344 344 343 343 342 341 341 341 341 341 341 341 341 341 341 341 NA NA NA NA NA NA NA NA NA NA NA NA NA NA NA NA NA NA NA NA NA NA NA NA NA NA NA NA NA NA NA NA NA NA NA NA NA NA NA NA NA NA NA NA NA NA NA NA NA NA NA NA NA NA NA NA
NA NA NA NA NA NA NA NA NA NA NA NA NA NA NA NA NA NA NA NA NA NA NA NA NA NA NA NA NA NA NA NA NA NA NA NA NA NA NA NA NA NA NA NA NA NA NA NA NA NA NA NA NA NA NA NA NA NA NA NA NA NA NA NA NA NA NA NA NA NA NA NA NA NA NA NA NA NA NA NA NA NA NA NA NA NA NA NA NA NA NA NA NA NA NA NA NA NA NA NA NA NA NA NA NA NA NA NA NA NA NA NA NA NA NA NA NA NA NA NA NA NA NA NA NA NA NA NA NA NA NA NA NA NA NA NA NA NA NA NA NA NA NA NA NA NA NA NA NA NA NA NA NA NA NA NA NA NA NA NA NA NA NA NA NA NA NA NA NA NA NA NA NA NA NA NA NA NA NA NA NA NA NA NA NA NA NA NA NA NA NA NA NA NA NA NA NA NA NA NA NA NA NA NA NA NA NA NA NA NA NA NA NA NA NA NA NA NA NA NA NA NA NA NA NA NA NA NA NA NA NA NA NA NA NA NA NA NA NA NA NA NA NA NA NA NA NA NA NA NA NA NA NA NA NA NA NA NA NA NA NA NA NA NA NA NA NA NA NA NA NA NA NA NA NA NA NA NA NA NA NA NA NA NA NA NA NA NA NA NA NA NA NA NA NA NA NA NA NA NA NA NA NA NA NA NA NA NA NA NA NA NA NA NA NA NA NA NA NA NA NA NA NA NA NA NA NA NA NA NA NA NA NA NA NA NA NA 346 346 346 345 345 345 345 345 345 344 345 344 345 345 345 345 345 345 345 345 345 344 344 344 344 344 344 344 344 344 344 344 344 344 344 344 344 344 344 344 344 344 344 344 344 344 344 345 346 345 345 345 346 346 346 346 346 346 346 346 346 345 345 345 345 345 346 346 346 346 346 345 346 345 346 346 346 346 346 345 345 346 345 345 344 344 344 345 344 344 343 344 344 344 344 343 343 342 342 342 342 341 342 342 341 341 341 341 341 341 NA NA NA NA NA NA NA NA NA NA NA NA NA NA NA NA NA NA NA NA NA NA NA NA NA NA NA NA NA NA NA NA NA NA NA NA NA NA NA NA NA NA NA NA NA NA NA NA NA NA NA NA NA NA NA NA
NA NA NA NA NA NA NA NA NA NA NA NA NA NA NA NA NA NA NA NA NA NA NA NA NA NA NA NA NA NA NA NA NA NA NA NA NA NA NA NA NA NA NA NA NA NA NA NA NA NA NA NA NA NA NA NA NA NA NA NA NA NA NA NA NA NA NA NA NA NA NA NA NA NA NA NA NA NA NA NA NA NA NA NA NA NA NA NA NA NA NA NA NA NA NA NA NA NA NA NA NA NA NA NA NA NA NA NA NA NA NA NA NA NA NA NA NA NA NA NA NA NA NA NA NA NA NA NA NA NA NA NA NA NA NA NA NA NA NA NA NA NA NA NA NA NA NA NA NA NA NA NA NA NA NA NA NA NA NA NA NA NA NA NA NA NA NA NA NA NA NA NA NA NA NA NA NA NA NA NA NA NA NA NA NA NA NA NA NA NA NA NA NA NA NA NA NA NA NA NA NA NA NA NA NA NA NA NA NA NA NA NA NA NA NA NA NA NA NA NA NA NA NA NA NA NA NA NA NA NA NA NA NA NA NA NA NA NA NA NA NA NA NA NA NA NA NA NA NA NA NA NA NA NA NA NA NA NA NA NA NA NA NA NA NA NA NA NA NA NA NA NA NA NA NA NA NA NA NA NA NA NA NA NA NA NA NA NA NA NA NA NA NA NA NA NA NA NA NA NA NA NA NA NA NA NA NA NA NA NA NA NA NA NA NA NA NA NA NA NA NA NA NA NA NA NA NA NA NA NA NA NA NA NA NA NA NA 346 346 346 346 345 345 345 345 345 345 345 345 345 345 345 345 345 345 345 345 345 344 344 344 344 344 344 344 344 344 344 344 344 344 344 344 344 344 344 344 344 345 344 344 344 345 345 345 346 345 345 345 345 345 345 346 347 347 346 346 346 346 346 346 346 346 346 346 346 346 346 345 346 345 345 345 345 345 345 346 346 346 345 344 344 344 344 345 344 344 344 344 344 344 343 343 342 342 342 342 342 342 342 342 342 341 341 341 341 341 NA NA NA NA NA NA NA NA NA NA NA NA NA NA NA NA NA NA NA NA NA NA NA NA NA NA NA NA NA NA NA NA NA NA NA NA NA NA NA NA NA NA NA NA NA NA NA NA NA NA NA NA NA NA NA NA
NA NA NA NA NA NA NA NA NA NA NA NA NA NA NA NA NA NA NA NA NA NA NA NA NA NA NA NA NA NA NA NA NA NA NA NA NA NA NA NA NA NA NA NA NA NA NA NA NA NA NA NA NA NA NA NA NA NA NA NA NA NA NA NA NA NA NA NA NA NA NA NA NA NA NA NA NA NA NA NA NA NA NA NA NA NA NA NA NA NA NA NA NA NA NA NA NA NA NA NA NA NA NA NA NA NA NA NA NA NA NA NA NA NA NA NA NA NA NA NA NA NA NA NA NA NA NA NA NA NA NA NA NA NA NA NA NA NA NA NA NA NA NA NA NA NA NA NA NA NA NA NA NA NA NA NA NA NA NA NA NA NA NA NA NA NA NA NA NA NA NA NA NA NA NA NA NA NA NA NA NA NA NA NA NA NA NA NA NA NA NA NA NA NA NA NA NA NA NA NA NA NA NA NA NA NA NA NA NA NA NA NA NA NA NA NA NA NA NA NA NA NA NA NA NA NA NA NA NA NA NA NA NA NA NA NA NA NA NA NA NA NA NA NA NA NA NA NA NA NA NA NA NA NA NA NA NA NA NA NA NA NA NA NA NA NA NA NA NA NA NA NA NA NA NA NA NA NA NA NA NA NA NA NA NA NA NA NA NA NA NA NA NA NA NA NA NA NA NA NA NA NA NA NA NA NA NA NA NA NA NA NA NA NA NA NA NA NA NA NA NA NA NA NA NA NA NA NA NA NA NA NA NA NA NA NA NA NA 346 346 346 345 345 345 345 345 345 345 345 345 345 345 345 345 345 345 345 345 345 344 344 344 344 344 344 344 344 344 344 344 344 344 344 345 345 345 344 344 345 344 345 344 344 345 345 346 345 344 344 344 344 345 345 346 346 346 346 345 346 346 346 346 346 346 346 345 346 346 345 346 345 345 345 345 346 345 346 346 345 345 344 344 345 344 345 345 344 344 345 344 344 343 343 343 342 342 342 342 342 342 342 342 341 341 341 341 341 NA NA NA NA NA NA NA NA NA NA NA NA NA NA NA NA NA NA NA NA NA NA NA NA NA NA NA NA NA NA NA NA NA NA NA NA NA NA NA NA NA NA NA NA NA NA NA NA NA NA NA NA NA NA NA NA
NA NA NA NA NA NA NA NA NA NA NA NA NA NA NA NA NA NA NA NA NA NA NA NA NA NA NA NA NA NA NA NA NA NA NA NA NA NA NA NA NA NA NA NA NA NA NA NA NA NA NA NA NA NA NA NA NA NA NA NA NA NA NA NA NA NA NA NA NA NA NA NA NA NA NA NA NA NA NA NA NA NA NA NA NA NA NA NA NA NA NA NA NA NA NA NA NA NA NA NA NA NA NA NA NA NA NA NA NA NA NA NA NA NA NA NA NA NA NA NA NA NA NA NA NA NA NA NA NA NA NA NA NA NA NA NA NA NA NA NA NA NA NA NA NA NA NA NA NA NA NA NA NA NA NA NA NA NA NA NA NA NA NA NA NA NA NA NA NA NA NA NA NA NA NA NA NA NA NA NA NA NA NA NA NA NA NA NA NA NA NA NA NA NA NA NA NA NA NA NA NA NA NA NA NA NA NA NA NA NA NA NA NA NA NA NA NA NA NA NA NA NA NA NA NA NA NA NA NA NA NA NA NA NA NA NA NA NA NA NA NA NA NA NA NA NA NA NA NA NA NA NA NA NA NA NA NA NA NA NA NA NA NA NA NA NA NA NA NA NA NA NA NA NA NA NA NA NA NA NA NA NA NA NA NA NA NA NA NA NA NA NA NA NA NA NA NA NA NA NA NA NA NA NA NA NA NA NA NA NA NA NA NA NA NA NA NA NA NA NA NA NA NA NA NA NA NA NA NA NA NA NA NA NA NA NA NA NA NA 346 346 345 345 345 345 345 345 345 345 345 345 345 345 345 345 345 345 345 345 345 344 345 345 345 344 344 344 344 344 344 344 344 344 344 344 345 344 344 344 345 345 344 345 345 345 345 345 344 345 345 345 345 345 345 346 346 346 345 345 346 346 346 345 346 346 346 345 345 345 346 345 345 345 345 345 345 346 346 345 345 345 344 345 345 345 345 345 345 346 345 344 344 343 342 342 342 342 342 342 342 342 342 342 341 341 341 NA NA NA NA NA NA NA NA NA NA NA NA NA NA NA NA NA NA NA NA NA NA NA NA NA NA NA NA NA NA NA NA NA NA NA NA NA NA NA NA NA NA NA NA NA NA NA NA NA NA NA NA NA NA NA NA NA
NA NA NA NA NA NA NA NA NA NA NA NA NA NA NA NA NA NA NA NA NA NA NA NA NA NA NA NA NA NA NA NA NA NA NA NA NA NA NA NA NA NA NA NA NA NA NA NA NA NA NA NA NA NA NA NA NA NA NA NA NA NA NA NA NA NA NA NA NA NA NA NA NA NA NA NA NA NA NA NA NA NA NA NA NA NA NA NA NA NA NA NA NA NA NA NA NA NA NA NA NA NA NA NA NA NA NA NA NA NA NA NA NA NA NA NA NA NA NA NA NA NA NA NA NA NA NA NA NA NA NA NA NA NA NA NA NA NA NA NA NA NA NA NA NA NA NA NA NA NA NA NA NA NA NA NA NA NA NA NA NA NA NA NA NA NA NA NA NA NA NA NA NA NA NA NA NA NA NA NA NA NA NA NA NA NA NA NA NA NA NA NA NA NA NA NA NA NA NA NA NA NA NA NA NA NA NA NA NA NA NA NA NA NA NA NA NA NA NA NA NA NA NA NA NA NA NA NA NA NA NA NA NA NA NA NA NA NA NA NA NA NA NA NA NA NA NA NA NA NA NA NA NA NA NA NA NA NA NA NA NA NA NA NA NA NA NA NA NA NA NA NA NA NA NA NA NA NA NA NA NA NA NA NA NA NA NA NA NA NA NA NA NA NA NA NA NA NA NA NA NA NA NA NA NA NA NA NA NA NA NA NA NA NA NA NA NA NA NA NA NA NA NA NA NA NA NA NA NA NA NA NA NA NA NA NA NA NA 346 346 346 346 346 345 345 345 345 345 345 345 345 345 345 345 345 345 345 345 345 345 344 344 345 345 345 344 344 344 344 345 345 344 344 344 345 345 345 344 344 344 344 345 345 345 344 345 344 345 345 346 346 346 346 346 346 347 346 346 345 345 346 346 345 346 346 345 345 345 345 345 345 345 345 345 345 345 345 345 345 346 345 345 345 346 346 345 345 346 345 345 344 343 343 343 343 342 342 342 342 342 342 342 341 341 340 341 NA NA NA NA NA NA NA NA NA NA NA NA NA NA NA NA NA NA NA NA NA NA NA NA NA NA NA NA NA NA NA NA NA NA NA NA NA NA NA NA NA NA NA NA NA NA NA NA NA NA NA NA NA NA NA NA NA
NA NA NA NA NA NA NA NA NA NA NA NA NA NA NA NA NA NA NA NA NA NA NA NA NA NA NA NA NA NA NA NA NA NA NA NA NA NA NA NA NA NA NA NA NA NA NA NA NA NA NA NA NA NA NA NA NA NA NA NA NA NA NA NA NA NA NA NA NA NA NA NA NA NA NA NA NA NA NA NA NA NA NA NA NA NA NA NA NA NA NA NA NA NA NA NA NA NA NA NA NA NA NA NA NA NA NA NA NA NA NA NA NA NA NA NA NA NA NA NA NA NA NA NA NA NA NA NA NA NA NA NA NA NA NA NA NA NA NA NA NA NA NA NA NA NA NA NA NA NA NA NA NA NA NA NA NA NA NA NA NA NA NA NA NA NA NA NA NA NA NA NA NA NA NA NA NA NA NA NA NA NA NA NA NA NA NA NA NA NA NA NA NA NA NA NA NA NA NA NA NA NA NA NA NA NA NA NA NA NA NA NA NA NA NA NA NA NA NA NA NA NA NA NA NA NA NA NA NA NA NA NA NA NA NA NA NA NA NA NA NA NA NA NA NA NA NA NA NA NA NA NA NA NA NA NA NA NA NA NA NA NA NA NA NA NA NA NA NA NA NA NA NA NA NA NA NA NA NA NA NA NA NA NA NA NA NA NA NA NA NA NA NA NA NA NA NA NA NA NA NA NA NA NA NA NA NA NA NA NA NA NA NA NA NA NA NA NA NA NA NA NA NA NA NA NA NA NA NA NA NA NA NA NA NA NA NA NA NA NA 346 346 346 345 345 345 345 345 345 345 345 345 345 345 345 345 345 345 345 345 345 345 345 345 344 344 344 344 345 345 345 345 345 345 345 345 345 345 345 345 345 345 345 345 345 344 344 345 345 345 345 345 345 346 346 345 346 346 346 345 345 345 345 346 346 346 345 345 345 345 345 345 346 345 345 345 345 345 346 346 346 345 345 346 346 345 345 345 345 344 344 344 344 343 343 342 342 342 342 342 341 342 341 341 341 NA NA NA NA NA NA NA NA NA NA NA NA NA NA NA NA NA NA NA NA NA NA NA NA NA NA NA NA NA NA NA NA NA NA NA NA NA NA NA NA NA NA NA NA NA NA NA NA NA NA NA NA NA NA NA NA NA NA
NA NA NA NA NA NA NA NA NA NA NA NA NA NA NA NA NA NA NA NA NA NA NA NA NA NA NA NA NA NA NA NA NA NA NA NA NA NA NA NA NA NA NA NA NA NA NA NA NA NA NA NA NA NA NA NA NA NA NA NA NA NA NA NA NA NA NA NA NA NA NA NA NA NA NA NA NA NA NA NA NA NA NA NA NA NA NA NA NA NA NA NA NA NA NA NA NA NA NA NA NA NA NA NA NA NA NA NA NA NA NA NA NA NA NA NA NA NA NA NA NA NA NA NA NA NA NA NA NA NA NA NA NA NA NA NA NA NA NA NA NA NA NA NA NA NA NA NA NA NA NA NA NA NA NA NA NA NA NA NA NA NA NA NA NA NA NA NA NA NA NA NA NA NA NA NA NA NA NA NA NA NA NA NA NA NA NA NA NA NA NA NA NA NA NA NA NA NA NA NA NA NA NA NA NA NA NA NA NA NA NA NA NA NA NA NA NA NA NA NA NA NA NA NA NA NA NA NA NA NA NA NA NA NA NA NA NA NA NA NA NA NA NA NA NA NA NA NA NA NA NA NA NA NA NA NA NA NA NA NA NA NA NA NA NA NA NA NA NA NA NA NA NA NA NA NA NA NA NA NA NA NA NA NA NA NA NA NA NA NA NA NA NA NA NA NA NA NA NA NA NA NA NA NA NA NA NA NA NA NA NA NA NA NA NA NA NA NA NA NA NA NA NA NA NA NA NA NA NA NA NA NA NA NA NA NA NA NA 346 346 346 346 346 345 345 345 345 345 345 345 345 345 345 345 345 345 345 345 345 345 345 345 345 345 345 345 344 344 344 345 345 345 345 345 345 345 345 345 345 345 345 345 344 344 345 344 344 345 344 344 344 345 345 346 345 345 345 345 346 345 345 345 345 345 345 345 345 346 346 346 345 345 345 346 346 345 345 345 346 346 346 345 345 345 345 345 345 345 344 344 344 344 344 344 343 342 342 342 342 342 342 342 341 341 342 NA NA NA NA NA NA NA NA NA NA NA NA NA NA NA NA NA NA NA NA NA NA NA NA NA NA NA NA NA NA NA NA NA NA NA NA NA NA NA NA NA NA NA NA NA NA NA NA NA NA NA NA NA NA NA NA NA NA
NA NA NA NA NA NA NA NA NA NA NA NA NA NA NA NA NA NA NA NA NA NA NA NA NA NA NA NA NA NA NA NA NA NA NA NA NA NA NA NA NA NA NA NA NA NA NA NA NA NA NA NA NA NA NA NA NA NA NA NA NA NA NA NA NA NA NA NA NA NA NA NA NA NA NA NA NA NA NA NA NA NA NA NA NA NA NA NA NA NA NA NA NA NA NA NA NA NA NA NA NA NA NA NA NA NA NA NA NA NA NA NA NA NA NA NA NA NA NA NA NA NA NA NA NA NA NA NA NA NA NA NA NA NA NA NA NA NA NA NA NA NA NA NA NA NA NA NA NA NA NA NA NA NA NA NA NA NA NA NA NA NA NA NA NA NA NA NA NA NA NA NA NA NA NA NA NA NA NA NA NA NA NA NA NA NA NA NA NA NA NA NA NA NA NA NA NA NA NA NA NA NA NA NA NA NA NA NA NA NA NA NA NA NA NA NA NA NA NA NA NA NA NA NA NA NA NA NA NA NA NA NA NA NA NA NA NA NA NA NA NA NA NA NA NA NA NA NA NA NA NA NA NA NA NA NA NA NA NA NA NA NA NA NA NA NA NA NA NA NA NA NA NA NA NA NA NA NA NA NA NA NA NA NA NA NA NA NA NA NA NA NA NA NA NA NA NA NA NA NA NA NA NA NA NA NA NA NA NA NA NA NA NA NA NA NA NA NA NA NA NA NA NA NA NA NA NA NA NA NA NA NA NA NA NA NA NA NA 346 346 346 346 345 345 345 345 345 345 346 346 346 346 346 346 346 345 345 345 345 345 345 345 345 345 345 345 345 344 344 345 345 345 345 345 345 345 345 345 345 344 344 344 344 344 345 344 345 345 344 344 344 345 345 345 345 345 344 344 345 345 345 345 346 346 346 346 345 346 346 346 346 345 345 345 346 346 345 345 346 346 346 345 345 345 345 344 344 344 344 344 343 344 344 344 343 342 342 342 342 343 343 NA NA 342 NA NA NA NA NA NA NA NA NA NA NA NA NA NA NA NA NA NA NA NA NA NA NA NA NA NA NA NA NA NA NA NA NA NA NA NA NA NA NA NA NA NA NA NA NA NA NA NA NA NA NA NA NA NA NA NA NA NA NA
NA NA NA NA NA NA NA NA NA NA NA NA NA NA NA NA NA NA NA NA NA NA NA NA NA NA NA NA NA NA NA NA NA NA NA NA NA NA NA NA NA NA NA NA NA NA NA NA NA NA NA NA NA NA NA NA NA NA NA NA NA NA NA NA NA NA NA NA NA NA NA NA NA NA NA NA NA NA NA NA NA NA NA NA NA NA NA NA NA NA NA NA NA NA NA NA NA NA NA NA NA NA NA NA NA NA NA NA NA NA NA NA NA NA NA NA NA NA NA NA NA NA NA NA NA NA NA NA NA NA NA NA NA NA NA NA NA NA NA NA NA NA NA NA NA NA NA NA NA NA NA NA NA NA NA NA NA NA NA NA NA NA NA NA NA NA NA NA NA NA NA NA NA NA NA NA NA NA NA NA NA NA NA NA NA NA NA NA NA NA NA NA NA NA NA NA NA NA NA NA NA NA NA NA NA NA NA NA NA NA NA NA NA NA NA NA NA NA NA NA NA NA NA NA NA NA NA NA NA NA NA NA NA NA NA NA NA NA NA NA NA NA NA NA NA NA NA NA NA NA NA NA NA NA NA NA NA NA NA NA NA NA NA NA NA NA NA NA NA NA NA NA NA NA NA NA NA NA NA NA NA NA NA NA NA NA NA NA NA NA NA NA NA NA NA NA NA NA NA NA NA NA NA NA NA NA NA NA NA NA NA NA NA NA NA NA NA NA NA NA NA NA NA NA NA NA NA NA NA NA NA NA NA NA NA NA NA 347 346 346 346 345 346 346 346 346 346 346 346 346 345 345 346 346 346 345 345 345 346 345 345 345 345 345 345 345 345 345 344 345 345 345 345 345 345 345 345 344 344 344 344 344 344 344 344 344 344 344 344 344 344 344 345 345 344 344 344 344 345 345 346 345 345 346 346 346 346 346 346 346 346 346 345 345 345 346 345 345 346 346 346 345 345 346 345 345 344 345 344 344 344 343 343 344 343 342 342 342 342 343 NA NA NA NA NA NA NA NA NA NA NA NA NA NA NA NA NA NA NA NA NA NA NA NA NA NA NA NA NA NA NA NA NA NA NA NA NA NA NA NA NA NA NA NA NA NA NA NA NA NA NA NA NA NA NA NA NA NA NA NA NA NA NA
NA NA NA NA NA NA NA NA NA NA NA NA NA NA NA NA NA NA NA NA NA NA NA NA NA NA NA NA NA NA NA NA NA NA NA NA NA NA NA NA NA NA NA NA NA NA NA NA NA NA NA NA NA NA NA NA NA NA NA NA NA NA NA NA NA NA NA NA NA NA NA NA NA NA NA NA NA NA NA NA NA NA NA NA NA NA NA NA NA NA NA NA NA NA NA NA NA NA NA NA NA NA NA NA NA NA NA NA NA NA NA NA NA NA NA NA NA NA NA NA NA NA NA NA NA NA NA NA NA NA NA NA NA NA NA NA NA NA NA NA NA NA NA NA NA NA NA NA NA NA NA NA NA NA NA NA NA NA NA NA NA NA NA NA NA NA NA NA NA NA NA NA NA NA NA NA NA NA NA NA NA NA NA NA NA NA NA NA NA NA NA NA NA NA NA NA NA NA NA NA NA NA NA NA NA NA NA NA NA NA NA NA NA NA NA NA NA NA NA NA NA NA NA NA NA NA NA NA NA NA NA NA NA NA NA NA NA NA NA NA NA NA NA NA NA NA NA NA NA NA NA NA NA NA NA NA NA NA NA NA NA NA NA NA NA NA NA NA NA NA NA NA NA NA NA NA NA NA NA NA NA NA NA NA NA NA NA NA NA NA NA NA NA NA NA NA NA NA NA NA NA NA NA NA NA NA NA NA NA NA NA NA NA NA NA NA NA NA NA NA NA NA NA NA NA NA NA NA NA NA NA NA 346 346 NA NA NA 346 346 346 346 346 346 346 346 346 346 346 346 346 346 346 346 345 346 346 345 346 346 346 346 345 345 345 345 345 345 345 345 345 345 345 345 345 345 345 345 344 344 344 344 344 344 344 344 344 344 344 344 344 344 344 345 345 344 344 345 345 346 346 346 346 345 346 347 347 346 346 346 346 346 346 346 345 345 346 346 346 346 346 346 346 346 346 345 345 345 345 345 345 344 344 343 343 343 343 343 343 343 NA NA NA NA NA NA NA NA NA NA NA NA NA NA NA NA NA NA NA NA NA NA NA NA NA NA NA NA NA NA NA NA NA NA NA NA NA NA NA NA NA NA NA NA NA NA NA NA NA NA NA NA NA NA NA NA NA NA NA NA NA NA NA NA
NA NA NA NA NA NA NA NA NA NA NA NA NA NA NA NA NA NA NA NA NA NA NA NA NA NA NA NA NA NA NA NA NA NA NA NA NA NA NA NA NA NA NA NA NA NA NA NA NA NA NA NA NA NA NA NA NA NA NA NA NA NA NA NA NA NA NA NA NA NA NA NA NA NA NA NA NA NA NA NA NA NA NA NA NA NA NA NA NA NA NA NA NA NA NA NA NA NA NA NA NA NA NA NA NA NA NA NA NA NA NA NA NA NA NA NA NA NA NA NA NA NA NA NA NA NA NA NA NA NA NA NA NA NA NA NA NA NA NA NA NA NA NA NA NA NA NA NA NA NA NA NA NA NA NA NA NA NA NA NA NA NA NA NA NA NA NA NA NA NA NA NA NA NA NA NA NA NA NA NA NA NA NA NA NA NA NA NA NA NA NA NA NA NA NA NA NA NA NA NA NA NA NA NA NA NA NA NA NA NA NA NA NA NA NA NA NA NA NA NA NA NA NA NA NA NA NA NA NA NA NA NA NA NA NA NA NA NA NA NA NA NA NA NA NA NA NA NA NA NA NA NA NA NA NA NA NA NA NA NA NA NA NA NA NA NA NA NA NA NA NA NA NA NA NA NA NA NA NA NA NA NA NA NA NA NA NA NA NA NA NA NA NA NA NA NA NA NA NA NA NA NA NA NA NA NA NA NA NA NA NA NA NA NA NA NA NA NA NA NA NA NA NA NA NA NA NA NA NA NA NA 346 346 346 346 347 347 346 346 346 346 346 346 346 346 346 346 346 346 346 346 346 346 346 346 346 346 346 346 346 346 345 345 345 345 345 345 345 345 345 345 345 345 345 345 345 345 344 344 344 344 345 344 344 345 344 345 345 345 344 344 344 344 344 344 345 346 345 345 346 346 346 346 346 347 346 346 347 346 346 346 347 346 345 345 346 NA NA 346 346 346 345 345 345 346 345 345 344 344 344 344 344 343 343 343 343 344 344 NA NA NA NA NA NA NA NA NA NA NA NA NA NA NA NA NA NA NA NA NA NA NA NA NA NA NA NA NA NA NA NA NA NA NA NA NA NA NA NA NA NA NA NA NA NA NA NA NA NA NA NA NA NA NA NA NA NA NA NA NA NA NA NA NA
NA NA NA NA NA NA NA NA NA NA NA NA NA NA NA NA NA NA NA NA NA NA NA NA NA NA NA NA NA NA NA NA NA NA NA NA NA NA NA NA NA NA NA NA NA NA NA NA NA NA NA NA NA NA NA NA NA NA NA NA NA NA NA NA NA NA NA NA NA NA NA NA NA NA NA NA NA NA NA NA NA NA NA NA NA NA NA NA NA NA NA NA NA NA NA NA NA NA NA NA NA NA NA NA NA NA NA NA NA NA NA NA NA NA NA NA NA NA NA NA NA NA NA NA NA NA NA NA NA NA NA NA NA NA NA NA NA NA NA NA NA NA NA NA NA NA NA NA NA NA NA NA NA NA NA NA NA NA NA NA NA NA NA NA NA NA NA NA NA NA NA NA NA NA NA NA NA NA NA NA NA NA NA NA NA NA NA NA NA NA NA NA NA NA NA NA NA NA NA NA NA NA NA NA NA NA NA NA NA NA NA NA NA NA NA NA NA NA NA NA NA NA NA NA NA NA NA NA NA NA NA NA NA NA NA NA NA NA NA NA NA NA NA NA NA NA NA NA NA NA NA NA NA NA NA NA NA NA NA NA NA NA NA NA NA NA NA NA NA NA NA NA NA NA NA NA NA NA NA NA NA NA NA NA NA NA NA NA NA NA NA NA NA NA NA NA NA NA NA NA NA NA NA NA NA NA NA NA NA NA NA NA NA NA NA NA NA NA NA NA NA NA NA NA NA NA 347 348 348 348 348 347 347 347 347 347 347 346 346 346 347 346 346 346 346 346 346 346 346 346 346 346 346 346 346 346 346 346 346 346 346 345 345 345 345 345 345 345 345 345 345 345 345 345 345 345 344 344 345 345 345 345 345 344 345 344 345 345 345 345 344 344 344 345 345 345 346 345 345 345 346 346 347 347 347 346 346 346 346 346 346 347 346 NA 345 NA NA NA 346 345 346 346 345 345 345 345 344 343 343 343 343 343 343 343 343 343 344 NA NA NA NA NA NA NA NA NA NA NA NA NA NA NA NA NA NA NA NA NA NA NA NA NA NA NA NA NA NA NA NA NA NA NA NA NA NA NA NA NA NA NA NA NA NA NA NA NA NA NA NA NA NA NA NA NA NA NA NA NA NA NA NA NA NA
NA NA NA NA NA NA NA NA NA NA NA NA NA NA NA NA NA NA NA NA NA NA NA NA NA NA NA NA NA NA NA NA NA NA NA NA NA NA NA NA NA NA NA NA NA NA NA NA NA NA NA NA NA NA NA NA NA NA NA NA NA NA NA NA NA NA NA NA NA NA NA NA NA NA NA NA NA NA NA NA NA NA NA NA NA NA NA NA NA NA NA NA NA NA NA NA NA NA NA NA NA NA NA NA NA NA NA NA NA NA NA NA NA NA NA NA NA NA NA NA NA NA NA NA NA NA NA NA NA NA NA NA NA NA NA NA NA NA NA NA NA NA NA NA NA NA NA NA NA NA NA NA NA NA NA NA NA NA NA NA NA NA NA NA NA NA NA NA NA NA NA NA NA NA NA NA NA NA NA NA NA NA NA NA NA NA NA NA NA NA NA NA NA NA NA NA NA NA NA NA NA NA NA NA NA NA NA NA NA NA NA NA NA NA NA NA NA NA NA NA NA NA NA NA NA NA NA NA NA NA NA NA NA NA NA NA NA NA NA NA NA NA NA NA NA NA NA NA NA NA NA NA NA NA NA NA NA NA NA NA NA NA NA NA NA NA NA NA NA NA NA NA NA NA NA NA NA NA NA NA NA NA NA NA NA NA NA NA NA NA NA NA NA NA NA NA NA NA NA NA NA NA NA NA NA NA NA NA NA NA NA NA NA NA NA NA NA NA NA NA NA NA NA NA NA NA 348 348 347 347 347 347 347 347 346 346 346 346 346 347 347 347 346 346 346 346 346 346 346 346 346 346 346 346 346 346 346 346 346 345 346 345 345 345 345 345 345 345 345 345 346 346 345 345 344 345 345 345 345 346 345 346 346 345 345 345 345 345 345 345 345 344 344 344 345 345 345 345 345 346 346 346 346 347 347 346 346 346 346 347 347 347 NA NA NA NA NA 346 345 345 345 346 345 345 344 345 345 344 344 344 343 343 343 343 343 344 344 NA NA NA NA NA NA NA NA NA NA NA NA NA NA NA NA NA NA NA NA NA NA NA NA NA NA NA NA NA NA NA NA NA NA NA NA NA NA NA NA NA NA NA NA NA NA NA NA NA NA NA NA NA NA NA NA NA NA NA NA NA NA NA NA NA NA
NA NA NA NA NA NA NA NA NA NA NA NA NA NA NA NA NA NA NA NA NA NA NA NA NA NA NA NA NA NA NA NA NA NA NA NA NA NA NA NA NA NA NA NA NA NA NA NA NA NA NA NA NA NA NA NA NA NA NA NA NA NA NA NA NA NA NA NA NA NA NA NA NA NA NA NA NA NA NA NA NA NA NA NA NA NA NA NA NA NA NA NA NA NA NA NA NA NA NA NA NA NA NA NA NA NA NA NA NA NA NA NA NA NA NA NA NA NA NA NA NA NA NA NA NA NA NA NA NA NA NA NA NA NA NA NA NA NA NA NA NA NA NA NA NA NA NA NA NA NA NA NA NA NA NA NA NA NA NA NA NA NA NA NA NA NA NA NA NA NA NA NA NA NA NA NA NA NA NA NA NA NA NA NA NA NA NA NA NA NA NA NA NA NA NA NA NA NA NA NA NA NA NA NA NA NA NA NA NA NA NA NA NA NA NA NA NA NA NA NA NA NA NA NA NA NA NA NA NA NA NA NA NA NA NA NA NA NA NA NA NA NA NA NA NA NA NA NA NA NA NA NA NA NA NA NA NA NA NA NA NA NA NA NA NA NA NA NA NA NA NA NA NA NA NA NA NA NA NA NA NA NA NA NA NA NA NA NA NA NA NA NA NA NA NA NA NA NA NA NA NA NA NA NA NA NA NA NA NA NA NA NA NA NA NA NA NA NA NA NA NA NA NA NA NA 347 348 348 347 347 347 347 347 347 347 347 346 346 346 347 347 346 346 346 346 346 346 346 346 346 346 346 346 346 346 346 346 346 346 345 345 345 345 345 345 345 345 346 345 345 345 345 344 344 345 345 345 345 345 346 346 346 346 346 345 346 345 346 345 345 345 345 345 344 345 345 345 345 345 346 346 347 347 347 347 346 346 346 346 346 346 NA NA NA NA NA NA NA 345 345 345 345 345 345 344 344 344 344 344 343 344 344 343 343 343 344 344 NA NA NA NA NA NA NA NA NA NA NA NA NA NA NA NA NA NA NA NA NA NA NA NA NA NA NA NA NA NA NA NA NA NA NA NA NA NA NA NA NA NA NA NA NA NA NA NA NA NA NA NA NA NA NA NA NA NA NA NA NA NA NA NA NA NA
NA NA NA NA NA NA NA NA NA NA NA NA NA NA NA NA NA NA NA NA NA NA NA NA NA NA NA NA NA NA NA NA NA NA NA NA NA NA NA NA NA NA NA NA NA NA NA NA NA NA NA NA NA NA NA NA NA NA NA NA NA NA NA NA NA NA NA NA NA NA NA NA NA NA NA NA NA NA NA NA NA NA NA NA NA NA NA NA NA NA NA NA NA NA NA NA NA NA NA NA NA NA NA NA NA NA NA NA NA NA NA NA NA NA NA NA NA NA NA NA NA NA NA NA NA NA NA NA NA NA NA NA NA NA NA NA NA NA NA NA NA NA NA NA NA NA NA NA NA NA NA NA NA NA NA NA NA NA NA NA NA NA NA NA NA NA NA NA NA NA NA NA NA NA NA NA NA NA NA NA NA NA NA NA NA NA NA NA NA NA NA NA NA NA NA NA NA NA NA NA NA NA NA NA NA NA NA NA NA NA NA NA NA NA NA NA NA NA NA NA NA NA NA NA NA NA NA NA NA NA NA NA NA NA NA NA NA NA NA NA NA NA NA NA NA NA NA NA NA NA NA NA NA NA NA NA NA NA NA NA NA NA NA NA NA NA NA NA NA NA NA NA NA NA NA NA NA NA NA NA NA NA NA NA NA NA NA NA NA NA NA NA NA NA NA NA NA NA NA NA NA NA NA NA NA NA NA NA NA NA NA NA NA NA NA NA NA NA NA NA NA NA NA NA NA 347 347 348 347 347 347 347 347 347 347 347 346 346 346 347 346 346 346 346 346 346 346 346 346 346 346 346 346 346 346 346 346 346 346 346 345 345 345 345 346 346 346 346 345 345 345 344 345 345 NA NA NA 345 345 346 346 347 347 346 347 346 346 346 346 346 346 345 345 345 345 345 346 345 345 345 346 346 346 347 347 NA NA 346 NA 346 NA NA NA NA NA NA NA NA NA 345 345 345 345 345 344 344 344 344 344 344 344 344 344 344 344 344 344 NA NA NA NA NA NA NA NA NA NA NA NA NA NA NA NA NA NA NA NA NA NA NA NA NA NA NA NA NA NA NA NA NA NA NA NA NA NA NA NA NA NA NA NA NA NA NA NA NA NA NA NA NA NA NA NA NA NA NA NA NA NA NA NA NA NA
NA NA NA NA NA NA NA NA NA NA NA NA NA NA NA NA NA NA NA NA NA NA NA NA NA NA NA NA NA NA NA NA NA NA NA NA NA NA NA NA NA NA NA NA NA NA NA NA NA NA NA NA NA NA NA NA NA NA NA NA NA NA NA NA NA NA NA NA NA NA NA NA NA NA NA NA NA NA NA NA NA NA NA NA NA NA NA NA NA NA NA NA NA NA NA NA NA NA NA NA NA NA NA NA NA NA NA NA NA NA NA NA NA NA NA NA NA NA NA NA NA NA NA NA NA NA NA NA NA NA NA NA NA NA NA NA NA NA NA NA NA NA NA NA NA NA NA NA NA NA NA NA NA NA NA NA NA NA NA NA NA NA NA NA NA NA NA NA NA NA NA NA NA NA NA NA NA NA NA NA NA NA NA NA NA NA NA NA NA NA NA NA NA NA NA NA NA NA NA NA NA NA NA NA NA NA NA NA NA NA NA NA NA NA NA NA NA NA NA NA NA NA NA NA NA NA NA NA NA NA NA NA NA NA NA NA NA NA NA NA NA NA NA NA NA NA NA NA NA NA NA NA NA NA NA NA NA NA NA NA NA NA NA NA NA NA NA NA NA NA NA NA NA NA NA NA NA NA NA NA NA NA NA NA NA NA NA NA NA NA NA NA NA NA NA NA NA NA NA NA NA NA NA NA NA NA NA NA NA NA NA NA NA NA NA NA NA NA NA NA NA NA NA NA NA 347 347 347 347 347 347 347 347 347 347 347 347 346 346 346 346 346 346 346 346 346 346 346 346 346 346 346 346 346 346 346 346 346 346 346 345 345 345 345 345 346 346 345 345 344 345 345 345 345 NA NA NA NA NA 345 345 346 346 346 346 347 347 346 346 345 345 345 345 345 345 345 345 345 345 345 345 345 346 347 NA NA NA NA NA NA NA NA NA NA NA NA NA NA NA NA NA 345 345 345 345 345 345 345 345 344 NA NA NA 344 344 NA NA NA NA NA NA NA NA NA NA NA NA NA NA NA NA NA NA NA NA NA NA NA NA NA NA NA NA NA NA NA NA NA NA NA NA NA NA NA NA NA NA NA NA NA NA NA NA NA NA NA NA NA NA NA NA NA NA NA NA NA NA NA NA NA NA NA NA
NA NA NA NA NA NA NA NA NA NA NA NA NA NA NA NA NA NA NA NA NA NA NA NA NA NA NA NA NA NA NA NA NA NA NA NA NA NA NA NA NA NA NA NA NA NA NA NA NA NA NA NA NA NA NA NA NA NA NA NA NA NA NA NA NA NA NA NA NA NA NA NA NA NA NA NA NA NA NA NA NA NA NA NA NA NA NA NA NA NA NA NA NA NA NA NA NA NA NA NA NA NA NA NA NA NA NA NA NA NA NA NA NA NA NA NA NA NA NA NA NA NA NA NA NA NA NA NA NA NA NA NA NA NA NA NA NA NA NA NA NA NA NA NA NA NA NA NA NA NA NA NA NA NA NA NA NA NA NA NA NA NA NA NA NA NA NA NA NA NA NA NA NA NA NA NA NA NA NA NA NA NA NA NA NA NA NA NA NA NA NA NA NA NA NA NA NA NA NA NA NA NA NA NA NA NA NA NA NA NA NA NA NA NA NA NA NA NA NA NA NA NA NA NA NA NA NA NA NA NA NA NA NA NA NA NA NA NA NA NA NA NA NA NA NA NA NA NA NA NA NA NA NA NA NA NA NA NA NA NA NA NA NA NA NA NA NA NA NA NA NA NA NA NA NA NA NA NA NA NA NA NA NA NA NA NA NA NA NA NA NA NA NA NA NA NA NA NA NA NA NA NA NA NA NA NA NA NA NA NA NA NA NA NA NA NA NA NA NA NA NA NA NA NA NA NA 347 347 347 347 347 347 347 347 348 347 347 346 346 346 346 346 346 346 346 346 346 346 346 346 346 346 346 346 346 346 346 346 346 346 345 345 NA NA NA 345 345 345 345 344 345 345 345 346 NA NA NA NA NA NA NA NA 345 346 346 346 347 346 346 346 346 346 345 345 345 345 345 346 346 NA 345 345 346 NA NA NA NA NA NA NA NA NA NA NA NA NA NA NA NA NA NA NA 345 345 345 345 NA NA NA NA NA NA NA NA NA NA NA NA NA NA NA NA NA NA NA NA NA NA NA NA NA NA NA NA NA NA NA NA NA NA NA NA NA NA NA NA NA NA NA NA NA NA NA NA NA NA NA NA NA NA NA NA NA NA NA NA NA NA NA NA NA NA NA NA NA NA NA NA NA NA NA NA NA
NA NA NA NA NA NA NA NA NA NA NA NA NA NA NA NA NA NA NA NA NA NA NA NA NA NA NA NA NA NA NA NA NA NA NA NA NA NA NA NA NA NA NA NA NA NA NA NA NA NA NA NA NA NA NA NA NA NA NA NA NA NA NA NA NA NA NA NA NA NA NA NA NA NA NA NA NA NA NA NA NA NA NA NA NA NA NA NA NA NA NA NA NA NA NA NA NA NA NA NA NA NA NA NA NA NA NA NA NA NA NA NA NA NA NA NA NA NA NA NA NA NA NA NA NA NA NA NA NA NA NA NA NA NA NA NA NA NA NA NA NA NA NA NA NA NA NA NA NA NA NA NA NA NA NA NA NA NA NA NA NA NA NA NA NA NA NA NA NA NA NA NA NA NA NA NA NA NA NA NA NA NA NA NA NA NA NA NA NA NA NA NA NA NA NA NA NA NA NA NA NA NA NA NA NA NA NA NA NA NA NA NA NA NA NA NA NA NA NA NA NA NA NA NA NA NA NA NA NA NA NA NA NA NA NA NA NA NA NA NA NA NA NA NA NA NA NA NA NA NA NA NA NA NA NA NA NA NA NA NA NA NA NA NA NA NA NA NA NA NA NA NA NA NA NA NA NA NA NA NA NA NA NA NA NA NA NA NA NA NA NA NA NA NA NA NA NA NA NA NA NA NA NA NA NA NA NA NA NA NA NA NA NA NA NA NA NA NA NA NA NA NA NA NA NA NA NA 347 NA 348 347 347 347 347 348 348 347 346 346 346 346 346 346 346 347 347 347 346 346 346 346 346 346 346 346 346 346 346 346 346 345 345 NA NA NA NA 345 344 344 345 345 346 346 347 NA NA NA NA NA NA NA NA NA 345 346 346 346 346 347 346 346 345 345 345 345 345 NA 345 346 NA NA NA NA NA NA NA NA NA NA NA NA NA NA NA NA NA NA NA NA NA NA NA NA NA NA NA NA NA NA NA NA NA NA NA NA NA NA NA NA NA NA NA NA NA NA NA NA NA NA NA NA NA NA NA NA NA NA NA NA NA NA NA NA NA NA NA NA NA NA NA NA NA NA NA NA NA NA NA NA NA NA NA NA NA NA NA NA NA NA NA NA NA NA NA NA NA NA NA NA NA NA NA NA
NA NA NA NA NA NA NA NA NA NA NA NA NA NA NA NA NA NA NA NA NA NA NA NA NA NA NA NA NA NA NA NA NA NA NA NA NA NA NA NA NA NA NA NA NA NA NA NA NA NA NA NA NA NA NA NA NA NA NA NA NA NA NA NA NA NA NA NA NA NA NA NA NA NA NA NA NA NA NA NA NA NA NA NA NA NA NA NA NA NA NA NA NA NA NA NA NA NA NA NA NA NA NA NA NA NA NA NA NA NA NA NA NA NA NA NA NA NA NA NA NA NA NA NA NA NA NA NA NA NA NA NA NA NA NA NA NA NA NA NA NA NA NA NA NA NA NA NA NA NA NA NA NA NA NA NA NA NA NA NA NA NA NA NA NA NA NA NA NA NA NA NA NA NA NA NA NA NA NA NA NA NA NA NA NA NA NA NA NA NA NA NA NA NA NA NA NA NA NA NA NA NA NA NA NA NA NA NA NA NA NA NA NA NA NA NA NA NA NA NA NA NA NA NA NA NA NA NA NA NA NA NA NA NA NA NA NA NA NA NA NA NA NA NA NA NA NA NA NA NA NA NA NA NA NA NA NA NA NA NA NA NA NA NA NA NA NA NA NA NA NA NA NA NA NA NA NA NA NA NA NA NA NA NA NA NA NA NA NA NA NA NA NA NA NA NA NA NA NA NA NA NA NA NA NA NA NA NA NA NA NA NA NA NA NA NA NA NA NA NA NA NA NA NA NA NA NA NA NA NA 348 347 348 347 347 347 347 346 346 346 346 346 346 347 347 347 347 347 346 346 346 346 346 346 346 346 346 346 346 346 345 NA NA NA NA NA NA NA NA 345 346 NA NA NA NA NA NA NA NA NA NA NA NA NA 345 346 346 NA NA 346 346 346 346 NA NA NA NA NA NA NA NA NA NA NA NA NA NA NA NA NA NA NA NA NA NA NA NA NA NA NA NA NA NA NA NA NA NA NA NA NA NA NA NA NA NA NA NA NA NA NA NA NA NA NA NA NA NA NA NA NA NA NA NA NA NA NA NA NA NA NA NA NA NA NA NA NA NA NA NA NA NA NA NA NA NA NA NA NA NA NA NA NA NA NA NA NA NA NA NA NA NA NA NA NA NA NA NA NA NA NA NA NA NA
NA NA NA NA NA NA NA NA NA NA NA NA NA NA NA NA NA NA NA NA NA NA NA NA NA NA NA NA NA NA NA NA NA NA NA NA NA NA NA NA NA NA NA NA NA NA NA NA NA NA NA NA NA NA NA NA NA NA NA NA NA NA NA NA NA NA NA NA NA NA NA NA NA NA NA NA NA NA NA NA NA NA NA NA NA NA NA NA NA NA NA NA NA NA NA NA NA NA NA NA NA NA NA NA NA NA NA NA NA NA NA NA NA NA NA NA NA NA NA NA NA NA NA NA NA NA NA NA NA NA NA NA NA NA NA NA NA NA NA NA NA NA NA NA NA NA NA NA NA NA NA NA NA NA NA NA NA NA NA NA NA NA NA NA NA NA NA NA NA NA NA NA NA NA NA NA NA NA NA NA NA NA NA NA NA NA NA NA NA NA NA NA NA NA NA NA NA NA NA NA NA NA NA NA NA NA NA NA NA NA NA NA NA NA NA NA NA NA NA NA NA NA NA NA NA NA NA NA NA NA NA NA NA NA NA NA NA NA NA NA NA NA NA NA NA NA NA NA NA NA NA NA NA NA NA NA NA NA NA NA NA NA NA NA NA NA NA NA NA NA NA NA NA NA NA NA NA NA NA NA NA NA NA NA NA NA NA NA NA NA NA NA NA NA NA NA NA NA NA NA NA NA NA NA NA NA NA NA NA NA NA NA NA NA NA NA NA NA NA NA NA NA NA NA NA NA NA NA NA NA 348 348 347 347 347 347 347 347 346 346 346 346 346 347 347 347 347 347 346 346 346 346 346 346 346 346 346 NA 346 346 NA NA NA NA NA NA NA NA NA NA NA NA NA NA NA NA NA NA NA NA NA NA NA NA NA NA NA NA NA NA NA NA NA NA NA NA NA NA NA NA NA NA NA NA NA NA NA NA NA NA NA NA NA NA NA NA NA NA NA NA NA NA NA NA NA NA NA NA NA NA NA NA NA NA NA NA NA NA NA NA NA NA NA NA NA NA NA NA NA NA NA NA NA NA NA NA NA NA NA NA NA NA NA NA NA NA NA NA NA NA NA NA NA NA NA NA NA NA NA NA NA NA NA NA NA NA NA NA NA NA NA NA NA NA NA NA NA NA NA NA NA NA NA
NA NA NA NA NA NA NA NA NA NA NA NA NA NA NA NA NA NA NA NA NA NA NA NA NA NA NA NA NA NA NA NA NA NA NA NA NA NA NA NA NA NA NA NA NA NA NA NA NA NA NA NA NA NA NA NA NA NA NA NA NA NA NA NA NA NA NA NA NA NA NA NA NA NA NA NA NA NA NA NA NA NA NA NA NA NA NA NA NA NA NA NA NA NA NA NA NA NA NA NA NA NA NA NA NA NA NA NA NA NA NA NA NA NA NA NA NA NA NA NA NA NA NA NA NA NA NA NA NA NA NA NA NA NA NA NA NA NA NA NA NA NA NA NA NA NA NA NA NA NA NA NA NA NA NA NA NA NA NA NA NA NA NA NA NA NA NA NA NA NA NA NA NA NA NA NA NA NA NA NA NA NA NA NA NA NA NA NA NA NA NA NA NA NA NA NA NA NA NA NA NA NA NA NA NA NA NA NA NA NA NA NA NA NA NA NA NA NA NA NA NA NA NA NA NA NA NA NA NA NA NA NA NA NA NA NA NA NA NA NA NA NA NA NA NA NA NA NA NA NA NA NA NA NA NA NA NA NA NA NA NA NA NA NA NA NA NA NA NA NA NA NA NA NA NA NA NA NA NA NA NA NA NA NA NA NA NA NA NA NA NA NA NA NA NA NA NA NA NA NA NA NA NA NA NA NA NA NA NA NA NA NA NA NA NA NA NA NA NA NA NA NA NA NA NA NA NA NA NA NA NA 348 348 347 347 347 347 347 346 346 346 346 347 347 347 347 347 347 346 346 346 347 347 347 346 346 346 NA NA NA NA NA NA NA NA NA NA NA NA NA NA NA NA NA NA NA NA NA NA NA NA NA NA NA NA NA NA NA NA NA NA NA NA NA NA NA NA NA NA NA NA NA NA NA NA NA NA NA NA NA NA NA NA NA NA NA NA NA NA NA NA NA NA NA NA NA NA NA NA NA NA NA NA NA NA NA NA NA NA NA NA NA NA NA NA NA NA NA NA NA NA NA NA NA NA NA NA NA NA NA NA NA NA NA NA NA NA NA NA NA NA NA NA NA NA NA NA NA NA NA NA NA NA NA NA NA NA NA NA NA NA NA NA NA NA NA NA NA NA NA NA NA NA
NA NA NA NA NA NA NA NA NA NA NA NA NA NA NA NA NA NA NA NA NA NA NA NA NA NA NA NA NA NA NA NA NA NA NA NA NA NA NA NA NA NA NA NA NA NA NA NA NA NA NA NA NA NA NA NA NA NA NA NA NA NA NA NA NA NA NA NA NA NA NA NA NA NA NA NA NA NA NA NA NA NA NA NA NA NA NA NA NA NA NA NA NA NA NA NA NA NA NA NA NA NA NA NA NA NA NA NA NA NA NA NA NA NA NA NA NA NA NA NA NA NA NA NA NA NA NA NA NA NA NA NA NA NA NA NA NA NA NA NA NA NA NA NA NA NA NA NA NA NA NA NA NA NA NA NA NA NA NA NA NA NA NA NA NA NA NA NA NA NA NA NA NA NA NA NA NA NA NA NA NA NA NA NA NA NA NA NA NA NA NA NA NA NA NA NA NA NA NA NA NA NA NA NA NA NA NA NA NA NA NA NA NA NA NA NA NA NA NA NA NA NA NA NA NA NA NA NA NA NA NA NA NA NA NA NA NA NA NA NA NA NA NA NA NA NA NA NA NA NA NA NA NA NA NA NA NA NA NA NA NA NA NA NA NA NA NA NA NA NA NA NA NA NA NA NA NA NA NA NA NA NA NA NA NA NA NA NA NA NA NA NA NA NA NA NA NA NA NA NA NA NA NA NA NA NA NA NA NA NA NA NA NA NA NA NA NA NA NA NA NA NA NA NA NA NA NA NA NA NA NA NA 348 347 347 347 347 346 346 346 346 346 347 347 347 347 347 347 346 346 346 346 347 347 347 346 NA NA NA NA NA NA NA NA NA NA NA NA NA NA NA NA NA NA NA NA NA NA NA NA NA NA NA NA NA NA NA NA NA NA NA NA NA NA NA NA NA NA NA NA NA NA NA NA NA NA NA NA NA NA NA NA NA NA NA NA NA NA NA NA NA NA NA NA NA NA NA NA NA NA NA NA NA NA NA NA NA NA NA NA NA NA NA NA NA NA NA NA NA NA NA NA NA NA NA NA NA NA NA NA NA NA NA NA NA NA NA NA NA NA NA NA NA NA NA NA NA NA NA NA NA NA NA NA NA NA NA NA NA NA NA NA NA NA NA NA NA NA NA NA NA NA NA
NA NA NA NA NA NA NA NA NA NA NA NA NA NA NA NA NA NA NA NA NA NA NA NA NA NA NA NA NA NA NA NA NA NA NA NA NA NA NA NA NA NA NA NA NA NA NA NA NA NA NA NA NA NA NA NA NA NA NA NA NA NA NA NA NA NA NA NA NA NA NA NA NA NA NA NA NA NA NA NA NA NA NA NA NA NA NA NA NA NA NA NA NA NA NA NA NA NA NA NA NA NA NA NA NA NA NA NA NA NA NA NA NA NA NA NA NA NA NA NA NA NA NA NA NA NA NA NA NA NA NA NA NA NA NA NA NA NA NA NA NA NA NA NA NA NA NA NA NA NA NA NA NA NA NA NA NA NA NA NA NA NA NA NA NA NA NA NA NA NA NA NA NA NA NA NA NA NA NA NA NA NA NA NA NA NA NA NA NA NA NA NA NA NA NA NA NA NA NA NA NA NA NA NA NA NA NA NA NA NA NA NA NA NA NA NA NA NA NA NA NA NA NA NA NA NA NA NA NA NA NA NA NA NA NA NA NA NA NA NA NA NA NA NA NA NA NA NA NA NA NA NA NA NA NA NA NA NA NA NA NA NA NA NA NA NA NA NA NA NA NA NA NA NA NA NA NA NA NA NA NA NA NA NA NA NA NA NA NA NA NA NA NA NA NA NA NA NA NA NA NA NA NA NA NA NA NA NA NA NA NA NA NA NA NA NA NA NA NA NA NA NA NA NA NA NA NA NA NA NA NA NA NA 347 347 347 347 347 347 347 346 346 346 346 347 347 347 347 347 346 346 347 346 347 347 NA NA NA NA NA NA NA NA NA NA NA NA NA NA NA NA NA NA NA NA NA NA NA NA NA NA NA NA NA NA NA NA NA NA NA NA NA NA NA NA NA NA NA NA NA NA NA NA NA NA NA NA NA NA NA NA NA NA NA NA NA NA NA NA NA NA NA NA NA NA NA NA NA NA NA NA NA NA NA NA NA NA NA NA NA NA NA NA NA NA NA NA NA NA NA NA NA NA NA NA NA NA NA NA NA NA NA NA NA NA NA NA NA NA NA NA NA NA NA NA NA NA NA NA NA NA NA NA NA NA NA NA NA NA NA NA NA NA NA NA NA NA NA NA NA NA NA NA
NA NA NA NA NA NA NA NA NA NA NA NA NA NA NA NA NA NA NA NA NA NA NA NA NA NA NA NA NA NA NA NA NA NA NA NA NA NA NA NA NA NA NA NA NA NA NA NA NA NA NA NA NA NA NA NA NA NA NA NA NA NA NA NA NA NA NA NA NA NA NA NA NA NA NA NA NA NA NA NA NA NA NA NA NA NA NA NA NA NA NA NA NA NA NA NA NA NA NA NA NA NA NA NA NA NA NA NA NA NA NA NA NA NA NA NA NA NA NA NA NA NA NA NA NA NA NA NA NA NA NA NA NA NA NA NA NA NA NA NA NA NA NA NA NA NA NA NA NA NA NA NA NA NA NA NA NA NA NA NA NA NA NA NA NA NA NA NA NA NA NA NA NA NA NA NA NA NA NA NA NA NA NA NA NA NA NA NA NA NA NA NA NA NA NA NA NA NA NA NA NA NA NA NA NA NA NA NA NA NA NA NA NA NA NA NA NA NA NA NA NA NA NA NA NA NA NA NA NA NA NA NA NA NA NA NA NA NA NA NA NA NA NA NA NA NA NA NA NA NA NA NA NA NA NA NA NA NA NA NA NA NA NA NA NA NA NA NA NA NA NA NA NA NA NA NA NA NA NA NA NA NA NA NA NA NA NA NA NA NA NA NA NA NA NA NA NA NA NA NA NA NA NA NA NA NA NA NA NA NA NA NA NA NA NA NA NA NA NA NA NA NA NA NA NA NA NA NA NA NA NA NA 348 347 347 347 347 347 347 347 346 346 346 346 347 347 347 347 347 NA 347 347 347 347 NA NA NA NA NA NA NA NA NA NA NA NA NA NA NA NA NA NA NA NA NA NA NA NA NA NA NA NA NA NA NA NA NA NA NA NA NA NA NA NA NA NA NA NA NA NA NA NA NA NA NA NA NA NA NA NA NA NA NA NA NA NA NA NA NA NA NA NA NA NA NA NA NA NA NA NA NA NA NA NA NA NA NA NA NA NA NA NA NA NA NA NA NA NA NA NA NA NA NA NA NA NA NA NA NA NA NA NA NA NA NA NA NA NA NA NA NA NA NA NA NA NA NA NA NA NA NA NA NA NA NA NA NA NA NA NA NA NA NA NA NA NA NA NA NA NA NA NA NA
NA NA NA NA NA NA NA NA NA NA NA NA NA NA NA NA NA NA NA NA NA NA NA NA NA NA NA NA NA NA NA NA NA NA NA NA NA NA NA NA NA NA NA NA NA NA NA NA NA NA NA NA NA NA NA NA NA NA NA NA NA NA NA NA NA NA NA NA NA NA NA NA NA NA NA NA NA NA NA NA NA NA NA NA NA NA NA NA NA NA NA NA NA NA NA NA NA NA NA NA NA NA NA NA NA NA NA NA NA NA NA NA NA NA NA NA NA NA NA NA NA NA NA NA NA NA NA NA NA NA NA NA NA NA NA NA NA NA NA NA NA NA NA NA NA NA NA NA NA NA NA NA NA NA NA NA NA NA NA NA NA NA NA NA NA NA NA NA NA NA NA NA NA NA NA NA NA NA NA NA NA NA NA NA NA NA NA NA NA NA NA NA NA NA NA NA NA NA NA NA NA NA NA NA NA NA NA NA NA NA NA NA NA NA NA NA NA NA NA NA NA NA NA NA NA NA NA NA NA NA NA NA NA NA NA NA NA NA NA NA NA NA NA NA NA NA NA NA NA NA NA NA NA NA NA NA NA NA NA NA NA NA NA NA NA NA NA NA NA NA NA NA NA NA NA NA NA NA NA NA NA NA NA NA NA NA NA NA NA NA NA NA NA NA NA NA NA NA NA NA NA NA NA NA NA NA NA NA NA NA NA NA NA NA NA NA NA NA NA NA NA NA NA NA NA NA NA NA NA NA NA NA NA NA NA NA NA 347 347 347 347 346 346 346 347 347 347 347 347 NA NA NA NA NA NA NA NA NA NA NA NA NA NA NA NA NA NA NA NA NA NA NA NA NA NA NA NA NA NA NA NA NA NA NA NA NA NA NA NA NA NA NA NA NA NA NA NA NA NA NA NA NA NA NA NA NA NA NA NA NA NA NA NA NA NA NA NA NA NA NA NA NA NA NA NA NA NA NA NA NA NA NA NA NA NA NA NA NA NA NA NA NA NA NA NA NA NA NA NA NA NA NA NA NA NA NA NA NA NA NA NA NA NA NA NA NA NA NA NA NA NA NA NA NA NA NA NA NA NA NA NA NA NA NA NA NA NA NA NA NA NA NA NA NA NA NA NA NA NA NA NA NA NA
NA NA NA NA NA NA NA NA NA NA NA NA NA NA NA NA NA NA NA NA NA NA NA NA NA NA NA NA NA NA NA NA NA NA NA NA NA NA NA NA NA NA NA NA NA NA NA NA NA NA NA NA NA NA NA NA NA NA NA NA NA NA NA NA NA NA NA NA NA NA NA NA NA NA NA NA NA NA NA NA NA NA NA NA NA NA NA NA NA NA NA NA NA NA NA NA NA NA NA NA NA NA NA NA NA NA NA NA NA NA NA NA NA NA NA NA NA NA NA NA NA NA NA NA NA NA NA NA NA NA NA NA NA NA NA NA NA NA NA NA NA NA NA NA NA NA NA NA NA NA NA NA NA NA NA NA NA NA NA NA NA NA NA NA NA NA NA NA NA NA NA NA NA NA NA NA NA NA NA NA NA NA NA NA NA NA NA NA NA NA NA NA NA NA NA NA NA NA NA NA NA NA NA NA NA NA NA NA NA NA NA NA NA NA NA NA NA NA NA NA NA NA NA NA NA NA NA NA NA NA NA NA NA NA NA NA NA NA NA NA NA NA NA NA NA NA NA NA NA NA NA NA NA NA NA NA NA NA NA NA NA NA NA NA NA NA NA NA NA NA NA NA NA NA NA NA NA NA NA NA NA NA NA NA NA NA NA NA NA NA NA NA NA NA NA NA NA NA NA NA NA NA NA NA NA NA NA NA NA NA NA NA NA NA NA NA NA NA NA NA NA NA NA NA NA NA NA NA NA NA NA NA NA NA NA NA NA NA NA NA NA NA 346 346 347 347 347 347 NA NA NA NA NA NA NA NA NA NA NA NA NA NA NA NA NA NA NA NA NA NA NA NA NA NA NA NA NA NA NA NA NA NA NA NA NA NA NA NA NA NA NA NA NA NA NA NA NA NA NA NA NA NA NA NA NA NA NA NA NA NA NA NA NA NA NA NA NA NA NA NA NA NA NA NA NA NA NA NA NA NA NA NA NA NA NA NA NA NA NA NA NA NA NA NA NA NA NA NA NA NA NA NA NA NA NA NA NA NA NA NA NA NA NA NA NA NA NA NA NA NA NA NA NA NA NA NA NA NA NA NA NA NA NA NA NA NA NA NA NA NA NA NA NA NA NA NA NA NA NA NA NA NA NA
NA NA NA NA NA NA NA NA NA NA NA NA NA NA NA NA NA NA NA NA NA NA NA NA NA NA NA NA NA NA NA NA NA NA NA NA NA NA NA NA NA NA NA NA NA NA NA NA NA NA NA NA NA NA NA NA NA NA NA NA NA NA NA NA NA NA NA NA NA NA NA NA NA NA NA NA NA NA NA NA NA NA NA NA NA NA NA NA NA NA NA NA NA NA NA NA NA NA NA NA NA NA NA NA NA NA NA NA NA NA NA NA NA NA NA NA NA NA NA NA NA NA NA NA NA NA NA NA NA NA NA NA NA NA NA NA NA NA NA NA NA NA NA NA NA NA NA NA NA NA NA NA NA NA NA NA NA NA NA NA NA NA NA NA NA NA NA NA NA NA NA NA NA NA NA NA NA NA NA NA NA NA NA NA NA NA NA NA NA NA NA NA NA NA NA NA NA NA NA NA NA NA NA NA NA NA NA NA NA NA NA NA NA NA NA NA NA NA NA NA NA NA NA NA NA NA NA NA NA NA NA NA NA NA NA NA NA NA NA NA NA NA NA NA NA NA NA NA NA NA NA NA NA NA NA NA NA NA NA NA NA NA NA NA NA NA NA NA NA NA NA NA NA NA NA NA NA NA NA NA NA NA NA NA NA NA NA NA NA NA NA NA NA NA NA NA NA NA NA NA NA NA NA NA NA NA NA NA NA NA NA NA NA NA NA NA NA NA NA NA NA NA NA NA NA NA NA NA NA NA NA NA NA NA NA NA NA NA NA NA NA NA NA NA NA 347 347 NA NA NA NA NA NA NA NA NA NA NA NA NA NA NA NA NA NA NA NA NA NA NA NA NA NA NA NA NA NA NA NA NA NA NA NA NA NA NA NA NA NA NA NA NA NA NA NA NA NA NA NA NA NA NA NA NA NA NA NA NA NA NA NA NA NA NA NA NA NA NA NA NA NA NA NA NA NA NA NA NA NA NA NA NA NA NA NA NA NA NA NA NA NA NA NA NA NA NA NA NA NA NA NA NA NA NA NA NA NA NA NA NA NA NA NA NA NA NA NA NA NA NA NA NA NA NA NA NA NA NA NA NA NA NA NA NA NA NA NA NA NA NA NA NA NA NA NA NA NA NA NA NA NA NA NA
